date,open,high,low,close,volume,dividend,split
1993-06-28,2.49115,2.71407,2.36994,2.58171,100715518,0.0,1.0
1993-06-29,2.59286,2.96765,2.59286,2.92027,106717265,0.0,1.0
1993-06-30,2.98854,3.0596,2.71686,2.77259,72775311,0.0,1.0
1993-07-01,2.75866,2.75866,2.5218,2.61097,36101636,0.0,1.0
1993-07-02,2.62072,2.65416,2.53434,2.54409,14889529,0.0,1.0
1993-07-05,2.53295,2.53295,2.34764,2.38248,21305413,0.0,1.0
1993-07-06,2.34068,2.34068,2.20135,2.20275,21818597,0.0,1.0
1993-07-07,2.15955,2.28495,2.11079,2.26405,15211795,0.0,1.0
1993-07-08,2.28216,2.29191,2.19996,2.21807,8339428,0.0,1.0
1993-07-09,2.22922,2.22922,2.08989,2.108,10644811,0.0,1.0
1993-07-12,2.02023,2.20135,2.02023,2.14562,15312996,0.0,1.0
1993-07-13,2.20135,2.26405,2.12054,2.18881,12144889,0.0,1.0
1993-07-14,2.21528,2.27102,2.01884,2.05506,12142736,0.0,1.0
1993-07-15,2.03555,2.11497,2.02162,2.05924,4157154,0.0,1.0
1993-07-16,2.08989,2.10104,2.04809,2.05506,4439944,0.0,1.0
1993-07-19,2.05506,2.08989,2.0063,2.02441,2940583,0.0,1.0
1993-07-20,1.95196,2.04809,1.9018,1.93524,6433827,0.0,1.0
1993-07-21,1.99933,2.0063,1.92549,1.93803,2932688,0.0,1.0
1993-07-22,1.94917,1.95057,1.89483,1.95057,1846747,0.0,1.0
1993-07-23,1.95196,1.9645,1.93942,1.95057,2401560,0.0,1.0
1993-07-26,1.94917,1.94917,1.8809,1.88369,2596068,0.0,1.0
1993-07-27,1.87812,1.97843,1.86418,1.94081,4257637,0.0,1.0
1993-07-28,1.9436,2.08571,1.94081,1.984,11599406,0.0,1.0
1993-07-29,2.06203,2.07317,1.99236,2.07039,8905008,0.0,1.0
1993-07-30,2.14562,2.49115,2.06899,2.42427,63940642,0.0,1.0
1993-08-02,2.5636,2.5636,2.20135,2.24315,51983800,0.0,1.0
1993-08-03,2.21668,2.31281,2.16234,2.18045,18355499,0.0,1.0
1993-08-04,2.18324,2.29191,2.13587,2.24315,12089623,0.0,1.0
1993-08-05,2.28355,2.34068,2.20135,2.24454,22898079,0.0,1.0
1993-08-06,2.22922,2.32396,2.22922,2.29191,10112965,0.0,1.0
1993-08-09,2.39641,2.48,2.33789,2.46607,32194974,0.0,1.0
1993-08-10,2.49394,2.51762,2.32814,2.34068,33932624,0.0,1.0
1993-08-11,2.32675,2.41173,2.32675,2.40059,8742799,0.0,1.0
1993-08-12,2.45911,2.48,2.41173,2.45911,16736994,0.0,1.0
1993-08-13,2.48697,2.5845,2.45353,2.57335,37471803,0.0,1.0
1993-08-16,2.64441,2.88405,2.6054,2.85618,43080228,0.0,1.0
1993-08-17,2.92585,2.95371,2.67367,2.73358,60836413,0.0,1.0
1993-08-18,2.74472,2.81578,2.64998,2.64998,32423215,0.0,1.0
1993-08-19,2.65138,2.82832,2.65138,2.79906,31592071,0.0,1.0
1993-08-20,2.81439,2.84225,2.68203,2.73079,26367637,0.0,1.0
1993-08-23,2.71268,2.73079,2.56917,2.57057,25369260,0.0,1.0
1993-08-24,2.53434,2.61236,2.48279,2.57057,18453112,0.0,1.0
1993-08-25,2.61794,2.66113,2.5845,2.61933,15966858,0.0,1.0
1993-08-26,2.6472,2.6472,2.54409,2.5845,6331190,0.0,1.0
1993-08-27,2.5845,2.61654,2.4814,2.53156,9955780,0.0,1.0
1993-08-30,2.50787,2.61654,2.50787,2.57057,7586518,0.0,1.0
1993-08-31,2.57893,2.62908,2.56081,2.56639,3618848,0.0,1.0
1993-09-01,2.57335,2.58729,2.53573,2.54688,2875269,0.0,1.0
1993-09-02,2.54827,2.62212,2.5427,2.62212,2754689,0.0,1.0
1993-09-03,2.63326,2.71686,2.59565,2.69596,14887376,0.0,1.0
1993-09-06,2.75866,2.78095,2.71686,2.77677,19821843,0.0,1.0
1993-09-07,2.68899,2.78513,2.6472,2.6472,13156903,0.0,1.0
1993-09-08,2.66113,2.69317,2.59147,2.63744,8344453,0.0,1.0
1993-09-09,2.64859,2.68203,2.59147,2.59982,5268216,0.0,1.0
1993-09-10,2.59843,2.64302,2.58868,2.61794,3814074,0.0,1.0
1993-09-13,2.53713,2.58868,2.50787,2.54967,10326852,0.0,1.0
1993-09-14,2.53852,2.54967,2.48836,2.52877,3703542,0.0,1.0
1993-09-15,2.5218,2.55663,2.5218,2.54688,1835981,0.0,1.0
1993-09-16,2.54688,2.55106,2.52738,2.53016,1975940,0.0,1.0
1993-09-17,2.5218,2.57335,2.50787,2.55663,1983835,0.0,1.0
1993-09-20,2.54967,2.57614,2.53713,2.55245,1451989,0.0,1.0
1993-09-21,2.57057,2.6249,2.57057,2.58868,3219067,0.0,1.0
1993-09-22,2.60122,2.60122,2.56499,2.56639,1113933,0.0,1.0
1993-09-23,2.57475,2.61097,2.57335,2.57753,1830239,0.0,1.0
1993-09-24,2.5218,2.69317,2.5218,2.54549,4920830,0.0,1.0
1993-09-27,2.56081,2.57057,2.53573,2.54409,2154657,0.0,1.0
1993-09-28,2.57196,2.58171,2.53852,2.57475,2781245,0.0,1.0
1993-09-29,2.59147,2.6249,2.51066,2.53573,1741239,0.0,1.0
1993-09-30,2.56081,2.57057,2.51484,2.53573,2883882,0.0,1.0
1993-10-01,2.56081,2.57057,2.51484,2.53573,0,0.0,1.0
1993-10-04,2.57057,2.60261,2.5218,2.55663,2802059,0.0,1.0
1993-10-05,2.54967,2.54967,2.52041,2.53016,2232173,0.0,1.0
1993-10-06,2.5218,2.6472,2.50508,2.59286,5934997,0.0,1.0
1993-10-07,2.59425,2.8116,2.52598,2.54827,26127912,0.0,1.0
1993-10-08,2.60818,2.61933,2.50508,2.5218,9141145,0.0,1.0
1993-10-11,2.51902,2.57475,2.50787,2.51902,4104759,0.0,1.0
1993-10-12,2.51902,2.55524,2.5009,2.51344,2919769,0.0,1.0
1993-10-13,2.52877,2.53573,2.49254,2.49394,3048244,0.0,1.0
1993-10-14,2.48697,2.49115,2.43821,2.47861,3437260,0.0,1.0
1993-10-15,2.47722,2.56221,2.45214,2.48697,3162365,0.0,1.0
1993-10-18,2.48,2.48,2.42427,2.43821,2163988,0.0,1.0
1993-10-19,2.45214,2.49254,2.41731,2.42985,2219254,0.0,1.0
1993-10-20,2.43821,2.5218,2.43124,2.49394,5224434,0.0,1.0
1993-10-21,2.50787,2.53573,2.42567,2.43821,4264815,0.0,1.0
1993-10-22,2.44517,2.71686,2.41173,2.48697,67972908,0.0,1.0
1993-10-25,2.41034,2.50369,2.35461,2.38248,19690496,0.0,1.0
1993-10-26,2.43681,2.43821,2.35322,2.38248,9873958,0.0,1.0
1993-10-27,2.46329,2.5636,2.38387,2.40338,19633077,0.0,1.0
1993-10-28,2.43821,2.53573,2.41731,2.50787,14973505,0.0,1.0
1993-10-29,2.55106,2.55663,2.43821,2.45911,10978561,0.0,1.0
1993-11-01,2.42427,2.50787,2.42427,2.45771,4060976,0.0,1.0
1993-11-02,2.49672,2.53295,2.42427,2.45493,11082633,0.0,1.0
1993-11-03,2.46607,2.48,2.43542,2.4396,2314714,0.0,1.0
1993-11-04,2.43821,2.47025,2.41034,2.43124,2716648,0.0,1.0
1993-11-05,2.45214,2.48,2.42427,2.45353,2852301,0.0,1.0
1993-11-08,2.48,2.5218,2.46607,2.50508,5077297,0.0,1.0
1993-11-09,2.50926,2.51902,2.47582,2.5009,2871680,0.0,1.0
1993-11-10,2.49533,2.56639,2.42427,2.5009,13089436,0.0,1.0
1993-11-11,2.5427,2.63048,2.53573,2.59286,20861131,0.0,1.0
1993-11-12,2.6472,2.75726,2.63466,2.70153,33754624,0.0,1.0
1993-11-15,2.7712,2.82693,2.74194,2.76562,29302479,0.0,1.0
1993-11-16,2.75587,2.78374,2.69735,2.73079,14035418,0.0,1.0
1993-11-17,2.75866,2.7698,2.73079,2.73915,7454454,0.0,1.0
1993-11-18,2.76005,2.91888,2.74612,2.91052,24861818,0.0,1.0
1993-11-19,2.93699,2.99272,2.86454,2.97183,30895863,0.0,1.0
1993-11-22,3.01362,3.48315,3.00944,3.46922,46659601,0.0,1.0
1993-11-23,3.53192,3.88441,3.51798,3.69911,90433884,0.0,1.0
1993-11-24,3.63641,3.73394,3.53888,3.58765,41454545,0.0,1.0
1993-11-25,3.62109,4.0934,3.60855,4.03906,69475857,0.0,1.0
1993-11-26,4.12684,4.17282,3.8036,3.85237,70319203,0.0,1.0
1993-11-29,3.90252,4.03628,3.84819,3.97079,44179807,0.0,1.0
1993-11-30,4.02652,4.10315,3.93178,4.01259,25207769,0.0,1.0
1993-12-01,4.04046,4.06693,3.90113,3.93596,22674144,0.0,1.0
1993-12-02,3.89416,3.9903,3.85933,3.90252,16855421,0.0,1.0
1993-12-03,3.94432,4.06554,3.90113,4.06136,18620345,0.0,1.0
1993-12-06,4.11709,4.38877,4.07947,4.29821,45115740,0.0,1.0
1993-12-07,4.38877,4.549,4.35812,4.45844,33589544,0.0,1.0
1993-12-08,4.4863,4.5072,4.17978,4.26338,32534465,0.0,1.0
1993-12-09,4.26338,4.26338,3.97079,4.08225,31062379,0.0,1.0
1993-12-10,4.08225,4.10733,3.90252,4.01538,28373005,0.0,1.0
1993-12-13,3.90113,3.90113,3.62805,3.66149,22697830,0.0,1.0
1993-12-14,3.60994,3.73115,3.53749,3.55978,15624496,0.0,1.0
1993-12-15,3.58068,3.69214,3.48455,3.67821,15107005,0.0,1.0
1993-12-16,3.70747,3.75902,3.50405,3.50544,17825806,0.0,1.0
1993-12-17,3.48315,3.62109,3.46643,3.52495,15628084,0.0,1.0
1993-12-20,2.39084,2.50648,2.22922,2.33232,26005896,0.0,1.0
1993-12-21,2.3978,2.78513,2.31978,2.7712,47514430,0.0,1.0
1993-12-22,2.74472,2.90913,2.64859,2.70989,91870083,0.0,1.0
1993-12-23,2.73079,2.85618,2.73079,2.78652,30505412,0.0,1.0
1993-12-24,2.85201,2.8534,2.75866,2.79349,15612294,0.0,1.0
1993-12-27,2.83947,2.88405,2.82275,2.86733,19011514,0.0,1.0
1993-12-28,2.89798,2.96765,2.85618,2.89102,28215102,0.0,1.0
1993-12-29,2.88405,2.89102,2.78792,2.7907,12409735,0.0,1.0
1993-12-30,2.77259,2.83947,2.74472,2.78931,9039943,0.0,1.0
1993-12-31,2.7698,2.90913,2.73079,2.89102,19191667,0.0,1.0
1994-01-03,2.91192,2.99272,2.87708,2.96625,31453239,0.0,1.0
1994-01-04,2.99551,3.13344,2.97461,3.12787,39362332,0.0,1.0
1994-01-05,3.12508,3.25744,3.05403,3.23794,50228925,0.0,1.0
1994-01-06,3.23237,3.3703,3.21147,3.27416,70929282,0.0,1.0
1994-01-07,3.27416,3.31457,3.21983,3.2672,38315148,0.0,1.0
1994-01-10,3.32293,3.42742,3.30899,3.42742,39950879,0.0,1.0
1994-01-11,3.45529,3.53052,3.42464,3.49569,57632419,0.0,1.0
1994-01-12,3.51102,3.58765,3.48455,3.51938,29697236,0.0,1.0
1994-01-13,3.51798,3.55978,3.49709,3.53749,20512309,0.0,1.0
1994-01-14,3.52495,3.5361,3.27416,3.32293,89940078,0.0,1.0
1994-01-17,3.37169,3.40513,3.34383,3.35776,28135433,0.0,1.0
1994-01-18,3.34104,3.34104,3.16549,3.23933,31320766,0.0,1.0
1994-01-19,3.23237,3.23237,3.06517,3.13484,25568074,0.0,1.0
1994-01-20,3.06517,3.21147,2.9983,3.19475,33976406,0.0,1.0
1994-01-21,3.19057,3.24351,3.15992,3.20589,19524698,0.0,1.0
1994-01-24,3.2881,3.33547,3.26023,3.32711,23285659,0.0,1.0
1994-01-25,3.32711,3.32711,3.2045,3.21843,14253611,0.0,1.0
1994-01-26,3.19057,3.25187,3.17663,3.19753,6537182,0.0,1.0
1994-01-27,3.19753,3.25466,3.19753,3.2463,5204337,0.0,1.0
1994-01-28,3.23237,3.2463,3.12926,3.19753,11155843,0.0,1.0
1994-01-31,3.06517,3.1432,3.06239,3.10558,14255047,0.0,1.0
1994-02-01,3.06517,3.10001,3.03174,3.0387,8414791,0.0,1.0
1994-02-02,3.02477,3.10558,3.02477,3.09304,6425932,0.0,1.0
1994-02-03,3.10697,3.17246,3.09304,3.11394,9097362,0.0,1.0
1994-02-04,3.1209,3.1836,3.11394,3.16131,10519924,0.0,1.0
1994-02-07,3.1209,3.1836,3.11394,3.16131,0,0.0,1.0
1994-02-08,3.1209,3.1836,3.11394,3.16131,0,0.0,1.0
1994-02-09,3.1209,3.1836,3.11394,3.16131,0,0.0,1.0
1994-02-10,3.1209,3.1836,3.11394,3.16131,0,0.0,1.0
1994-02-11,3.1209,3.1836,3.11394,3.16131,0,0.0,1.0
1994-02-14,3.23237,3.26023,3.06517,3.06796,8119082,0.0,1.0
1994-02-15,3.06796,3.09304,3.02059,3.04567,4456452,0.0,1.0
1994-02-16,3.06239,3.09304,3.05124,3.06517,2559463,0.0,1.0
1994-02-17,3.06517,3.07911,3.01641,3.02338,3313808,0.0,1.0
1994-02-18,3.05124,3.11254,3.04428,3.05681,6010360,0.0,1.0
1994-02-21,3.05124,3.06517,2.97879,2.98715,3539179,0.0,1.0
1994-02-22,3.00944,3.10697,2.97879,3.06517,6407271,0.0,1.0
1994-02-23,3.06517,3.06517,3.01223,3.02338,2126665,0.0,1.0
1994-02-24,3.02338,3.02616,2.96765,2.99551,5460571,0.0,1.0
1994-02-25,3.02338,3.25326,3.02338,3.21147,29026149,0.0,1.0
1994-02-28,3.2045,3.27277,3.04985,3.04985,32769884,0.0,1.0
1994-03-01,3.06517,3.13066,3.01223,3.04149,10217756,0.0,1.0
1994-03-02,3.05124,3.05821,2.98854,2.99551,7591543,0.0,1.0
1994-03-03,2.98158,3.06517,2.95371,3.00387,9242346,0.0,1.0
1994-03-04,2.98158,3.03731,2.96765,2.98158,5220128,0.0,1.0
1994-03-07,2.95371,2.98158,2.92724,2.98158,1205087,0.0,1.0
1994-03-08,3.01084,3.03592,2.91331,2.94535,7033858,0.0,1.0
1994-03-09,2.96765,3.03034,2.92585,2.94675,11608737,0.0,1.0
1994-03-10,2.95371,3.07911,2.85758,2.89798,21890371,0.0,1.0
1994-03-11,2.89798,2.95093,2.85618,2.89798,9655047,0.0,1.0
1994-03-14,3.06517,3.10837,2.9969,3.1014,27134184,0.0,1.0
1994-03-15,3.14598,3.17663,3.00248,3.01223,17370041,0.0,1.0
1994-03-16,2.99551,3.1209,2.98158,3.06517,14049773,0.0,1.0
1994-03-17,3.11812,3.1209,2.99551,3.02338,11906599,0.0,1.0
1994-03-18,3.00248,3.22958,2.9969,3.15574,51846712,0.0,1.0
1994-03-21,3.13484,3.13484,2.98158,2.98158,17514307,0.0,1.0
1994-03-22,2.95511,3.00526,2.95511,2.98158,5113184,0.0,1.0
1994-03-23,2.98854,2.99272,2.89798,2.89798,8926540,0.0,1.0
1994-03-24,2.85758,2.99133,2.85758,2.96765,12121921,0.0,1.0
1994-03-25,3.06517,3.14598,2.89798,2.91888,36106660,0.0,1.0
1994-03-28,2.88544,2.97601,2.87151,2.87151,9731845,0.0,1.0
1994-03-29,2.88405,2.99551,2.87708,2.91052,5263192,0.0,1.0
1994-03-30,2.96765,2.96765,2.87708,2.88544,4784459,0.0,1.0
1994-03-31,2.89102,2.91052,2.85618,2.8729,3603776,0.0,1.0
1994-04-01,2.8743,2.87708,2.82832,2.85479,3500421,0.0,1.0
1994-04-04,2.78652,2.8534,2.76005,2.78095,6609673,0.0,1.0
1994-04-05,2.78652,2.81439,2.77538,2.78095,2664253,0.0,1.0
1994-04-06,2.78374,2.78652,2.73218,2.75587,3099204,0.0,1.0
1994-04-07,2.74472,2.7698,2.6667,2.69596,3388454,0.0,1.0
1994-04-08,2.67506,2.70293,2.6458,2.66113,6442440,0.0,1.0
1994-04-11,2.57753,2.63048,2.48,2.5009,6879544,0.0,1.0
1994-04-12,2.48697,2.68899,2.41034,2.67506,15050303,0.0,1.0
1994-04-13,2.70989,2.71129,2.50787,2.54688,19455795,0.0,1.0
1994-04-14,2.50648,2.5636,2.48697,2.49115,7824808,0.0,1.0
1994-04-15,2.48,2.55663,2.38387,2.51484,11883632,0.0,1.0
1994-04-18,2.49254,2.49394,2.41452,2.41452,4529661,0.0,1.0
1994-04-19,2.38666,2.41034,2.26405,2.28495,5846715,0.0,1.0
1994-04-20,2.23618,2.32257,2.16373,2.20414,19912996,0.0,1.0
1994-04-21,2.24454,2.4187,2.23061,2.36715,20378810,0.0,1.0
1994-04-22,2.36715,2.40755,2.25012,2.28077,18460289,0.0,1.0
1994-04-25,2.27241,2.32396,2.232,2.24315,5999594,0.0,1.0
1994-04-26,2.28495,2.35461,2.27102,2.34068,4917959,0.0,1.0
1994-04-27,2.38248,2.38248,2.32396,2.36297,8276985,0.0,1.0
1994-04-28,2.39502,2.39641,2.30027,2.30027,8087501,0.0,1.0
1994-04-29,2.31978,2.34346,2.28495,2.31281,6307505,0.0,1.0
1994-05-02,2.31978,2.34346,2.28495,2.31281,0,0.0,1.0
1994-05-03,2.29191,2.34068,2.27798,2.32675,5317740,0.0,1.0
1994-05-04,2.36854,2.39641,2.34346,2.36854,7598720,0.0,1.0
1994-05-05,2.34764,2.35182,2.23618,2.25987,5424684,0.0,1.0
1994-05-06,2.26405,2.28216,2.20275,2.24036,3607364,0.0,1.0
1994-05-09,2.28495,2.29609,2.20275,2.2334,3246341,0.0,1.0
1994-05-10,2.26823,2.28216,2.22643,2.2543,2485536,0.0,1.0
1994-05-11,2.28495,2.28495,2.23618,2.23618,2517116,0.0,1.0
1994-05-12,2.21528,2.24733,2.17349,2.20971,2935559,0.0,1.0
1994-05-13,2.20135,2.21528,2.18045,2.21528,2367826,0.0,1.0
1994-05-16,2.15955,2.18045,2.10104,2.1289,9615571,0.0,1.0
1994-05-17,2.1289,2.15398,2.11776,2.11776,3679856,0.0,1.0
1994-05-18,2.11776,2.11776,2.04809,2.04809,7806865,0.0,1.0
1994-05-19,1.99236,2.18603,1.98679,2.18603,47950816,0.0,1.0
1994-05-20,2.19857,2.27102,2.13448,2.20135,45623901,0.0,1.0
1994-05-23,2.22504,2.24315,2.16095,2.16652,18105725,0.0,1.0
1994-05-24,2.11079,2.19021,2.11079,2.17349,5833078,0.0,1.0
1994-05-25,2.18045,2.19299,2.14284,2.18045,6920455,0.0,1.0
1994-05-26,2.17906,2.1916,2.11776,2.14562,6087876,0.0,1.0
1994-05-27,2.11776,2.14144,2.0885,2.09686,7879357,0.0,1.0
1994-05-30,2.07457,2.08293,2.02023,2.02023,7615228,0.0,1.0
1994-05-31,2.02162,2.10382,2.02162,2.09128,5858917,0.0,1.0
1994-06-01,2.07596,2.11218,2.03416,2.04949,3748759,0.0,1.0
1994-06-02,2.06203,2.0885,2.02719,2.05088,3864316,0.0,1.0
1994-06-03,2.06342,2.14562,2.06342,2.07039,9133249,0.0,1.0
1994-06-06,2.08989,2.10104,2.06203,2.07596,3449461,0.0,1.0
1994-06-07,2.07596,2.07596,2.0258,2.04113,3734404,0.0,1.0
1994-06-08,2.02023,2.06899,2.01744,2.06481,2203464,0.0,1.0
1994-06-09,2.06203,2.07457,2.02301,2.02719,2377157,0.0,1.0
1994-06-10,2.02023,2.04809,2.01048,2.02023,2704447,0.0,1.0
1994-06-13,2.00351,2.01466,1.97843,1.98122,4706225,0.0,1.0
1994-06-14,1.97843,2.0063,1.9631,1.984,3580090,0.0,1.0
1994-06-15,1.98958,2.00351,1.97843,1.99933,2031924,0.0,1.0
1994-06-16,1.99933,2.01466,1.97843,2.01326,2098674,0.0,1.0
1994-06-17,2.02023,2.09686,2.0063,2.0885,7463785,0.0,1.0
1994-06-20,2.05785,2.09825,1.97564,1.9854,6150319,0.0,1.0
1994-06-21,1.9854,1.99794,1.96589,1.99236,1851053,0.0,1.0
1994-06-22,1.99236,2.02719,1.984,2.01744,1896988,0.0,1.0
1994-06-23,2.02023,2.02719,1.9854,1.99933,2406584,0.0,1.0
1994-06-24,2.00769,2.00769,1.97564,1.97564,2007521,0.0,1.0
1994-06-27,2.00769,2.00769,1.91295,1.9645,6313964,0.0,1.0
1994-06-28,1.96171,1.97146,1.94221,1.9645,2614729,0.0,1.0
1994-06-29,1.96868,1.97982,1.93663,1.97146,2462568,0.0,1.0
1994-06-30,1.96171,1.97843,1.93385,1.97843,1731908,0.0,1.0
1994-07-01,1.99236,1.99515,1.93663,1.96171,2113746,0.0,1.0
1994-07-04,1.93385,1.93385,1.83632,1.85164,3239881,0.0,1.0
1994-07-05,1.83632,1.84607,1.77223,1.81124,4063847,0.0,1.0
1994-07-06,1.81124,1.82239,1.70117,1.70814,2280262,0.0,1.0
1994-07-07,1.70814,1.73461,1.65101,1.71092,7829115,0.0,1.0
1994-07-08,1.7165,1.78337,1.69699,1.76944,5678046,0.0,1.0
1994-07-11,1.75551,1.76665,1.69699,1.69978,6054860,0.0,1.0
1994-07-12,1.69839,1.71371,1.68585,1.69699,1927851,0.0,1.0
1994-07-13,1.71371,1.73879,1.69699,1.7374,1823061,0.0,1.0
1994-07-14,1.74158,1.75412,1.69978,1.70256,4248307,0.0,1.0
1994-07-15,1.69699,1.71092,1.59946,1.60225,4587798,0.0,1.0
1994-07-18,1.56045,1.56045,1.50472,1.5089,4933031,0.0,1.0
1994-07-19,1.50751,1.54652,1.46292,1.51865,4062412,0.0,1.0
1994-07-20,1.52283,1.52562,1.46571,1.47686,3335341,0.0,1.0
1994-07-21,1.45317,1.46571,1.42113,1.4267,5983086,0.0,1.0
1994-07-22,1.40719,1.42113,1.35425,1.364,6165392,0.0,1.0
1994-07-25,1.33753,1.42113,1.33753,1.42113,9053580,0.0,1.0
1994-07-26,1.42809,1.47268,1.38351,1.46571,13633483,0.0,1.0
1994-07-27,1.46292,1.46989,1.37933,1.37933,12120486,0.0,1.0
1994-07-28,1.3654,1.37236,1.23025,1.24,10702231,0.0,1.0
1994-07-29,1.23304,1.24697,1.18567,1.21074,8852613,0.0,1.0
1994-08-01,1.40719,1.71092,1.36261,1.66077,47768510,0.0,1.0
1994-08-02,1.67888,1.8809,1.60364,1.61618,70149098,0.0,1.0
1994-08-03,1.61618,1.93385,1.61618,1.92827,46747883,0.0,1.0
1994-08-04,2.02023,2.08989,1.86697,1.984,126251294,0.0,1.0
1994-08-05,2.02023,2.28216,1.99236,2.24454,74664404,0.0,1.0
1994-08-08,2.38526,2.43124,2.11776,2.31003,78303349,0.0,1.0
1994-08-09,2.29888,2.29888,2.06203,2.0885,34383365,0.0,1.0
1994-08-10,2.10382,2.5218,2.06203,2.50787,83160300,0.0,1.0
1994-08-11,2.55942,2.61794,2.36576,2.38248,115485185,0.0,1.0
1994-08-12,2.35461,2.53156,2.35461,2.36854,55614133,0.0,1.0
1994-08-15,2.29888,2.46468,2.25708,2.32396,30954000,0.0,1.0
1994-08-16,2.36854,2.53573,2.35182,2.48697,72638223,0.0,1.0
1994-08-17,2.53573,2.78652,2.51066,2.78652,124674418,0.0,1.0
1994-08-18,2.78652,2.94396,2.69039,2.79349,107040249,0.0,1.0
1994-08-19,2.83947,2.92027,2.67506,2.70989,77775810,0.0,1.0
1994-08-22,2.60261,2.66113,2.5023,2.59147,56021092,0.0,1.0
1994-08-23,2.78652,2.81857,2.6054,2.78652,89166354,0.0,1.0
1994-08-24,2.78652,3.10001,2.76423,2.98854,139504375,0.0,1.0
1994-08-25,3.00944,3.13205,2.98994,3.10697,99573593,0.0,1.0
1994-08-26,3.13484,3.17385,3.03452,3.06239,78950751,0.0,1.0
1994-08-29,3.13205,3.27416,3.02338,3.18917,101841653,0.0,1.0
1994-08-30,3.48315,3.90113,3.48315,3.67682,144628325,0.0,1.0
1994-08-31,3.73394,3.75623,3.59461,3.62248,79590258,0.0,1.0
1994-09-01,3.69214,3.9694,3.66567,3.81893,106931152,0.0,1.0
1994-09-02,3.87466,4.13799,3.87327,4.11012,70497920,0.0,1.0
1994-09-05,4.59776,4.72315,4.45844,4.65628,87053325,0.0,1.0
1994-09-06,4.86248,5.11884,4.66742,4.94747,89858973,0.0,1.0
1994-09-07,4.66464,4.96001,4.55736,4.66046,80880756,0.0,1.0
1994-09-08,4.77889,5.05057,4.72315,4.921,73617938,0.0,1.0
1994-09-09,4.96001,5.02967,4.77192,4.78864,48089340,0.0,1.0
1994-09-12,4.90428,4.94608,4.80675,4.91821,28546698,0.0,1.0
1994-09-13,4.94608,5.10769,4.8374,4.91264,48417347,0.0,1.0
1994-09-14,4.90428,4.94608,4.66742,4.70922,37857947,0.0,1.0
1994-09-15,4.82765,4.84576,4.55039,4.70922,35556153,0.0,1.0
1994-09-16,4.73709,4.79978,4.64095,4.69947,20907067,0.0,1.0
1994-09-19,4.55875,4.73987,4.48351,4.52531,23357433,0.0,1.0
1994-09-20,4.4863,4.57686,4.41664,4.43057,25270930,0.0,1.0
1994-09-21,4.50581,4.61169,4.50163,4.61169,20175689,0.0,1.0
1994-09-22,4.66742,4.66742,4.33304,4.40967,18143048,0.0,1.0
1994-09-23,4.31214,4.36091,4.13799,4.15192,34803243,0.0,1.0
1994-09-26,4.15192,4.21461,4.05578,4.19372,21080760,0.0,1.0
1994-09-27,4.17978,4.26059,4.14077,4.15192,16936526,0.0,1.0
1994-09-28,4.19372,4.47515,4.18814,4.46958,36791385,0.0,1.0
1994-09-29,4.51417,4.55596,4.02652,4.16585,50569851,0.0,1.0
1994-09-30,4.12405,4.22158,4.01259,4.06414,46807455,0.0,1.0
1994-10-03,4.12405,4.22158,4.01259,4.06414,0,0.0,1.0
1994-10-04,4.12405,4.22158,4.01259,4.06414,0,0.0,1.0
1994-10-05,4.00981,4.04185,3.66567,3.74509,41273675,0.0,1.0
1994-10-06,3.83007,3.88441,3.48455,3.5152,32088748,0.0,1.0
1994-10-07,3.44135,3.97079,2.89798,3.7618,122891550,0.0,1.0
1994-10-10,3.55282,3.83007,3.45529,3.65174,92545477,0.0,1.0
1994-10-11,3.7618,3.81196,3.69214,3.69214,27139209,0.0,1.0
1994-10-12,3.74787,3.78688,3.6796,3.69353,13177000,0.0,1.0
1994-10-13,3.69214,3.69214,3.31596,3.33268,36822247,0.0,1.0
1994-10-14,3.21843,3.55282,3.09722,3.49709,55703132,0.0,1.0
1994-10-17,3.27416,3.37866,3.2463,3.26023,15331658,0.0,1.0
1994-10-18,3.34243,3.39677,3.26302,3.29506,9873958,0.0,1.0
1994-10-19,3.33965,3.46225,3.32293,3.42742,14861537,0.0,1.0
1994-10-20,3.48315,3.76041,3.46922,3.74787,46433512,0.0,1.0
1994-10-21,3.83147,3.89556,3.69493,3.72001,66335024,0.0,1.0
1994-10-24,3.87048,3.98055,3.83147,3.98055,54549723,0.0,1.0
1994-10-25,4.02652,4.0307,3.7618,3.83147,40192040,0.0,1.0
1994-10-26,3.48455,3.56396,3.31596,3.32989,51771349,0.0,1.0
1994-10-27,3.34383,3.41349,3.27416,3.37726,22165266,0.0,1.0
1994-10-28,3.34243,3.36891,3.2463,3.2463,15193851,0.0,1.0
1994-10-31,3.03731,3.09025,2.99551,3.03592,13016226,0.0,1.0
1994-11-01,3.13484,3.13484,2.99551,3.09304,7912373,0.0,1.0
1994-11-02,3.06657,3.08607,3.03592,3.06657,9497862,0.0,1.0
1994-11-03,3.13484,3.39956,3.09025,3.35079,45620312,0.0,1.0
1994-11-04,3.3703,3.3703,3.04149,3.10001,29096487,0.0,1.0
1994-11-07,3.0192,3.20171,2.9969,3.1627,18934716,0.19672,1.0
1994-11-08,3.48315,3.67124,3.42464,3.52216,115532556,0.0,1.0
1994-11-09,3.45529,3.64059,3.42464,3.61969,46226803,0.0,1.0
1994-11-10,3.68518,3.70607,3.51102,3.51102,44347040,0.0,1.0
1994-11-11,3.61551,3.61551,3.48315,3.60158,19036635,0.0,1.0
1994-11-14,3.62248,3.62248,3.55421,3.56675,10153159,0.0,1.0
1994-11-15,3.49709,3.54306,3.41488,3.42742,15431424,0.0,1.0
1994-11-16,3.37169,3.4525,3.31875,3.36891,17536557,0.0,1.0
1994-11-17,3.38562,3.48037,3.31596,3.34383,19328037,0.0,1.0
1994-11-18,3.32989,3.3703,3.30203,3.35776,6369948,0.0,1.0
1994-11-21,3.32989,3.39816,3.32432,3.39538,3190357,0.0,1.0
1994-11-22,3.39538,3.42324,3.32014,3.34383,5162708,0.0,1.0
1994-11-23,3.34243,3.34243,3.2254,3.23515,7735808,0.0,1.0
1994-11-24,3.20589,3.26023,3.2045,3.22261,4274145,0.0,1.0
1994-11-25,3.34383,3.35776,3.2254,3.23237,7755187,0.0,1.0
1994-11-28,3.23237,3.23933,3.2045,3.21843,3271462,0.0,1.0
1994-11-29,3.14598,3.26023,3.14598,3.25884,4812451,0.0,1.0
1994-11-30,3.2672,3.2672,3.2045,3.23237,3102793,0.0,1.0
1994-12-01,3.2463,3.2463,3.21147,3.21147,1346481,0.0,1.0
1994-12-02,3.21286,3.23794,3.15713,3.16967,2149633,0.0,1.0
1994-12-05,3.16967,3.1836,3.05124,3.06378,5043563,0.0,1.0
1994-12-06,3.02338,3.04845,2.98854,3.0178,6016102,0.0,1.0
1994-12-07,3.03731,3.04985,3.00666,3.02895,2659947,0.0,1.0
1994-12-08,3.03731,3.0401,2.97879,2.98576,2587455,0.0,1.0
1994-12-09,2.94257,3.01641,2.93978,2.95371,3773162,0.0,1.0
1994-12-12,2.93978,2.94675,2.85758,2.8729,3226244,0.0,1.0
1994-12-13,2.92585,2.99551,2.85758,2.96486,6926197,0.0,1.0
1994-12-14,2.92585,2.93281,2.87151,2.90913,3816945,0.0,1.0
1994-12-15,2.92445,3.1209,2.89798,3.09304,12987517,0.0,1.0
1994-12-16,3.06517,3.2463,3.04428,3.1627,21890371,0.0,1.0
1994-12-19,3.1836,3.19057,2.99551,2.99969,8503791,0.0,1.0
1994-12-20,3.02756,3.08607,2.99969,3.00944,5561054,0.0,1.0
1994-12-21,2.98854,3.11394,2.98297,2.98436,8847589,0.0,1.0
1994-12-22,2.92585,2.99551,2.89798,2.96765,8749258,0.0,1.0
1994-12-23,2.96765,3.11115,2.92585,2.95371,16982461,0.0,1.0
1994-12-26,2.96765,2.99551,2.92585,2.93978,4752878,0.0,1.0
1994-12-27,2.94117,2.96486,2.87012,2.88266,5030644,0.0,1.0
1994-12-28,2.89798,3.00108,2.86036,2.91192,5169886,0.0,1.0
1994-12-29,2.9147,2.95371,2.87151,2.87848,4472242,0.0,1.0
1994-12-30,2.89102,2.92167,2.86315,2.88405,3522671,0.0,1.0
1995-01-02,2.89102,2.92167,2.86315,2.88405,0,0.0,1.0
1995-01-03,2.84086,2.89659,2.81299,2.85061,1423280,0.0,1.0
1995-01-04,2.85618,2.8952,2.84225,2.88405,1317772,0.0,1.0
1995-01-05,2.89798,2.91192,2.87012,2.87012,1304135,0.0,1.0
1995-01-06,2.85618,2.86872,2.80742,2.81857,1978811,0.0,1.0
1995-01-09,2.79767,2.79767,2.68342,2.70153,3031736,0.0,1.0
1995-01-10,2.6472,2.67367,2.63048,2.6472,2750382,0.0,1.0
1995-01-11,2.6472,2.67506,2.63187,2.6472,1693868,0.0,1.0
1995-01-12,2.66252,2.67924,2.60261,2.61654,2390076,0.0,1.0
1995-01-13,2.57753,2.6472,2.5636,2.61794,1821626,0.0,1.0
1995-01-16,2.56639,2.6054,2.53713,2.5845,1967327,0.0,1.0
1995-01-17,2.59843,2.62908,2.56639,2.57753,1406772,0.0,1.0
1995-01-18,2.57057,2.63326,2.55106,2.6263,1843158,0.0,1.0
1995-01-19,2.61794,2.61794,2.49394,2.50787,2138149,0.0,1.0
1995-01-20,2.49254,2.54549,2.4396,2.5009,2276673,0.0,1.0
1995-01-23,2.46747,2.48697,2.45075,2.45911,1900577,0.0,1.0
1995-01-24,2.45493,2.48,2.43681,2.43681,1539554,0.0,1.0
1995-01-25,2.45075,2.50648,2.44517,2.48,2777656,0.0,1.0
1995-01-26,2.46607,2.48,2.43821,2.43821,1263224,0.0,1.0
1995-01-27,2.45214,2.49672,2.43821,2.47861,1580465,0.0,1.0
1995-01-30,2.45214,2.49672,2.43821,2.47861,0,0.0,1.0
1995-01-31,2.45214,2.49672,2.43821,2.47861,0,0.0,1.0
1995-02-01,2.45214,2.49672,2.43821,2.47861,0,0.0,1.0
1995-02-02,2.45214,2.49672,2.43821,2.47861,0,0.0,1.0
1995-02-03,2.45214,2.49672,2.43821,2.47861,0,0.0,1.0
1995-02-06,2.43124,2.43542,2.31699,2.32396,1444094,0.0,1.0
1995-02-07,2.32396,2.35043,2.28495,2.32117,1040724,0.0,1.0
1995-02-08,2.31281,2.34625,2.29749,2.32257,1068716,0.0,1.0
1995-02-09,2.32675,2.41034,2.32675,2.39641,1310594,0.0,1.0
1995-02-10,2.36854,2.43821,2.34346,2.34764,2013262,0.0,1.0
1995-02-13,2.36994,2.37969,2.32814,2.36854,1413231,0.0,1.0
1995-02-14,2.37551,2.39641,2.34764,2.36854,1375191,0.0,1.0
1995-02-15,2.36576,2.37551,2.34764,2.36158,700515,0.0,1.0
1995-02-16,2.36297,2.36576,2.34068,2.35182,610797,0.0,1.0
1995-02-17,2.33232,2.35182,2.31978,2.32675,503854,0.0,1.0
1995-02-20,2.32675,2.35461,2.3156,2.34346,865595,0.0,1.0
1995-02-21,2.35461,2.36854,2.35461,2.35461,466531,0.0,1.0
1995-02-22,2.38248,2.57893,2.36158,2.5636,6334779,0.0,1.0
1995-02-23,2.5232,2.65834,2.48,2.57753,12002777,0.0,1.0
1995-02-24,2.64441,2.64441,2.30027,2.38387,11942486,0.0,1.0
1995-02-27,2.50787,2.57475,2.39362,2.40198,8866250,0.0,1.0
1995-02-28,2.40338,2.41313,2.32953,2.36436,2626931,0.0,1.0
1995-03-01,2.36436,2.40755,2.32675,2.36994,2324044,0.0,1.0
1995-03-02,2.38248,2.41034,2.35461,2.39641,2048432,0.0,1.0
1995-03-03,2.4187,2.49394,2.3992,2.46607,5351474,0.0,1.0
1995-03-06,2.51066,2.59147,2.49115,2.57057,7028834,0.0,1.0
1995-03-07,2.6472,2.85618,2.55663,2.82832,25932687,0.0,1.0
1995-03-08,2.80324,2.85618,2.71686,2.80185,19287126,0.0,1.0
1995-03-09,2.79349,2.80742,2.67227,2.70989,15334529,0.0,1.0
1995-03-10,2.67227,2.67506,2.54967,2.57753,12794444,0.0,1.0
1995-03-13,2.61654,2.6263,2.54688,2.57614,5398127,0.0,1.0
1995-03-14,2.57614,2.6249,2.53295,2.5427,3399220,0.0,1.0
1995-03-15,2.54967,2.60122,2.45353,2.47582,5615603,0.0,1.0
1995-03-16,2.49394,2.5218,2.41034,2.50787,2828616,0.0,1.0
1995-03-17,2.48836,2.58729,2.48697,2.57753,4103323,0.0,1.0
1995-03-20,2.60261,2.6472,2.51484,2.52877,5482821,0.0,1.0
1995-03-21,2.51205,2.604,2.49533,2.57753,3285817,0.0,1.0
1995-03-22,2.58868,2.68899,2.57753,2.67506,12429832,0.0,1.0
1995-03-23,2.70293,2.71407,2.63326,2.65416,10155312,0.0,1.0
1995-03-24,2.61933,2.67227,2.58171,2.64023,5650054,0.0,1.0
1995-03-27,2.68899,2.7698,2.68203,2.72383,13721048,0.0,1.0
1995-03-28,2.72383,2.79767,2.71686,2.75587,11745108,0.0,1.0
1995-03-29,2.75169,2.8534,2.69317,2.84225,8566952,0.0,1.0
1995-03-30,2.87569,2.97879,2.82832,2.85618,26232702,0.0,1.0
1995-03-31,2.87987,2.99551,2.83111,2.98854,17066437,0.0,1.0
1995-04-03,3.00944,3.03452,2.96904,3.00248,21662848,0.0,1.0
1995-04-04,2.98994,3.04845,2.92445,3.03731,16235293,0.0,1.0
1995-04-05,3.03731,3.19057,3.01084,3.06517,27379652,0.0,1.0
1995-04-06,3.02477,3.11533,2.92585,3.11394,18144483,0.0,1.0
1995-04-07,3.14598,3.16131,3.0805,3.11533,22134403,0.0,1.0
1995-04-10,3.1209,3.13484,3.05124,3.07911,9971571,0.0,1.0
1995-04-11,3.06517,3.14598,3.03034,3.03452,26364049,0.0,1.0
1995-04-12,3.00805,3.17663,3.00666,3.12787,18366983,0.0,1.0
1995-04-13,3.1418,3.22819,3.07911,3.09304,21807831,0.0,1.0
1995-04-14,3.07214,3.11812,3.0387,3.10558,11090528,0.0,1.0
1995-04-17,3.08607,3.13066,2.99551,3.01641,6603214,0.0,1.0
1995-04-18,2.99551,3.02477,2.91192,2.92585,7290092,0.0,1.0
1995-04-19,2.91192,2.96765,2.90774,2.93003,6333343,0.0,1.0
1995-04-20,2.95789,3.0401,2.95371,3.03731,5271805,0.0,1.0
1995-04-21,3.04845,3.06517,2.99272,2.9983,5205773,0.0,1.0
1995-04-24,2.95371,2.97322,2.84225,2.8743,7315930,0.0,1.0
1995-04-25,2.8743,2.9161,2.86872,2.89659,3163083,0.0,1.0
1995-04-26,2.89938,2.91192,2.75866,2.78234,6958495,0.0,1.0
1995-04-27,2.6472,2.82553,2.53573,2.69596,16930784,0.0,1.0
1995-04-28,2.69596,2.69596,2.69596,2.69596,0,0.0,1.0
1995-05-01,2.69596,2.69596,2.69596,2.69596,0,0.0,1.0
1995-05-02,2.72383,2.72383,2.66113,2.68203,2716648,0.0,1.0
1995-05-03,2.68203,2.73079,2.68203,2.70293,2485536,0.0,1.0
1995-05-04,2.67367,2.68899,2.62072,2.65416,1739803,0.0,1.0
1995-05-05,2.64162,2.68481,2.63326,2.65834,1927851,0.0,1.0
1995-05-08,2.66113,2.67506,2.64023,2.65416,994789,0.0,1.0
1995-05-09,2.67227,2.69596,2.64859,2.68899,1147667,0.0,1.0
1995-05-10,2.6472,2.67088,2.57753,2.58729,2825027,0.24191,1.0
1995-05-11,2.61933,2.61933,2.58729,2.6054,1165611,0.0,1.0
1995-05-12,2.6054,2.78652,2.60261,2.70989,7963332,0.0,1.0
1995-05-15,2.70293,2.71268,2.66113,2.70293,1797940,0.0,1.0
1995-05-16,2.70293,2.75587,2.68621,2.68899,1418973,0.0,1.0
1995-05-17,2.70989,2.72383,2.68899,2.71686,822531,0.0,1.0
1995-05-18,3.48315,3.88441,3.48315,3.8036,95982019,0.0,1.0
1995-05-19,3.79664,4.24248,3.77295,4.24248,79700790,0.0,1.0
1995-05-22,4.59776,4.59776,4.11151,4.23691,57552032,0.0,1.0
1995-05-23,3.77574,4.06832,3.68936,3.70329,67591070,0.0,1.0
1995-05-24,3.73394,3.88441,3.57789,3.63641,26836322,0.0,1.0
1995-05-25,3.66149,3.66428,3.34522,3.42046,17033421,0.0,1.0
1995-05-26,3.3285,3.87327,3.25744,3.52495,31839692,0.0,1.0
1995-05-29,3.55282,3.55282,3.35776,3.39956,5894086,0.0,1.0
1995-05-30,3.41488,3.5361,3.40095,3.45529,3913122,0.0,1.0
1995-05-31,3.34383,3.42603,3.33268,3.3912,10140957,0.0,1.0
1995-06-01,3.40513,3.42046,3.37169,3.39259,1980964,0.0,1.0
1995-06-02,3.41349,3.45389,3.39677,3.43021,3572195,0.0,1.0
1995-06-05,3.44135,3.44832,3.2463,3.25744,6162521,0.0,1.0
1995-06-06,3.2045,3.26302,3.17663,3.23933,4633016,0.0,1.0
1995-06-07,3.26023,3.39677,3.22122,3.35776,2838664,0.0,1.0
1995-06-08,3.3285,3.41349,3.20589,3.21843,8958839,0.0,1.0
1995-06-09,3.25605,3.37169,3.2463,3.27556,3138680,0.0,1.0
1995-06-12,3.21843,3.31178,3.21147,3.27277,1990295,0.0,1.0
1995-06-13,3.2463,3.32293,3.22679,3.27974,1698892,0.0,1.0
1995-06-14,3.26023,3.32989,3.17663,3.20311,5674457,0.0,1.0
1995-06-15,3.13484,3.18639,2.99969,3.01502,14877328,0.0,1.0
1995-06-16,2.99412,3.07911,2.96765,3.04288,4145670,0.0,1.0
1995-06-19,2.93978,2.99551,2.93978,2.97461,2471899,0.0,1.0
1995-06-20,2.99412,3.01641,2.94675,2.96068,1703916,0.0,1.0
1995-06-21,2.94953,2.9969,2.94953,2.9969,2024746,0.0,1.0
1995-06-22,2.9969,3.03452,2.95371,2.96765,1902013,0.0,1.0
1995-06-23,2.96765,3.03452,2.96765,3.03452,2069964,0.0,1.0
1995-06-26,3.02338,3.03034,2.99551,3.02338,1507255,0.0,1.0
1995-06-27,3.03034,3.05124,2.97043,2.99551,1598408,0.0,1.0
1995-06-28,2.99551,3.01084,2.97879,2.98854,711999,0.0,1.0
1995-06-29,2.99412,3.00805,2.94814,2.96765,1094554,0.0,1.0
1995-06-30,2.95371,2.95371,2.87012,2.88405,3271462,0.0,1.0
1995-07-03,2.85618,2.87012,2.78792,2.82553,1906319,0.0,1.0
1995-07-04,2.85618,2.86733,2.79767,2.84225,3781775,0.0,1.0
1995-07-05,2.84225,2.93978,2.84225,2.92585,2784116,0.0,1.0
1995-07-06,2.92585,3.03452,2.89938,2.94396,5265345,0.0,1.0
1995-07-07,2.92863,3.10697,2.92863,3.10697,4058106,0.0,1.0
1995-07-10,3.10697,3.1209,3.02198,3.04706,4289218,0.0,1.0
1995-07-11,3.06517,3.09165,2.94814,2.96486,1922827,0.0,1.0
1995-07-12,2.93978,2.98158,2.93978,2.9565,1625683,0.0,1.0
1995-07-13,2.96486,3.00526,2.95511,2.98019,832579,0.0,1.0
1995-07-14,2.99412,3.00387,2.96904,2.96904,1799376,0.0,1.0
1995-07-17,3.00248,3.2045,2.97183,3.18917,13695927,0.0,1.0
1995-07-18,3.1627,3.24212,3.11394,3.20311,14051926,0.0,1.0
1995-07-19,3.2463,3.30064,3.07632,3.09304,22687781,0.0,1.0
1995-07-20,3.06517,3.12648,3.0401,3.06517,4568419,0.0,1.0
1995-07-21,3.1223,3.13484,3.02338,3.05124,4074614,0.0,1.0
1995-07-24,3.09304,3.09304,2.92445,2.98019,24072303,0.0,1.0
1995-07-25,2.97879,3.05124,2.96904,3.0178,5772070,0.0,1.0
1995-07-26,3.03731,3.10697,2.98158,2.98297,5111749,0.0,1.0
1995-07-27,2.97043,3.02477,2.97043,2.98715,1770666,0.0,1.0
1995-07-28,2.98854,3.02059,2.92863,2.97461,8662412,0.0,1.0
1995-07-31,3.02477,3.03034,2.96765,2.97461,2104416,0.0,1.0
1995-08-01,3.00666,3.09165,2.95371,3.04149,4600000,0.0,1.0
1995-08-02,3.09304,3.26023,3.03731,3.05124,19302916,0.0,1.0
1995-08-03,2.99272,3.05681,2.99272,3.03731,4149976,0.0,1.0
1995-08-04,3.06517,3.09025,3.03034,3.05124,3666219,0.0,1.0
1995-08-07,3.05124,3.07911,3.03731,3.06935,3155906,0.0,1.0
1995-08-08,3.13484,3.15713,3.03034,3.04845,2725979,0.0,1.0
1995-08-09,3.03731,3.09025,3.00805,3.03452,3174567,0.0,1.0
1995-08-10,3.06517,3.09304,2.99412,3.04567,7974098,0.0,1.0
1995-08-11,3.06796,3.14877,3.03731,3.06517,10565142,0.0,1.0
1995-08-14,3.06517,3.25048,3.0387,3.1627,11653955,0.0,1.0
1995-08-15,3.19057,3.19057,3.03731,3.06239,5495022,0.0,1.0
1995-08-16,3.04845,3.04845,3.02059,3.03452,3662630,0.0,1.0
1995-08-17,3.03452,3.13344,3.02338,3.03034,3847090,0.0,1.0
1995-08-18,3.0387,3.07911,2.95789,2.99551,4757903,0.0,1.0
1995-08-21,3.00248,3.00526,2.95789,2.96765,2717366,0.0,1.0
1995-08-22,2.96765,2.98158,2.92724,2.95371,1963738,0.0,1.0
1995-08-23,2.95371,2.95371,2.91192,2.92585,3180309,0.0,1.0
1995-08-24,2.90495,3.00666,2.90495,2.98854,1875456,0.0,1.0
1995-08-25,2.98158,2.98158,2.91192,2.92585,1313465,0.0,1.0
1995-08-28,2.92585,2.96625,2.92585,2.94675,1193603,0.0,1.0
1995-08-29,3.09304,3.15574,2.90495,2.91888,4979684,0.0,1.0
1995-08-30,2.92585,2.96486,2.87708,2.88266,2680761,0.0,1.0
1995-08-31,2.88405,2.92445,2.87708,2.91192,1278296,0.0,1.0
1995-09-01,2.92585,2.92585,2.88962,2.89798,1251740,0.0,1.0
1995-09-04,2.91192,2.93839,2.89102,2.8952,1592666,0.0,1.0
1995-09-05,3.06517,3.21843,3.00944,3.02338,32538054,0.0,1.0
1995-09-06,3.00944,3.00944,2.93281,2.96068,6764705,0.0,1.0
1995-09-07,3.02338,3.06517,2.96207,2.97879,6652020,0.0,1.0
1995-09-08,3.04985,3.12369,2.99551,3.07632,14730909,0.0,1.0
1995-09-11,3.13484,3.26162,3.1209,3.23933,33413697,0.0,1.0
1995-09-12,3.34383,3.38562,3.15156,3.18778,39151316,0.0,1.0
1995-09-13,3.19753,3.2045,3.03731,3.09025,15973318,0.0,1.0
1995-09-14,3.08886,3.08886,3.02198,3.03452,8799500,0.0,1.0
1995-09-15,3.03452,3.15713,3.03452,3.1418,17212138,0.0,1.0
1995-09-18,3.18778,3.19475,3.13484,3.16967,10840754,0.0,1.0
1995-09-19,3.2045,3.23237,3.00666,3.02338,16757808,0.0,1.0
1995-09-20,2.99551,3.00805,2.94814,2.95371,6667810,0.0,1.0
1995-09-21,2.95371,2.99272,2.90913,2.92445,6807052,0.0,1.0
1995-09-22,2.92306,2.95371,2.91888,2.9356,3799719,0.0,1.0
1995-09-25,2.95371,2.95371,2.90913,2.92445,2858761,0.0,1.0
1995-09-26,2.9161,2.94675,2.86315,2.93839,2171165,0.0,1.0
1995-09-27,2.87012,2.89798,2.79767,2.79767,5618474,0.0,1.0
1995-09-28,2.78652,2.82553,2.78095,2.82275,3867187,0.0,1.0
1995-09-29,2.82832,2.90077,2.82832,2.84922,4729911,0.0,1.0
1995-10-02,2.82832,2.90077,2.82832,2.84922,0,0.0,1.0
1995-10-03,2.82832,2.90077,2.82832,2.84922,0,0.0,1.0
1995-10-04,2.84922,2.90495,2.82832,2.83529,607209,0.0,1.0
1995-10-05,2.82832,2.83947,2.81439,2.8325,1083788,0.0,1.0
1995-10-06,2.84086,2.88266,2.78931,2.81578,2117335,0.0,1.0
1995-10-09,2.79349,2.80045,2.75169,2.75726,3880824,0.0,1.0
1995-10-10,2.75726,2.78652,2.71407,2.72104,2784834,0.0,1.0
1995-10-11,2.70989,2.71686,2.64998,2.67088,3149446,0.0,1.0
1995-10-12,2.68899,2.70014,2.64023,2.6472,4321516,0.0,1.0
1995-10-13,2.6472,2.7698,2.63466,2.69039,8282727,0.0,1.0
1995-10-16,2.71686,2.73776,2.68899,2.69596,3210454,0.0,1.0
1995-10-17,2.71686,2.73776,2.68899,2.69596,3210454,0.0,1.0
1995-10-18,2.68899,2.73079,2.66113,2.68899,3769574,0.0,1.0
1995-10-19,2.70989,2.72383,2.66949,2.66949,1512997,0.0,1.0
1995-10-20,2.66113,2.8116,2.65834,2.78792,3525542,0.0,1.0
1995-10-23,2.78792,2.84922,2.71825,2.75866,3773162,0.0,1.0
1995-10-24,2.7698,2.77259,2.71965,2.7294,1234514,0.0,1.0
1995-10-25,2.92585,2.98715,2.80185,2.86872,6369948,0.0,1.0
1995-10-26,2.85618,2.85618,2.71825,2.73079,3027430,0.0,1.0
1995-10-27,2.73079,2.73079,2.67924,2.67924,2135996,0.0,1.0
1995-10-30,2.68621,2.69875,2.67506,2.68621,1362989,0.0,1.0
1995-10-31,2.69178,2.72661,2.67506,2.6876,1383804,0.0,1.0
1995-11-01,2.6876,2.72522,2.67785,2.70989,1236667,0.0,1.0
1995-11-02,2.70293,2.77956,2.68621,2.71686,1382368,0.0,1.0
1995-11-03,2.71825,2.73079,2.69735,2.70571,1028522,0.0,1.0
1995-11-06,2.70989,2.73776,2.70989,2.72383,959619,0.0,1.0
1995-11-07,2.73497,2.78374,2.6472,2.67506,1611328,0.0,1.0
1995-11-08,2.71686,2.728,2.67227,2.69457,1031393,0.0,1.0
1995-11-09,2.66113,2.69039,2.64998,2.67506,1347199,0.0,1.0
1995-11-10,2.68621,2.68621,2.66113,2.67645,600749,0.0,1.0
1995-11-13,2.64998,2.66809,2.59147,2.6263,1490747,0.0,1.0
1995-11-14,2.63326,2.64302,2.62072,2.6263,917990,0.0,1.0
1995-11-15,2.6472,2.66531,2.61933,2.6263,617257,0.0,1.0
1995-11-16,2.62212,2.6458,2.6054,2.61794,696208,0.0,1.0
1995-11-17,2.6263,2.6263,2.59147,2.6054,704391,0.0,1.0
1995-11-20,2.59147,2.60261,2.59007,2.59147,489499,0.0,1.0
1995-11-21,2.61933,2.61933,2.60261,2.6054,378967,0.0,1.0
1995-11-22,2.62212,2.63326,2.59007,2.59843,479451,0.0,1.0
1995-11-23,2.58589,2.59843,2.57057,2.5845,570604,0.0,1.0
1995-11-24,2.59147,2.59843,2.57475,2.5845,486628,0.0,1.0
1995-11-27,2.5845,2.59843,2.57475,2.57475,470120,0.0,1.0
1995-11-28,2.57753,2.58868,2.56081,2.5845,460072,0.0,1.0
1995-11-29,2.57753,2.5845,2.56081,2.5636,502777,0.0,1.0
1995-11-30,2.5636,2.61933,2.54688,2.5636,780184,0.0,1.0
1995-12-01,2.50787,2.60122,2.49394,2.5636,1083071,0.0,1.0
1995-12-04,2.53573,2.57057,2.53573,2.56499,243314,0.0,1.0
1995-12-05,2.57753,2.57753,2.55245,2.56639,278483,0.0,1.0
1995-12-06,2.56639,2.56639,2.54688,2.54967,340209,0.0,1.0
1995-12-07,2.54827,2.54827,2.4396,2.52877,369636,0.0,1.0
1995-12-08,2.53434,2.54967,2.50787,2.53156,582805,0.0,1.0
1995-12-11,2.53573,2.54967,2.48,2.48697,582805,0.0,1.0
1995-12-12,2.48697,2.55942,2.45353,2.52877,895023,0.0,1.0
1995-12-13,2.53573,2.53573,2.46886,2.48558,658168,0.0,1.0
1995-12-14,2.48279,2.50787,2.45214,2.46607,395475,0.0,1.0
1995-12-15,2.48558,2.48558,2.44796,2.44935,554096,0.0,1.0
1995-12-18,2.45214,2.45214,2.3992,2.40755,530410,0.0,1.0
1995-12-19,2.43681,2.43681,2.38387,2.41731,368201,0.0,1.0
1995-12-20,2.41731,2.44378,2.41452,2.43821,389015,0.0,1.0
1995-12-21,2.43821,2.48279,2.41034,2.43542,410548,0.0,1.0
1995-12-22,2.43263,2.45214,2.42427,2.43263,324419,0.0,1.0
1995-12-25,2.43821,2.46329,2.37551,2.38248,439257,0.0,1.0
1995-12-26,2.36854,2.40338,2.31281,2.31281,877079,0.0,1.0
1995-12-27,2.31281,2.32675,2.22922,2.28216,1443376,0.0,1.0
1995-12-28,2.28216,2.28216,2.22922,2.2543,1040006,0.0,1.0
1995-12-29,2.22922,2.30724,2.22922,2.26962,1668029,0.0,1.0
1996-01-01,2.22922,2.30724,2.22922,2.26962,0,0.0,1.0
1996-01-02,2.232,2.2543,2.20135,2.21668,811262,0.0,1.0
1996-01-03,2.22643,2.29749,2.20135,2.2543,1236667,0.0,1.0
1996-01-04,2.25708,2.28216,2.23061,2.2543,1182837,0.0,1.0
1996-01-05,2.25708,2.2738,2.21528,2.22643,1128288,0.0,1.0
1996-01-08,2.2125,2.21528,2.18463,2.20135,821095,0.0,1.0
1996-01-09,2.22225,2.28216,2.22225,2.22922,828990,0.0,1.0
1996-01-10,2.23061,2.23061,2.19021,2.22086,488781,0.0,1.0
1996-01-11,2.21528,2.22922,2.19857,2.20832,686160,0.0,1.0
1996-01-12,2.20135,2.21668,2.20135,2.21528,539023,0.0,1.0
1996-01-15,2.20832,2.22504,2.19439,2.21389,695491,0.0,1.0
1996-01-16,2.21807,2.24315,2.18881,2.20832,541176,0.0,1.0
1996-01-17,2.20135,2.20135,2.15955,2.17209,398346,0.0,1.0
1996-01-18,2.14562,2.15677,2.05645,2.05645,3376970,0.0,1.0
1996-01-19,2.03416,2.07596,2.03416,2.06063,1973787,0.0,1.0
1996-01-22,2.07596,2.07596,2.02023,2.03137,719176,0.0,1.0
1996-01-23,2.02023,2.03416,2.00351,2.02441,1116087,0.0,1.0
1996-01-24,2.02023,2.03416,2.0063,2.0063,986893,0.0,1.0
1996-01-25,2.02023,2.06203,1.99933,2.02023,672523,0.0,1.0
1996-01-26,2.0063,2.03416,1.99376,2.03416,483039,0.0,1.0
1996-01-29,2.02719,2.06203,2.02023,2.02859,523951,0.0,1.0
1996-01-30,2.0467,2.0467,2.02719,2.03416,564862,0.0,1.0
1996-01-31,2.03416,2.06063,2.02023,2.04531,643813,0.0,1.0
1996-02-01,2.04809,2.04809,2.02023,2.04252,584959,0.0,1.0
1996-02-02,2.03416,2.04809,2.02859,2.04809,417007,0.0,1.0
1996-02-05,2.15955,2.15955,2.04531,2.0467,457919,0.0,1.0
1996-02-06,2.01326,2.03416,2.01326,2.0258,737837,0.0,1.0
1996-02-07,2.01744,2.03277,2.01744,2.02301,455765,0.0,1.0
1996-02-08,2.04809,2.04809,2.02441,2.03416,381120,0.0,1.0
1996-02-09,2.02719,2.03416,2.00351,2.02441,847652,0.0,1.0
1996-02-12,2.05506,2.05506,2.00908,2.04809,289249,0.0,1.0
1996-02-13,2.04531,2.06203,2.03416,2.05924,320830,0.0,1.0
1996-02-14,2.05924,2.10382,2.05924,2.06899,777313,0.0,1.0
1996-02-15,2.06481,2.11497,2.06481,2.10104,792386,0.0,1.0
1996-02-16,2.13448,2.1498,2.11079,2.14562,3067623,0.0,1.0
1996-02-19,2.13448,2.1498,2.11079,2.14562,0,0.0,1.0
1996-02-20,2.13448,2.1498,2.11079,2.14562,0,0.0,1.0
1996-02-21,2.13448,2.1498,2.11079,2.14562,0,0.0,1.0
1996-02-22,2.13448,2.1498,2.11079,2.14562,0,0.0,1.0
1996-02-23,2.13448,2.1498,2.11079,2.14562,0,0.0,1.0
1996-02-26,2.13448,2.1498,2.11079,2.14562,0,0.0,1.0
1996-02-27,2.13448,2.1498,2.11079,2.14562,0,0.0,1.0
1996-02-28,2.13448,2.1498,2.11079,2.14562,0,0.0,1.0
1996-02-29,2.13448,2.1498,2.11079,2.14562,0,0.0,1.0
1996-03-01,2.13448,2.1498,2.11079,2.14562,0,0.0,1.0
1996-03-04,2.22922,2.34068,2.20135,2.29888,4542580,0.0,1.0
1996-03-05,2.29888,2.31281,2.20275,2.21528,3590139,0.0,1.0
1996-03-06,2.2125,2.21528,2.10522,2.12472,1331409,0.0,1.0
1996-03-07,2.11776,2.15259,2.11636,2.14562,579217,0.0,1.0
1996-03-08,2.13866,2.22922,2.11636,2.20135,1129724,0.0,1.0
1996-03-11,2.19996,2.22922,2.15955,2.17349,948853,0.0,1.0
1996-03-12,2.17349,2.17349,2.13866,2.15259,699797,0.0,1.0
1996-03-13,2.14562,2.16652,2.14562,2.15259,617975,0.0,1.0
1996-03-14,2.14562,2.15955,2.13866,2.14562,1246715,0.0,1.0
1996-03-15,2.14562,2.15955,2.11636,2.14562,464378,0.0,1.0
1996-03-18,2.14562,2.15955,2.11776,2.14702,298580,0.0,1.0
1996-03-19,2.17349,2.17349,2.13866,2.15259,335185,0.0,1.0
1996-03-20,2.15677,2.16652,2.14841,2.15677,297862,0.0,1.0
1996-03-21,2.17349,2.18045,2.15537,2.15537,266282,0.0,1.0
1996-03-22,2.15537,2.18045,2.14284,2.15955,206709,0.0,1.0
1996-03-25,2.15955,2.18045,2.14562,2.15955,393322,0.0,1.0
1996-03-26,2.14562,2.15955,2.14284,2.15398,338056,0.0,1.0
1996-03-27,2.14562,2.15119,2.12612,2.14005,495241,0.0,1.0
1996-03-28,2.11915,2.13866,2.11776,2.12472,315088,0.0,1.0
1996-03-29,2.13169,2.19857,2.13169,2.16373,1774973,0.0,1.0
1996-04-01,2.27102,2.28495,2.17488,2.21528,4732064,0.0,1.0
1996-04-02,2.20275,2.20275,2.15537,2.15955,745015,0.0,1.0
1996-04-03,2.16791,2.20135,2.15955,2.17349,778749,0.0,1.0
1996-04-04,2.1707,2.24594,2.1707,2.24315,9060040,0.0,1.0
1996-04-05,2.24315,2.31978,2.24315,2.30585,6308222,0.0,1.0
1996-04-08,2.30585,2.31281,2.24176,2.26126,2933406,0.0,1.0
1996-04-09,2.26405,2.27798,2.25012,2.25569,1303417,0.0,1.0
1996-04-10,2.25569,2.2752,2.24594,2.26962,1349352,0.0,1.0
1996-04-11,2.26405,2.29888,2.2543,2.29888,1333562,0.0,1.0
1996-04-12,2.31003,2.36018,2.30027,2.32675,4469371,0.0,1.0
1996-04-15,2.30724,2.32675,2.29749,2.31281,1468497,0.0,1.0
1996-04-16,2.30306,2.33371,2.28634,2.31839,1485723,0.0,1.0
1996-04-17,2.32675,2.32675,2.28773,2.30167,2103698,0.0,1.0
1996-04-18,2.29609,2.3365,2.28773,2.33093,1283320,0.0,1.0
1996-04-19,2.33371,2.43681,2.33371,2.41034,6868778,0.0,1.0
1996-04-22,2.45353,2.48,2.35461,2.36854,10216320,0.0,1.0
1996-04-23,2.35322,2.39502,2.34486,2.37272,2730285,0.0,1.0
1996-04-24,2.41731,2.48,2.3992,2.48,6977157,0.0,1.0
1996-04-25,2.53713,2.66113,2.5232,2.56081,12615009,0.0,1.0
1996-04-26,2.61933,2.7698,2.58868,2.75866,13911967,0.0,1.0
1996-04-29,2.75866,2.94814,2.73358,2.78652,11023778,0.0,1.0
1996-04-30,2.78652,2.78652,2.5218,2.54967,7193197,0.0,1.0
1996-05-01,2.78652,2.78652,2.5218,2.54967,0,0.0,1.0
1996-05-02,2.6472,2.78513,2.41731,2.42427,8453549,0.0,1.0
1996-05-03,2.42009,2.50926,2.42009,2.47722,3094898,0.0,1.0
1996-05-06,2.48,2.53573,2.46747,2.49533,1706787,0.0,1.0
1996-05-07,2.54688,2.57753,2.46607,2.48279,1782868,0.0,1.0
1996-05-08,2.48558,2.48697,2.41731,2.44099,1077329,0.0,1.0
1996-05-09,2.42009,2.46607,2.42009,2.43821,1088095,0.0,1.0
1996-05-10,2.42149,2.44935,2.39641,2.44935,1485723,0.0,1.0
1996-05-13,2.45353,2.45353,2.41034,2.43821,773007,0.0,1.0
1996-05-14,2.45214,2.47722,2.42149,2.43821,707692,0.0,1.0
1996-05-15,2.42149,2.45075,2.31421,2.45075,1388828,0.0,1.0
1996-05-16,2.46468,2.53573,2.46468,2.49812,3778187,0.0,1.0
1996-05-17,2.50787,2.82553,2.50787,2.80045,13748322,0.0,1.0
1996-05-20,2.85618,3.03731,2.78652,2.85618,35704725,0.0,1.0
1996-05-21,2.85618,2.92585,2.59147,2.6458,14888812,0.0,1.0
1996-05-22,2.6458,2.6458,2.6458,2.6458,0,0.0,1.0
1996-05-23,2.65138,2.68621,2.49533,2.50926,7384833,0.0,1.0
1996-05-24,2.50508,2.54967,2.44935,2.49394,4012170,0.0,1.0
1996-05-27,2.49533,2.5427,2.48,2.5009,1815166,0.0,1.0
1996-05-28,2.51484,2.5636,2.50787,2.5636,2098674,0.0,1.0
1996-05-29,2.5636,2.58589,2.50787,2.55663,1719707,0.0,1.0
1996-05-30,2.5636,2.5845,2.46886,2.5636,2973599,0.0,1.0
1996-05-31,2.50787,2.64162,2.48,2.55942,3933936,0.0,1.0
1996-06-03,2.54967,2.73079,2.5232,2.63326,7026681,0.0,1.0
1996-06-04,2.6472,2.78095,2.6472,2.7489,10997940,0.0,1.0
1996-06-05,2.78652,3.2045,2.78652,3.2045,72804738,0.0,1.0
1996-06-06,3.27138,3.55142,3.1627,3.37169,99034570,0.0,1.0
1996-06-07,3.53888,3.59461,3.41488,3.46225,63504255,0.0,1.0
1996-06-10,3.59461,3.84261,3.53888,3.805,53324540,0.0,1.0
1996-06-11,3.79942,3.83007,3.55282,3.71722,37800528,0.0,1.0
1996-06-12,3.78688,3.87327,3.64895,3.69075,26688468,0.0,1.0
1996-06-13,3.67264,3.7618,3.58068,3.68239,23126321,0.0,1.0
1996-06-14,3.90113,3.96661,3.73394,3.81754,50855512,0.0,1.0
1996-06-17,3.81754,3.86909,3.65731,3.7618,31528193,0.0,1.0
1996-06-18,3.7618,4.59776,3.72001,4.50023,91881567,0.0,1.0
1996-06-19,4.50163,4.66324,4.34837,4.45844,87175341,0.0,1.0
1996-06-20,4.45844,4.66603,4.34697,4.59079,69839034,0.0,1.0
1996-06-21,4.5699,4.70365,4.48351,4.63259,45727973,0.0,1.0
1996-06-24,4.59776,4.62145,4.50023,4.56711,22823434,0.0,1.0
1996-06-25,4.42778,4.59776,4.34837,4.5072,26056856,0.0,1.0
1996-06-26,4.51417,4.69529,4.51417,4.64931,28146916,0.0,1.0
1996-06-27,4.6925,4.72873,4.4027,4.45844,66042904,0.0,1.0
1996-06-28,4.5281,4.54203,4.31214,4.31214,36198531,0.0,1.0
1996-07-01,4.24945,4.39295,4.08225,4.39156,49730813,0.0,1.0
1996-07-02,4.43057,4.62284,4.39295,4.59497,52547945,0.0,1.0
1996-07-03,4.72037,4.90428,4.62563,4.87084,66984580,0.0,1.0
1996-07-04,4.87641,4.96837,4.78028,4.87084,39276920,0.0,1.0
1996-07-05,4.89174,5.02271,4.77889,4.80675,39076671,0.0,1.0
1996-07-08,5.53125,5.57026,5.18014,5.35012,101396654,0.0,1.0
1996-07-09,5.37799,5.40585,5.22612,5.2512,41796908,0.0,1.0
1996-07-10,5.22473,5.33619,5.1899,5.19686,23780182,0.0,1.0
1996-07-11,5.2108,5.2108,4.99205,5.00181,31406894,0.0,1.0
1996-07-12,4.94747,5.11048,4.92378,5.05057,32305506,0.0,1.0
1996-07-15,4.98787,4.98787,4.80675,4.84576,18839974,0.23985,1.0
1996-07-16,4.87781,5.06311,4.86109,5.01574,15118489,0.0,1.0
1996-07-17,5.05475,5.07147,4.80675,4.82068,8137743,0.0,1.0
1996-07-18,4.83462,4.90428,4.83044,4.87641,6969979,0.0,1.0
1996-07-19,4.87641,5.09237,4.85551,4.93911,14896707,0.0,1.0
1996-07-22,4.98091,5.1481,4.96001,5.0645,19251239,0.0,1.0
1996-07-23,5.1272,5.13835,5.00181,5.00459,9430394,0.0,1.0
1996-07-24,5.02828,5.18293,5.02828,5.04778,12411889,0.0,1.0
1996-07-25,4.98787,4.98787,4.82765,4.83462,24711092,0.0,1.0
1996-07-26,4.80675,4.90428,4.68414,4.87223,17827242,0.0,1.0
1996-07-29,4.83183,4.86248,4.72315,4.82068,7091277,0.0,1.0
1996-07-30,4.87781,4.89035,4.78028,4.82068,5156966,0.0,1.0
1996-07-31,4.79003,4.90428,4.79003,4.8388,9538055,0.0,1.0
1996-08-01,4.87641,5.00181,4.84855,4.96698,12419066,0.0,1.0
1996-08-02,5.13835,5.19686,4.97394,5.15507,18963425,0.0,1.0
1996-08-05,5.16621,5.19686,5.11048,5.17039,11280729,0.0,1.0
1996-08-06,5.1899,5.39053,5.1899,5.37102,28772786,0.0,1.0
1996-08-07,5.41979,5.47412,5.37102,5.40585,40959304,0.0,1.0
1996-08-08,5.40585,5.40585,5.40585,5.40585,0,0.0,1.0
1996-08-09,5.17039,5.17039,4.9628,5.04082,45367667,0.0,1.0
1996-08-12,5.0854,5.17596,5.0436,5.05754,10101482,0.0,1.0
1996-08-13,5.05754,5.1272,5.03525,5.03525,4843314,0.0,1.0
1996-08-14,5.03525,5.07147,5.01295,5.01574,3461663,0.0,1.0
1996-08-15,5.02689,5.05754,4.98787,4.98787,2614011,0.0,1.0
1996-08-16,4.97394,4.98509,4.87641,4.91542,4672491,0.0,1.0
1996-08-19,4.94329,4.94329,4.8388,4.84576,3667655,0.0,1.0
1996-08-20,4.87641,4.94608,4.82068,4.82068,8416944,0.0,1.0
1996-08-21,5.0854,5.0854,4.86387,4.86387,4870588,0.0,1.0
1996-08-22,4.87781,4.94608,4.77192,4.82765,4151412,0.0,1.0
1996-08-23,4.94608,4.94608,4.73709,4.82765,6071368,0.0,1.0
1996-08-26,3.45529,4.87502,3.45529,4.74823,4472242,0.0,1.0
1996-08-27,4.73709,4.84437,4.72455,4.80675,2914745,0.0,1.0
1996-08-28,4.83462,4.85551,4.78028,4.80675,4081791,0.0,1.0
1996-08-29,4.76495,4.82068,4.73709,4.73848,3445873,0.0,1.0
1996-08-30,4.76495,4.87223,4.73709,4.83462,3865033,0.0,1.0
1996-09-02,4.83462,4.83462,4.73709,4.78585,5197878,0.0,1.0
1996-09-03,4.78585,4.87641,4.77889,4.77889,2142456,0.0,1.0
1996-09-04,4.74405,4.87223,4.74405,4.84298,4400468,0.0,1.0
1996-09-05,4.87781,5.06868,4.86248,4.86387,8258324,0.0,1.0
1996-09-06,4.87781,4.93214,4.81372,4.92936,4452145,0.0,1.0
1996-09-09,4.87641,4.92378,4.82347,4.84855,2655640,0.0,1.0
1996-09-10,4.73709,4.82068,4.6925,4.69947,6511343,0.0,1.0
1996-09-11,4.70226,4.73709,4.62563,4.67439,3563582,0.0,1.0
1996-09-12,4.71897,4.77889,4.57408,4.58383,3913840,0.0,1.0
1996-09-13,4.59637,4.64653,4.4863,4.6312,3694929,0.0,1.0
1996-09-16,4.59776,4.70922,4.57686,4.59358,2820721,0.0,1.0
1996-09-17,4.59915,4.65349,4.58104,4.58244,2670713,0.0,1.0
1996-09-18,4.64235,4.66046,4.4863,4.50441,3178873,0.0,1.0
1996-09-19,4.50023,4.64235,4.50023,4.64235,4720580,0.0,1.0
1996-09-20,4.6521,5.01156,4.64513,4.91821,8058792,0.0,1.0
1996-09-23,5.01295,5.18293,4.96001,5.12859,20637914,0.0,1.0
1996-09-24,5.15646,5.417,5.11466,5.417,33694334,0.0,1.0
1996-09-25,5.43372,5.43372,5.22473,5.32226,16387454,0.0,1.0
1996-09-26,5.32226,5.53821,5.29439,5.47552,22944732,0.0,1.0
1996-09-27,5.51731,5.95898,5.48945,5.95898,57319484,0.0,1.0
1996-09-30,5.51731,5.95898,5.48945,5.95898,0,0.0,1.0
1996-10-01,5.51731,5.95898,5.48945,5.95898,0,0.0,1.0
1996-10-02,5.51731,5.95898,5.48945,5.95898,0,0.0,1.0
1996-10-03,5.94226,5.94644,5.76392,5.82383,20219471,0.0,1.0
1996-10-04,5.79597,5.88235,5.75556,5.86145,10645529,0.0,1.0
1996-10-07,5.89489,5.94226,5.8503,5.88235,19986923,0.0,1.0
1996-10-08,5.92136,6.18608,5.88374,6.11642,40568136,0.0,1.0
1996-10-09,6.12756,6.22788,6.0579,6.14707,27599280,0.0,1.0
1996-10-10,6.11363,6.35188,6.11363,6.30729,27728474,0.0,1.0
1996-10-11,6.28082,6.37835,6.21673,6.3254,21978654,0.0,1.0
1996-10-14,6.32262,6.3672,6.28082,6.28082,29277358,0.0,1.0
1996-10-15,6.27803,6.42154,6.25574,6.38114,18706474,0.0,1.0
1996-10-16,6.35048,6.409,6.26967,6.39089,22766015,0.0,1.0
1996-10-17,6.36302,6.47866,6.35327,6.45219,21830799,0.0,1.0
1996-10-18,6.46194,6.52185,6.40621,6.47866,28578279,0.0,1.0
1996-10-21,6.46055,6.54833,6.4508,6.48981,11699890,0.0,1.0
1996-10-22,6.50235,6.60963,6.42293,6.52882,26184614,0.0,1.0
1996-10-23,6.79911,6.79911,6.409,6.64307,34872146,0.0,1.0
1996-10-24,6.58734,6.69741,6.54833,6.64585,27470805,0.0,1.0
1996-10-25,6.62914,6.64864,6.4926,6.54554,21372163,0.0,1.0
1996-10-28,6.54415,6.61799,6.41039,6.54693,12414042,0.0,1.0
1996-10-29,6.52046,6.59012,6.49399,6.55947,15352472,0.0,1.0
1996-10-30,6.55947,6.61242,6.43408,6.50374,15040973,0.0,1.0
1996-10-31,6.51767,6.75453,6.51767,6.7406,41686376,0.0,1.0
1996-11-01,6.70159,6.82559,6.54693,6.68626,16278357,0.0,1.0
1996-11-04,6.67372,6.68765,6.63192,6.65561,5131845,0.0,1.0
1996-11-05,6.65839,6.68487,6.61799,6.64585,4315774,0.0,1.0
1996-11-06,6.63053,6.65979,6.38949,6.53161,8869121,0.0,1.0
1996-11-07,6.54833,6.58734,6.50932,6.533,11043157,0.0,1.0
1996-11-08,6.52277,6.61376,6.20608,6.23758,10651716,0.0,1.0
1996-11-11,6.20958,6.20958,6.03986,6.20958,3174311,0.0,1.0
1996-11-12,6.24108,6.31281,6.14135,6.31281,3744132,0.0,1.0
1996-11-13,6.31106,6.33031,6.20783,6.33031,2788524,0.0,1.0
1996-11-14,6.31281,6.40905,6.25507,6.39505,4175642,0.0,1.0
1996-11-15,6.3863,6.41254,6.33381,6.3968,6368054,0.0,1.0
1996-11-18,6.47378,6.55777,6.3863,6.43529,6338906,0.0,1.0
1996-11-19,6.4003,6.48953,6.27782,6.29707,7101335,0.0,1.0
1996-11-20,6.28132,6.29707,6.19384,6.23758,4003038,0.0,1.0
1996-11-21,6.23758,6.28132,6.03637,6.03637,3696123,0.0,1.0
1996-11-22,6.05036,6.05036,5.86315,5.95938,3315480,0.0,1.0
1996-11-25,5.95763,6.15359,5.77391,6.14135,3414356,0.0,1.0
1996-11-26,6.13785,6.20958,5.90514,5.91389,2071818,0.0,1.0
1996-11-27,5.98387,6.08886,5.94888,6.07136,1299673,0.0,1.0
1996-11-28,6.07136,6.10285,6.00137,6.04161,1484279,0.0,1.0
1996-11-29,6.03637,6.16759,6.02062,6.10635,2182124,0.0,1.0
1996-12-02,6.1396,6.50878,6.1396,6.45979,8028366,0.0,1.0
1996-12-03,6.47728,6.54377,6.30756,6.41079,4367678,0.0,1.0
1996-12-04,6.43879,6.43879,6.29882,6.36005,2674217,0.0,1.0
1996-12-05,6.3653,6.52627,6.36005,6.52627,7312232,0.0,1.0
1996-12-06,6.52277,6.55427,6.47378,6.48253,4838624,0.0,1.0
1996-12-09,6.47378,6.73623,6.47378,6.66625,5203835,0.0,1.0
1996-12-10,6.64875,6.66625,6.50878,6.59626,4321955,0.0,1.0
1996-12-11,6.59276,7.11766,6.59276,7.08267,18258861,0.0,1.0
1996-12-12,7.04767,7.26113,6.66625,6.70474,9713254,0.0,1.0
1996-12-13,6.73098,6.73098,6.51053,6.52627,6163444,0.0,1.0
1996-12-16,5.87365,6.12385,5.87365,5.87365,7747742,0.0,1.0
1996-12-17,5.29275,5.94888,5.29275,5.42398,6589239,0.0,1.0
1996-12-18,5.75292,5.96638,5.5832,5.96638,7887768,0.0,1.0
1996-12-19,5.96638,5.96638,5.96638,5.96638,0,0.0,1.0
1996-12-20,5.84215,5.84215,5.44148,5.79141,4931213,0.0,1.0
1996-12-23,5.68643,5.8264,5.68643,5.74767,2855965,0.0,1.0
1996-12-24,5.74767,6.26382,5.59895,5.92264,9365760,0.0,1.0
1996-12-25,6.04511,6.17634,5.91389,6.0976,4428832,0.0,1.0
1996-12-26,6.0976,6.12385,5.94888,6.10635,5024945,0.0,1.0
1996-12-27,6.12385,6.19384,6.00137,6.19384,6046851,0.0,1.0
1996-12-30,6.1326,6.50178,6.1326,6.39855,12417191,0.0,1.0
1996-12-31,6.41289,6.56477,6.27327,6.30266,16647619,0.0,1.0
1997-01-01,6.41289,6.56477,6.27327,6.30266,0,0.0,1.0
1997-01-02,6.32226,6.32226,6.1263,6.17774,5565181,0.0,1.0
1997-01-03,6.17774,6.21693,5.90339,5.97688,4176263,0.0,1.0
1997-01-06,5.87889,5.89849,5.65354,5.67068,5853239,0.0,1.0
1997-01-07,5.67558,5.87155,5.63394,5.78091,3104102,0.0,1.0
1997-01-08,5.79071,5.79071,5.66089,5.72702,2062175,0.0,1.0
1997-01-09,5.72702,5.82256,5.71967,5.75642,1674617,0.0,1.0
1997-01-10,5.75642,5.80786,5.71967,5.76377,2581155,0.0,1.0
1997-01-13,5.75887,5.79316,5.70988,5.73927,3254183,0.0,1.0
1997-01-14,5.73192,5.73192,5.56045,5.58495,4358513,0.0,1.0
1997-01-15,5.58495,5.76132,5.56045,5.75642,4352149,0.0,1.0
1997-01-16,5.75642,5.80786,5.67068,5.68293,1989913,0.0,1.0
1997-01-17,5.68293,5.76867,5.65354,5.71233,1947464,0.0,1.0
1997-01-20,5.68293,6.07486,5.65354,5.8544,3238029,0.0,1.0
1997-01-21,5.8495,5.8495,5.69518,5.73192,2436058,0.0,1.0
1997-01-22,5.68293,5.81766,5.66089,5.80051,2626196,0.0,1.0
1997-01-23,5.78091,5.81766,5.71967,5.75152,3049879,0.0,1.0
1997-01-24,5.70743,5.78091,5.68293,5.73192,2486994,0.0,1.0
1997-01-27,5.73192,5.80541,5.70743,5.74417,3016918,0.0,1.0
1997-01-28,5.75152,5.8544,5.75152,5.8299,3387290,0.0,1.0
1997-01-29,5.84215,6.00137,5.83235,5.94748,4373908,0.0,1.0
1997-01-30,5.92789,5.95238,5.89849,5.89849,2881962,0.0,1.0
1997-01-31,5.89849,5.95238,5.87889,5.90339,3889592,0.0,1.0
1997-02-03,5.89849,5.95238,5.87889,5.90339,0,0.0,1.0
1997-02-04,5.89849,5.95238,5.87889,5.90339,0,0.0,1.0
1997-02-05,5.89849,5.95238,5.87889,5.90339,0,0.0,1.0
1997-02-06,5.89849,5.95238,5.87889,5.90339,0,0.0,1.0
1997-02-07,5.89849,5.95238,5.87889,5.90339,0,0.0,1.0
1997-02-10,5.89849,5.95238,5.87889,5.90339,0,0.0,1.0
1997-02-11,5.89849,5.95238,5.87889,5.90339,0,0.0,1.0
1997-02-12,5.89849,5.95238,5.87889,5.90339,0,0.0,1.0
1997-02-13,5.89849,5.95238,5.87889,5.90339,0,0.0,1.0
1997-02-14,5.89849,5.95238,5.87889,5.90339,0,0.0,1.0
1997-02-17,5.88134,5.99647,5.77601,5.95238,3167093,0.0,1.0
1997-02-18,5.87889,6.33941,5.35959,5.42818,10049452,0.0,1.0
1997-02-19,5.48697,5.87889,5.48697,5.874,4521507,0.0,1.0
1997-02-20,5.28611,5.8495,5.28611,5.73682,7122102,0.0,1.0
1997-02-21,5.70743,6.03811,5.70743,6.00137,7261063,0.0,1.0
1997-02-24,6.00137,6.14834,5.92789,5.92789,8415974,0.0,1.0
1997-02-25,5.92789,6.07486,5.89114,5.97688,3900848,0.0,1.0
1997-02-26,5.97688,6.17284,5.97688,6.14344,9518010,0.0,1.0
1997-02-27,6.17529,6.27082,6.07486,6.10915,9701367,0.0,1.0
1997-02-28,6.1018,6.12385,6.00137,6.09935,3882073,0.0,1.0
1997-03-03,6.1263,6.17284,6.09935,6.16059,6051901,0.0,1.0
1997-03-04,6.14834,6.18999,6.09935,6.1263,5429719,0.0,1.0
1997-03-05,6.12385,6.18509,6.07486,6.08711,6121192,0.0,1.0
1997-03-06,6.07486,6.12385,6.02587,6.07976,4108568,0.0,1.0
1997-03-07,6.12385,6.41779,6.06261,6.34431,25328994,0.0,1.0
1997-03-10,6.41779,6.68479,6.41534,6.66275,87907072,0.0,1.0
1997-03-11,6.73868,6.85871,6.55252,6.626,40890907,0.0,1.0
1997-03-12,6.69949,6.73378,6.56477,6.62845,28530996,0.0,1.0
1997-03-13,6.6505,6.80972,6.53292,6.60151,19389825,0.0,1.0
1997-03-14,6.59906,6.59906,6.34431,6.54762,26724354,0.0,1.0
1997-03-17,6.61131,6.75583,6.57211,6.69949,49459265,0.0,1.0
1997-03-18,6.74848,7.37066,6.74848,7.37066,73541013,0.0,1.0
1997-03-19,7.49559,7.58867,7.16,7.17715,27270620,0.0,1.0
1997-03-20,7.12816,7.37311,6.76808,6.85871,22103110,0.0,1.0
1997-03-21,6.80972,7.15266,6.78522,7.11591,23395859,0.0,1.0
1997-03-24,7.34862,7.78464,7.27513,7.7234,43337200,0.0,1.0
1997-03-25,7.7283,7.80913,7.4711,7.59112,29098850,0.0,1.0
1997-03-26,7.59357,7.66706,7.4221,7.59357,23556094,0.0,1.0
1997-03-27,7.64256,7.68665,7.29963,7.39271,18186047,0.0,1.0
1997-03-28,7.34862,7.36821,7.10366,7.15266,21830953,0.0,1.0
1997-03-31,7.11591,7.33637,7.11591,7.21389,9667340,0.0,1.0
1997-04-01,7.28738,7.29963,7.12816,7.15266,9764509,0.0,1.0
1997-04-02,7.20165,7.32412,7.12816,7.1649,9818246,0.0,1.0
1997-04-03,7.22614,7.30943,7.14041,7.22614,11646279,0.0,1.0
1997-04-04,7.34862,7.72095,7.23839,7.49804,41331060,0.0,1.0
1997-04-07,7.47354,7.78954,7.45885,7.73075,36094177,0.0,1.0
1997-04-08,7.74054,7.75524,7.36087,7.38781,23282242,0.0,1.0
1997-04-09,7.39761,7.51274,7.31188,7.45395,21795901,0.0,1.0
1997-04-10,7.4711,7.4711,6.98609,7.30943,19709873,0.0,1.0
1997-04-11,7.25064,7.29963,7.10366,7.22614,14078091,0.0,1.0
1997-04-14,7.29963,7.51764,7.29963,7.37311,13973774,0.0,1.0
1997-04-15,7.37311,7.4221,7.31188,7.4221,11491446,0.0,1.0
1997-04-16,7.54458,7.83853,7.4466,7.54703,45422882,0.0,1.0
1997-04-17,7.59357,7.71115,7.4221,7.48334,20922590,0.0,1.0
1997-04-18,6.73623,7.27513,6.73623,7.07427,45657865,0.0,1.0
1997-04-21,7.09142,7.20165,6.9273,7.10366,23708257,0.0,1.0
1997-04-22,7.15266,7.17715,7.07917,7.11101,15114641,0.0,1.0
1997-04-23,7.11591,7.37311,7.11591,7.25799,14087746,0.0,1.0
1997-04-24,7.20165,7.25554,7.07672,7.14286,16242278,0.0,1.0
1997-04-25,7.14776,7.34617,7.07917,7.14776,21705301,0.0,1.0
1997-04-28,7.22614,7.78954,7.22614,7.52009,35796211,0.0,1.0
1997-04-29,7.61807,8.15697,7.54458,8.15697,57596154,0.0,1.0
1997-04-30,8.32843,8.42642,8.13492,8.32843,43970025,0.0,1.0
1997-05-01,8.32843,8.42642,8.13492,8.32843,0,0.0,1.0
1997-05-02,8.32843,8.42642,8.13492,8.32843,0,0.0,1.0
1997-05-05,8.37742,9.15883,8.35293,9.15883,37247941,0.0,1.0
1997-05-06,9.29845,9.92063,9.18577,9.84715,36499788,0.0,1.0
1997-05-07,9.92063,10.0431,9.43318,9.68548,34081399,0.0,1.0
1997-05-08,9.67568,10.0431,9.11229,9.16128,36970893,0.0,1.0
1997-05-09,9.18822,9.5728,8.84284,9.52871,34514521,0.0,1.0
1997-05-12,9.69528,9.74672,9.21027,9.3009,25552008,0.0,1.0
1997-05-13,9.17597,9.30825,8.86733,9.10004,23659758,0.0,1.0
1997-05-14,9.00941,9.01431,8.32843,8.37742,26796809,0.0,1.0
1997-05-15,8.32843,8.56849,8.04674,8.46316,20898578,0.0,1.0
1997-05-16,7.83853,8.32598,7.61807,7.83853,29719456,0.0,1.0
1997-05-19,7.91201,8.08103,7.72095,8.02224,14533295,0.0,1.0
1997-05-20,8.08348,8.59543,8.07123,8.47051,20414491,0.0,1.0
1997-05-21,8.47051,8.47051,8.47051,8.47051,0,0.0,1.0
1997-05-22,7.66951,7.961,7.62297,7.62297,19132380,0.0,1.0
1997-05-23,7.63276,7.94876,7.56908,7.86302,15908774,0.0,1.0
1997-05-26,7.961,8.08348,7.66706,7.89976,9341511,0.0,1.0
1997-05-27,7.89976,8.01979,7.57153,7.93406,12633657,0.0,1.0
1997-05-28,7.961,8.17411,7.84098,7.9855,11582871,0.0,1.0
1997-05-29,7.961,8.15697,7.93651,7.98795,8880955,0.0,1.0
1997-05-30,7.99775,8.23045,7.96345,8.23045,11796140,0.0,1.0
1997-06-02,8.37742,8.59788,8.32843,8.37742,12225494,0.0,1.0
1997-06-03,8.37742,8.5244,8.08348,8.40192,10392456,0.0,1.0
1997-06-04,8.47541,8.7669,8.46561,8.50235,10761260,0.0,1.0
1997-06-05,8.50235,8.62238,8.45091,8.56114,11026224,0.0,1.0
1997-06-06,8.13247,8.32843,7.88752,8.05898,22084188,0.0,1.0
1997-06-09,7.9855,8.03449,7.83853,7.95365,6311431,0.0,1.0
1997-06-10,8.03449,8.07858,7.74054,7.78954,4530811,0.0,1.0
1997-06-11,7.78954,7.83853,7.31922,7.61807,8514788,0.0,1.0
1997-06-12,7.71605,7.7283,7.56418,7.59357,3850797,0.0,1.0
1997-06-13,6.89055,7.59357,6.88321,7.54948,13122749,0.0,1.0
1997-06-16,7.56908,7.66461,7.4466,7.49314,7696271,0.0,1.0
1997-06-17,7.49069,7.59357,7.4417,7.45885,4393479,0.0,1.0
1997-06-18,7.4711,7.54458,7.34862,7.4466,3758784,0.0,1.0
1997-06-19,7.49559,7.59357,7.36087,7.4711,3723945,0.0,1.0
1997-06-20,7.56663,7.961,7.56663,7.961,7225109,0.0,1.0
1997-06-23,8.10798,8.37253,7.78954,8.03449,10325610,0.0,1.0
1997-06-24,8.03449,8.19371,8.03449,8.13247,4663591,0.0,1.0
1997-06-25,8.20106,8.23045,8.03449,8.04674,3678732,0.0,1.0
1997-06-26,8.03449,8.08348,7.95855,8.04674,4462382,0.0,1.0
1997-06-27,8.08348,8.13247,7.78954,7.81403,7914361,0.0,1.0
1997-06-30,8.08348,8.13247,7.78954,7.81403,0,0.0,1.0
1997-07-01,8.08348,8.13247,7.78954,7.81403,0,0.0,1.0
1997-07-02,7.76504,7.88752,7.10611,7.46865,7578188,0.0,1.0
1997-07-03,7.4711,7.48334,7.10121,7.25554,5441031,0.0,1.0
1997-07-04,7.17715,7.34862,7.10366,7.31188,3863061,0.0,1.0
1997-07-07,7.34862,7.37311,6.85871,6.96404,4103527,0.0,1.0
1997-07-08,6.9322,7.10121,6.73623,7.01793,4017665,0.0,1.0
1997-07-09,7.02038,7.15021,7.02038,7.07917,2214992,0.0,1.0
1997-07-10,7.07917,7.11591,7.00568,7.01793,2660778,0.0,1.0
1997-07-11,6.95669,7.17225,6.85871,7.15266,2700377,0.0,1.0
1997-07-14,7.16735,7.25064,7.10366,7.24819,5108185,0.0,1.0
1997-07-15,7.25064,7.28738,7.05467,7.14041,4275645,0.0,1.0
1997-07-16,7.10366,7.27023,7.05467,7.11591,4099064,0.0,1.0
1997-07-17,7.10366,7.26778,7.07917,7.18695,3421096,0.0,1.0
1997-07-18,7.18695,7.23839,7.10366,7.22124,3260050,0.0,1.0
1997-07-21,7.22124,7.25064,7.01793,7.04243,3336946,0.0,1.0
1997-07-22,7.00568,7.07917,6.83422,7.04732,4207346,0.0,1.0
1997-07-23,7.10366,7.14041,6.85871,6.9028,2996469,0.0,1.0
1997-07-24,6.85871,6.9077,6.82442,6.83666,3072002,0.0,1.0
1997-07-25,6.82197,6.82197,6.73623,6.77053,3375537,0.0,1.0
1997-07-28,6.61376,6.63825,6.36635,6.37615,4275547,0.0,1.0
1997-07-29,6.33941,6.49128,6.24388,6.3688,2731758,0.0,1.0
1997-07-30,6.3688,6.76073,6.3688,6.74603,3778702,0.0,1.0
1997-07-31,6.81952,6.81952,6.61376,6.66275,1663941,0.0,1.0
1997-08-01,6.67255,6.70439,6.54027,6.59906,1422031,0.0,1.0
1997-08-04,6.61376,6.61376,6.46678,6.52067,1519412,0.0,1.0
1997-08-05,6.52067,6.68479,6.37125,6.57456,1387526,0.0,1.0
1997-08-06,6.60886,6.61376,6.48883,6.49128,1261707,0.0,1.0
1997-08-07,6.49128,6.52802,6.41779,6.47413,1570912,0.0,1.0
1997-08-08,6.47413,6.63335,6.46678,6.54027,2496592,0.0,1.0
1997-08-11,5.88624,5.88624,5.88624,5.88624,2189799,0.0,1.0
1997-08-12,5.29835,5.29835,5.29835,5.29835,4847034,0.0,1.0
1997-08-13,4.76925,5.02156,4.76925,4.91133,27234556,0.0,1.0
1997-08-14,4.89908,5.14158,4.88683,5.13913,10456353,0.0,1.0
1997-08-15,5.14403,5.26651,5.073,5.09504,7316665,0.0,1.0
1997-08-18,5.08769,5.08769,5.00196,5.04605,4215870,0.0,1.0
1997-08-19,5.14158,5.19302,5.11954,5.16853,3031276,0.0,1.0
1997-08-20,5.19302,5.26651,5.19302,5.24201,2289781,0.0,1.0
1997-08-21,5.24201,5.34,5.24201,5.29345,2964614,0.0,1.0
1997-08-22,5.26651,5.29345,5.19302,5.21262,3376823,0.0,1.0
1997-08-25,5.22977,5.23712,5.09504,5.13179,4053354,0.0,1.0
1997-08-26,5.14403,5.26651,5.12934,5.18567,2938814,0.0,1.0
1997-08-27,5.29101,5.29101,5.18567,5.21262,2408167,0.0,1.0
1997-08-28,5.21752,5.28856,5.21752,5.26161,2989987,0.0,1.0
1997-08-29,5.26651,5.28366,5.14648,5.22242,2979042,0.0,1.0
1997-09-01,5.21507,5.21507,5.11464,5.18323,4037910,0.0,1.0
1997-09-02,5.18323,5.25916,5.16853,5.19792,2248304,0.0,1.0
1997-09-03,5.24201,5.36449,5.21752,5.35959,3777759,0.0,1.0
1997-09-04,5.38899,5.62904,5.38899,5.53596,4761291,0.0,1.0
1997-09-05,5.53596,5.58495,5.45757,5.50656,2840950,0.0,1.0
1997-09-08,5.51146,5.52371,5.38899,5.42083,2263695,0.0,1.0
1997-09-09,5.43308,5.53351,5.39144,5.40123,2322665,0.0,1.0
1997-09-10,5.41348,5.51146,5.41348,5.45512,1570826,0.0,1.0
1997-09-11,5.47962,5.58495,5.46737,5.49922,3042315,0.0,1.0
1997-09-12,5.51146,5.56045,5.34245,5.36449,1900014,0.0,1.0
1997-09-15,5.36449,5.41348,5.20527,5.20772,2014967,0.0,1.0
1997-09-16,5.23222,5.25916,5.18078,5.21017,1332495,0.0,1.0
1997-09-17,5.24201,5.25181,5.14648,5.17588,1090854,0.0,1.0
1997-09-18,5.17833,5.26161,5.17833,5.20527,920642,0.0,1.0
1997-09-19,5.21752,5.24201,5.20037,5.21997,733509,0.0,1.0
1997-09-22,5.21997,5.21997,4.95052,4.99706,1844747,0.0,1.0
1997-09-23,4.98481,4.98481,4.76435,4.83784,2634691,0.0,1.0
1997-09-24,4.89908,5.04605,4.89908,5.02401,2392258,0.0,1.0
1997-09-25,5.0338,5.11464,4.97501,5.00931,1203124,0.0,1.0
1997-09-26,4.99216,5.0338,4.95052,4.98726,878169,0.0,1.0
1997-09-29,4.97257,4.97257,4.88683,4.93092,1119557,0.0,1.0
1997-09-30,4.94807,5.00196,4.94807,4.98481,1016575,0.0,1.0
1997-10-01,4.94807,5.00196,4.94807,4.98481,0,0.0,1.0
1997-10-02,4.94807,5.00196,4.94807,4.98481,0,0.0,1.0
1997-10-03,4.94807,5.00196,4.94807,4.98481,0,0.0,1.0
1997-10-06,4.99706,5.18812,4.99706,5.08279,876581,0.0,1.0
1997-10-07,5.07055,5.08279,4.99706,5.08279,435131,0.0,1.0
1997-10-08,5.16363,5.3351,5.14158,5.22487,1603493,0.0,1.0
1997-10-09,5.20037,5.26651,5.15628,5.17098,728439,0.0,1.0
1997-10-10,5.19302,5.23222,5.15138,5.21752,976118,0.0,1.0
1997-10-13,5.25426,5.26406,5.15628,5.16363,603713,0.0,1.0
1997-10-14,5.14403,5.16853,5.09749,5.14648,622272,0.0,1.0
1997-10-15,5.19302,5.19302,5.14158,5.18078,628673,0.0,1.0
1997-10-16,5.21752,5.36694,5.21752,5.35224,2343461,0.0,1.0
1997-10-17,5.39144,5.5874,5.35959,5.56045,4608319,0.0,1.0
1997-10-20,5.58495,5.8495,5.5629,5.68293,6640873,0.0,1.0
1997-10-21,5.68293,5.68293,5.56045,5.61679,2584106,0.0,1.0
1997-10-22,5.61679,5.95238,5.61189,5.73192,10217402,0.0,1.0
1997-10-23,5.92299,6.00137,5.78091,5.79316,5052338,0.0,1.0
1997-10-24,5.8299,5.92789,5.75642,5.84215,4130777,0.0,1.0
1997-10-27,5.92789,6.42759,5.92789,6.42759,17983470,0.0,1.0
1997-10-28,6.43004,6.58681,6.01852,6.12385,12169696,0.0,1.0
1997-10-29,6.07486,6.18509,6.00137,6.17284,5795608,0.0,1.0
1997-10-30,6.24633,6.3933,6.1018,6.1263,4658937,0.0,1.0
1997-10-31,6.00137,6.1116,5.98912,6.08466,3459144,0.0,1.0
1997-11-03,6.08221,6.08221,5.97688,6.00627,1443696,0.0,1.0
1997-11-04,6.00627,6.07486,5.99647,6.00137,1478711,0.0,1.0
1997-11-05,6.00137,6.23408,5.98667,6.16304,1311720,0.0,1.0
1997-11-06,6.22183,6.24633,6.02587,6.05036,1605159,0.0,1.0
1997-11-07,6.08956,6.09935,6.00137,6.07486,1611842,0.0,1.0
1997-11-10,6.05036,6.1361,5.90339,5.95728,1861125,0.0,1.0
1997-11-11,5.92789,5.95238,5.84705,5.87889,1915830,0.0,1.0
1997-11-12,5.88134,5.92789,5.80541,5.8299,1519086,0.0,1.0
1997-11-13,5.80541,5.87889,5.68293,5.87889,1902672,0.0,1.0
1997-11-14,5.95238,6.00137,5.77601,5.90829,1641296,0.0,1.0
1997-11-17,5.90829,5.99647,5.80541,5.84215,1154552,0.0,1.0
1997-11-18,5.84215,5.8544,5.78091,5.78091,942765,0.0,1.0
1997-11-19,5.79316,5.79316,5.69518,5.72702,1218666,0.0,1.0
1997-11-20,5.73192,5.79316,5.68293,5.69518,1402178,0.0,1.0
1997-11-21,5.69518,5.69763,5.5972,5.62414,1966023,0.0,1.0
1997-11-24,5.57515,5.57515,5.40123,5.45023,1414576,0.0,1.0
1997-11-25,5.38899,5.51146,5.38899,5.46982,1142084,0.0,1.0
1997-11-26,5.48697,5.56045,5.48697,5.53106,956139,0.0,1.0
1997-11-27,5.48697,5.51146,5.48207,5.48207,773207,0.0,1.0
1997-11-28,5.48207,5.48697,5.43798,5.48452,1142288,0.0,1.0
1997-12-01,5.46247,5.48207,5.38899,5.41348,885579,0.0,1.0
1997-12-02,5.41348,5.46492,5.39144,5.40613,697274,0.0,1.0
1997-12-03,5.43798,5.43798,5.3155,5.35224,1108376,0.0,1.0
1997-12-04,5.34,5.43798,5.3008,5.37919,1063833,0.0,1.0
1997-12-05,5.43798,5.47472,5.38409,5.38899,943606,0.0,1.0
1997-12-08,5.40858,5.47227,5.35224,5.37674,1167983,0.0,1.0
1997-12-09,5.38899,5.43798,5.38164,5.41103,971999,0.0,1.0
1997-12-10,5.44288,5.53106,5.40368,5.51881,998510,0.0,1.0
1997-12-11,5.53596,5.58495,5.47472,5.56535,946815,0.0,1.0
1997-12-12,5.54821,5.68293,5.54821,5.54821,1762307,0.0,1.0
1997-12-15,5.52371,5.60455,5.46247,5.52861,1118308,0.0,1.0
1997-12-16,5.56045,5.62169,5.48697,5.62169,1138839,0.0,1.0
1997-12-17,5.60455,5.60455,5.42083,5.43798,1166546,0.0,1.0
1997-12-18,5.40858,5.48697,5.36449,5.43798,1050626,0.0,1.0
1997-12-19,5.42573,5.43798,5.39144,5.42083,1115001,0.0,1.0
1997-12-22,5.45757,5.46247,5.32775,5.38899,2319134,0.0,1.0
1997-12-23,5.38899,5.78091,5.37674,5.5776,2787826,0.0,1.0
1997-12-24,5.5727,5.5972,5.46247,5.48697,1222222,0.0,1.0
1997-12-25,5.45267,5.51146,5.43798,5.44043,1348613,0.0,1.0
1997-12-26,5.51146,5.58495,5.47717,5.48697,1502270,0.0,1.0
1997-12-29,5.51146,5.62904,5.46247,5.48697,1659067,0.0,1.0
1997-12-30,5.48697,5.55311,5.46247,5.46492,1266471,0.0,1.0
1997-12-31,5.45023,5.5776,5.41838,5.50656,1570491,0.0,1.0
1998-01-01,5.45023,5.5776,5.41838,5.50656,0,0.0,1.0
1998-01-02,5.45023,5.5776,5.41838,5.50656,0,0.0,1.0
1998-01-05,5.50656,5.69028,5.43308,5.61924,3173960,0.0,1.0
1998-01-06,5.61924,5.63394,5.56045,5.58495,2739662,0.0,1.0
1998-01-07,5.60945,5.80051,5.5972,5.74417,3936634,0.0,1.0
1998-01-08,5.73192,5.74417,5.5972,5.60945,1990488,0.0,1.0
1998-01-09,5.58495,5.825,5.51636,5.79561,3929739,0.0,1.0
1998-01-12,5.8299,5.92299,5.63394,5.63394,3483953,0.0,1.0
1998-01-13,5.58495,5.58495,5.07055,5.38899,4426644,0.0,1.0
1998-01-14,5.38899,5.48207,5.38899,5.43798,2737923,0.0,1.0
1998-01-15,5.46492,5.53596,5.39389,5.42573,2237519,0.0,1.0
1998-01-16,5.41348,5.48697,5.38899,5.45023,1554549,0.0,1.0
1998-01-19,5.43798,5.46247,5.36449,5.37674,1992987,0.0,1.0
1998-01-20,5.41593,5.41593,5.33755,5.34,1554337,0.0,1.0
1998-01-21,5.34245,5.38899,5.31795,5.35224,1552855,0.0,1.0
1998-01-22,5.35469,5.39878,5.34,5.37429,1370964,0.0,1.0
1998-01-23,5.37674,5.46247,5.37674,5.43798,953616,0.0,1.0
1998-01-26,5.37674,5.46247,5.37674,5.43798,0,0.0,1.0
1998-01-27,5.37674,5.46247,5.37674,5.43798,0,0.0,1.0
1998-01-28,5.37674,5.46247,5.37674,5.43798,0,0.0,1.0
1998-01-29,5.37674,5.46247,5.37674,5.43798,0,0.0,1.0
1998-01-30,5.37674,5.46247,5.37674,5.43798,0,0.0,1.0
1998-02-02,5.37674,5.46247,5.37674,5.43798,0,0.0,1.0
1998-02-03,5.37674,5.46247,5.37674,5.43798,0,0.0,1.0
1998-02-04,5.37674,5.46247,5.37674,5.43798,0,0.0,1.0
1998-02-05,5.37674,5.46247,5.37674,5.43798,0,0.0,1.0
1998-02-06,5.37674,5.46247,5.37674,5.43798,0,0.0,1.0
1998-02-09,5.62904,5.63394,5.51146,5.51881,1483267,0.0,1.0
1998-02-10,5.48207,5.50412,5.42328,5.43553,911163,0.0,1.0
1998-02-11,5.42573,5.56045,5.38899,5.46492,1143333,0.0,1.0
1998-02-12,5.51146,5.53351,5.38654,5.43308,1320697,0.0,1.0
1998-02-13,5.43308,5.48207,5.38899,5.41103,1244581,0.0,1.0
1998-02-16,5.38899,5.41348,5.34,5.34,1446329,0.0,1.0
1998-02-17,5.34,5.41348,5.32775,5.34734,1408371,0.0,1.0
1998-02-18,5.38899,5.38899,5.30325,5.3155,1048932,0.0,1.0
1998-02-19,5.3106,5.33755,5.25426,5.29345,1013648,0.0,1.0
1998-02-20,5.30325,5.36449,5.28611,5.3008,960450,0.0,1.0
1998-02-23,5.29101,5.29101,4.90643,5.11464,1726982,0.0,1.0
1998-02-24,5.10729,5.10729,5.0485,5.0681,1465802,0.0,1.0
1998-02-25,5.07055,5.24201,5.0583,5.11464,1110850,0.0,1.0
1998-02-26,5.09504,5.21507,5.0583,5.20527,1090834,0.0,1.0
1998-02-27,5.20527,5.26161,5.10729,5.14158,723695,0.0,1.0
1998-03-02,5.0583,5.19302,4.93337,5.073,1394956,0.0,1.0
1998-03-03,5.0583,5.09504,5.02156,5.08279,883717,0.0,1.0
1998-03-04,5.11709,5.11709,5.04605,5.07055,922896,0.0,1.0
1998-03-05,5.11219,5.14403,5.00931,5.02645,1522637,0.0,1.0
1998-03-06,5.0289,5.09014,4.94562,4.97746,2210958,0.0,1.0
1998-03-09,4.97257,4.97257,4.89173,4.91378,2123681,0.0,1.0
1998-03-10,4.90153,5.16363,4.89908,5.0583,2048712,0.0,1.0
1998-03-11,5.09504,5.11464,4.94807,4.97257,1274525,0.0,1.0
1998-03-12,4.94807,4.97012,4.92357,4.94807,953057,0.0,1.0
1998-03-13,4.93092,5.01421,4.89908,4.95297,756685,0.0,1.0
1998-03-16,4.96032,4.99706,4.87458,4.91868,1409387,0.0,1.0
1998-03-17,4.92357,4.94807,4.89908,4.92357,1492113,0.0,1.0
1998-03-18,4.92357,4.94317,4.89908,4.89908,1308352,0.0,1.0
1998-03-19,4.89908,5.09014,4.82559,4.96277,2516020,0.0,1.0
1998-03-20,4.93827,5.08279,4.89908,4.97257,1502638,0.0,1.0
1998-03-23,4.89908,4.94807,4.89418,4.90398,1390412,0.0,1.0
1998-03-24,4.89908,4.91868,4.87458,4.88683,1384881,0.0,1.0
1998-03-25,4.92357,5.04115,4.86234,4.97257,1720258,0.0,1.0
1998-03-26,4.97257,4.97257,4.89418,4.89908,1187542,0.0,1.0
1998-03-27,4.89908,5.14403,4.89908,5.09504,3338256,0.0,1.0
1998-03-30,5.11954,5.21752,5.04605,5.14893,2914250,0.0,1.0
1998-03-31,5.11464,5.18078,5.04605,5.06565,1658504,0.0,1.0
1998-04-01,5.07055,5.07055,4.97257,5.01176,1769145,0.0,1.0
1998-04-02,5.02401,5.51391,5.02156,5.51391,8064140,0.0,1.0
1998-04-03,5.63394,6.05036,5.63394,5.69273,19217735,0.0,1.0
1998-04-06,5.70743,5.73192,5.52616,5.58495,5615492,0.0,1.0
1998-04-07,5.58495,5.58495,5.44043,5.44043,3092438,0.0,1.0
1998-04-08,5.43553,5.63394,5.34,5.48697,4445497,0.0,1.0
1998-04-09,5.51146,5.51146,5.34,5.35959,3102910,0.0,1.0
1998-04-10,5.34,5.41348,5.28611,5.37184,2198466,0.0,1.0
1998-04-13,5.89849,5.90339,5.52371,5.60945,8304716,0.0,1.0
1998-04-14,5.60945,5.72702,5.58495,5.5923,4208661,0.0,1.0
1998-04-15,5.58005,5.5825,5.51636,5.53596,2003683,0.0,1.0
1998-04-16,5.51636,5.53106,5.38899,5.44288,3006308,0.0,1.0
1998-04-17,5.44288,5.44288,5.3106,5.32775,2138794,0.0,1.0
1998-04-20,5.35224,5.51146,5.23712,5.24201,1806760,0.0,1.0
1998-04-21,5.24201,5.39878,5.19302,5.24201,2260241,0.0,1.0
1998-04-22,5.24201,5.47472,5.24201,5.44778,2669457,0.0,1.0
1998-04-23,5.46247,5.51146,5.29101,5.3155,1930171,0.0,1.0
1998-04-24,5.3155,5.37919,5.19302,5.26651,2518914,0.0,1.0
1998-04-27,5.19302,5.23956,5.13913,5.16853,2595717,0.0,1.0
1998-04-28,5.19302,5.34,5.18078,5.32775,1924750,0.0,1.0
1998-04-29,5.32775,5.35959,5.21752,5.23467,1793439,0.0,1.0
1998-04-30,5.21752,5.33755,5.21262,5.25671,1770190,0.0,1.0
1998-05-01,5.21752,5.33755,5.21262,5.25671,0,0.0,1.0
1998-05-04,5.29101,5.45757,5.21507,5.3351,2974241,0.0,1.0
1998-05-05,5.34245,5.43798,5.28611,5.29101,2034170,0.0,1.0
1998-05-06,5.27876,5.34,5.24201,5.24201,1835039,0.0,1.0
1998-05-07,5.24201,5.3155,5.15628,5.16853,2350830,0.0,1.0
1998-05-08,5.16853,5.26651,5.16853,5.25181,1994514,0.0,1.0
1998-05-11,5.26896,5.37429,5.24201,5.27876,2788700,0.0,1.0
1998-05-12,5.34734,5.38409,5.21752,5.22977,1689575,0.0,1.0
1998-05-13,5.24201,5.42818,5.21752,5.34,3213833,0.0,1.0
1998-05-14,5.34245,5.38899,5.26651,5.29835,2356676,0.0,1.0
1998-05-15,5.3155,5.58495,5.29345,5.44533,6979087,0.0,1.0
1998-05-18,5.56045,5.58495,5.38899,5.41838,3010280,0.0,1.0
1998-05-19,5.43798,5.48207,5.3351,5.3351,1319901,0.0,1.0
1998-05-20,5.3351,5.37674,5.26651,5.28611,1358076,0.0,1.0
1998-05-21,5.28611,5.28611,5.22977,5.26161,1359705,0.0,1.0
1998-05-22,5.28611,5.3351,5.26406,5.26651,1795864,0.0,1.0
1998-05-25,5.26651,5.28611,5.16853,5.22977,2815852,0.0,1.0
1998-05-26,5.22977,5.27631,5.19302,5.21507,1851793,0.0,1.0
1998-05-27,5.21262,5.21752,5.17098,5.18812,2169400,0.0,1.0
1998-05-28,5.21752,5.3155,5.21752,5.24691,1617324,0.0,1.0
1998-05-29,5.2959,5.35959,5.24201,5.30815,1066184,0.0,1.0
1998-06-01,5.29101,5.29101,5.18812,5.22977,3201549,0.0,1.0
1998-06-02,5.22977,5.26651,5.18323,5.20282,1764544,0.0,1.0
1998-06-03,5.20282,5.21752,5.13913,5.21752,2521335,0.0,1.0
1998-06-04,5.24201,5.31305,5.17343,5.18812,1285711,0.0,1.0
1998-06-05,5.21752,5.26651,5.17588,5.18812,1978772,0.0,1.0
1998-06-08,5.20527,5.26651,5.18812,5.19302,1803543,0.0,1.0
1998-06-09,5.19547,5.20037,5.04605,5.09504,1926550,0.0,1.0
1998-06-10,5.09504,5.18078,5.02156,5.09749,1594451,0.0,1.0
1998-06-11,5.10729,5.16853,4.99706,5.01421,1164872,0.0,1.0
1998-06-12,5.09504,5.14403,5.02156,5.09504,1717531,0.0,1.0
1998-06-15,5.09504,5.36939,5.09504,5.16363,3373218,0.0,1.0
1998-06-16,5.16363,5.16853,5.00931,5.09014,1591895,0.0,1.0
1998-06-17,5.06075,5.19302,5.02156,5.09014,1041392,0.0,1.0
1998-06-18,5.10484,5.16853,5.09749,5.12444,892784,0.0,1.0
1998-06-19,5.13179,5.30325,5.13179,5.24691,2207786,0.0,1.0
1998-06-22,5.34,5.50656,5.27876,5.49677,6793885,0.0,1.0
1998-06-23,5.49677,5.53596,5.38899,5.43798,3102044,0.0,1.0
1998-06-24,5.44043,5.48452,5.34,5.41838,2154438,0.0,1.0
1998-06-25,5.47472,5.47717,5.20527,5.24201,1667979,0.0,1.0
1998-06-26,5.3106,5.3106,5.21752,5.2959,1209631,0.0,1.0
1998-06-29,5.26161,5.26651,5.11464,5.14403,1706235,0.0,1.0
1998-06-30,5.14403,5.14403,5.14403,5.14403,0,0.0,1.0
1998-07-01,5.10729,5.19302,4.90398,4.91133,1710534,0.0,1.0
1998-07-02,4.91868,5.24201,4.91623,5.21752,1936891,0.0,1.0
1998-07-03,5.21752,5.25426,5.07055,5.07055,1483205,0.0,1.0
1998-07-06,5.14403,5.15628,5.04605,5.0485,975424,0.0,1.0
1998-07-07,5.09014,5.09014,5.02156,5.07055,612776,0.0,1.0
1998-07-08,5.10729,5.10729,5.04605,5.09014,523539,0.0,1.0
1998-07-09,5.07055,5.09504,4.99216,5.01911,822942,0.0,1.0
1998-07-10,5.02156,5.09504,5.02156,5.0436,825600,0.0,1.0
1998-07-13,5.0436,5.0436,4.97501,4.98726,1200393,0.0,1.0
1998-07-14,4.98726,4.99706,4.93582,4.94317,1354789,0.0,1.0
1998-07-15,4.93582,4.96032,4.92112,4.92357,1006524,0.0,1.0
1998-07-16,4.92357,5.0338,4.92357,4.93827,831001,0.0,1.0
1998-07-17,4.94807,4.95052,4.86234,4.88438,1516677,0.0,1.0
1998-07-20,4.87703,4.87703,4.65412,4.68352,1512937,0.0,1.0
1998-07-21,4.68352,4.89908,4.64188,4.82559,1645264,0.0,1.0
1998-07-22,4.82559,4.82559,4.67862,4.69087,856671,0.0,1.0
1998-07-23,4.69822,4.7668,4.69822,4.70312,815059,0.0,1.0
1998-07-24,4.70557,4.76435,4.70557,4.73986,866396,0.0,1.0
1998-07-27,4.73986,4.73986,4.64923,4.67862,1079419,0.0,1.0
1998-07-28,4.65412,4.70312,4.65412,4.68842,702977,0.0,1.0
1998-07-29,4.67862,4.70801,4.67862,4.69332,654629,0.0,1.0
1998-07-30,4.72026,4.82314,4.72026,4.80355,1036407,0.0,1.0
1998-07-31,4.82069,4.82069,4.73251,4.7619,500780,0.0,1.0
1998-08-03,4.76925,4.7766,4.69087,4.69577,561501,0.0,1.0
1998-08-04,4.70312,4.70801,4.65657,4.67862,685958,0.0,1.0
1998-08-05,4.67862,4.7766,4.67862,4.71046,378675,0.0,1.0
1998-08-06,4.72271,4.76435,4.65412,4.65657,519363,0.0,1.0
1998-08-07,4.67862,4.70312,4.56839,4.59289,1393817,0.0,1.0
1998-08-10,4.55614,4.55614,4.41652,4.41652,1176184,0.0,1.0
1998-08-11,4.40917,4.44591,4.28669,4.28914,1144297,0.0,1.0
1998-08-12,4.28669,4.28914,4.04174,4.17157,1650947,0.0,1.0
1998-08-13,4.17157,4.24995,4.17157,4.20831,1216923,0.0,1.0
1998-08-14,3.97805,4.04174,3.92416,3.94376,1806474,0.0,1.0
1998-08-17,3.84088,3.84578,3.54938,3.54938,2988807,0.0,1.0
1998-08-18,3.47345,3.63757,3.38036,3.4759,2357137,0.0,1.0
1998-08-19,3.47835,3.61552,3.47835,3.61307,1662582,0.0,1.0
1998-08-20,3.61307,3.79189,3.45875,3.78454,1477486,0.0,1.0
1998-08-21,3.78944,3.91436,3.78454,3.83598,2491048,0.0,1.0
1998-08-24,3.83598,3.83598,3.72085,3.738,1736857,0.0,1.0
1998-08-25,3.7233,3.7233,3.64981,3.7184,1377132,0.0,1.0
1998-08-26,3.6988,3.77229,3.66206,3.66206,1062175,0.0,1.0
1998-08-27,3.64981,3.64981,3.61062,3.61307,938409,0.0,1.0
1998-08-28,3.62532,3.72575,3.60082,3.67186,1173404,0.0,1.0
1998-08-31,3.60817,3.69146,3.4661,3.69146,1219135,0.0,1.0
1998-09-01,3.67431,3.738,3.58123,3.71105,1184116,0.0,1.0
1998-09-02,3.68166,3.71105,3.62532,3.64736,607927,0.0,1.0
1998-09-03,3.62532,3.6988,3.62287,3.64002,572352,0.0,1.0
1998-09-04,3.67431,3.6988,3.65226,3.68166,910579,0.0,1.0
1998-09-07,3.69391,3.6988,3.64981,3.67431,834136,0.0,1.0
1998-09-08,3.68656,3.77229,3.67431,3.68166,966778,0.0,1.0
1998-09-09,3.68656,3.7429,3.64491,3.7233,1037317,0.0,1.0
1998-09-10,3.7233,3.85802,3.7233,3.82128,2931012,0.0,1.0
1998-09-11,3.82128,3.82128,3.73555,3.76984,1426382,0.0,1.0
1998-09-14,3.76984,3.9903,3.71105,3.96335,3995294,0.0,1.0
1998-09-15,3.96825,4.005,3.81148,3.81148,2386979,0.0,1.0
1998-09-16,3.80903,3.90702,3.80169,3.86537,1775918,0.0,1.0
1998-09-17,3.88987,4.10053,3.87272,3.88987,3767704,0.0,1.0
1998-09-18,3.89477,4.01235,3.85802,3.87762,3089381,0.0,1.0
1998-09-21,3.87027,3.87027,3.76739,3.82128,1404586,0.0,1.0
1998-09-22,3.85802,3.87027,3.77719,3.79679,828176,0.0,1.0
1998-09-23,3.79679,3.82128,3.76004,3.77719,684590,0.0,1.0
1998-09-24,3.77719,3.79189,3.68656,3.68656,899761,0.0,1.0
1998-09-25,3.67431,3.7478,3.65961,3.7282,682802,0.0,1.0
1998-09-28,3.7233,3.79679,3.7233,3.77229,597080,0.0,1.0
1998-09-29,3.82128,3.96335,3.79679,3.83108,1473477,0.0,1.0
1998-09-30,3.84823,3.87027,3.82128,3.84088,669416,0.0,1.0
1998-10-01,3.84823,3.87027,3.82128,3.84088,0,0.0,1.0
1998-10-02,3.84823,3.87027,3.82128,3.84088,0,0.0,1.0
1998-10-05,3.83108,3.84088,3.76004,3.76249,611544,0.0,1.0
1998-10-06,3.77229,3.78454,3.71105,3.7184,703622,0.0,1.0
1998-10-07,3.7233,3.7233,3.68656,3.69636,651294,0.0,1.0
1998-10-08,3.78454,3.79189,3.7233,3.7233,407219,0.0,1.0
1998-10-09,3.72575,3.79434,3.70125,3.76004,708007,0.0,1.0
1998-10-12,3.70125,3.7478,3.67676,3.7037,1117230,0.0,1.0
1998-10-13,3.7478,3.84578,3.7135,3.7429,943696,0.0,1.0
1998-10-14,3.73555,3.74535,3.6988,3.6988,658385,0.0,1.0
1998-10-15,3.7233,3.84578,3.6988,3.78454,1335304,0.0,1.0
1998-10-16,3.80903,3.90702,3.80903,3.82373,1990399,0.0,1.0
1998-10-19,3.84578,3.88252,3.77229,3.77719,932518,0.0,1.0
1998-10-20,3.77719,3.77719,3.7233,3.73065,737694,0.0,1.0
1998-10-21,3.73555,3.7478,3.67676,3.68166,1917532,0.0,1.0
1998-10-22,3.67431,3.67431,3.54203,3.65471,1405681,0.0,1.0
1998-10-23,3.64981,3.7233,3.64981,3.66451,1005495,0.0,1.0
1998-10-26,3.66206,3.66206,3.55183,3.58123,1262437,0.0,1.0
1998-10-27,3.57633,3.64981,3.54693,3.57633,660079,0.0,1.0
1998-10-28,3.57633,3.58858,3.53469,3.53713,1428064,0.0,1.0
1998-10-29,3.56163,3.58858,3.55183,3.58613,848539,0.0,1.0
1998-10-30,3.56408,3.65471,3.56408,3.60082,814320,0.0,1.0
1998-11-02,3.60082,3.60082,3.54693,3.56408,833969,0.0,1.0
1998-11-03,3.57878,3.64491,3.55183,3.60082,867281,0.0,1.0
1998-11-04,3.60082,3.62532,3.55183,3.56653,841223,0.0,1.0
1998-11-05,3.56898,3.62532,3.56898,3.59592,1037134,0.0,1.0
1998-11-06,3.63757,3.71105,3.61797,3.66451,1623766,0.0,1.0
1998-11-09,3.67431,3.81883,3.66206,3.78454,2664170,0.0,1.0
1998-11-10,3.79679,4.005,3.79679,3.89477,6155218,0.0,1.0
1998-11-11,3.89967,3.91436,3.83598,3.85068,2003740,0.0,1.0
1998-11-12,3.84578,4.00255,3.83353,3.87027,3150874,0.0,1.0
1998-11-13,3.87027,3.89477,3.80169,3.83108,1206231,0.0,1.0
1998-11-16,3.87027,3.96825,3.84578,3.90946,2745610,0.0,1.0
1998-11-17,3.94131,4.10298,3.90946,4.05399,6785778,0.0,1.0
1998-11-18,4.05399,4.09073,3.9756,3.98295,3902774,0.0,1.0
1998-11-19,3.9756,3.9805,3.84578,3.88252,2181402,0.0,1.0
1998-11-20,3.86537,3.90457,3.84088,3.87027,2016518,0.0,1.0
1998-11-23,3.87027,3.87027,3.83598,3.84823,875973,0.0,1.0
1998-11-24,3.85802,3.88987,3.84578,3.85068,751823,0.0,1.0
1998-11-25,3.86537,3.89477,3.77474,3.79434,998759,0.0,1.0
1998-11-26,3.78209,3.82128,3.74535,3.75514,1205067,0.0,1.0
1998-11-27,3.76739,3.82128,3.76004,3.76739,867143,0.0,1.0
1998-11-30,3.76004,3.77229,3.75269,3.76739,594642,0.0,1.0
1998-12-01,3.76739,3.81638,3.7282,3.73555,584763,0.0,1.0
1998-12-02,3.7233,3.7282,3.66941,3.7282,924647,0.0,1.0
1998-12-03,3.73555,3.7429,3.6988,3.6988,542208,0.0,1.0
1998-12-04,3.70125,3.77964,3.66941,3.68656,714347,0.0,1.0
1998-12-07,3.7233,3.77719,3.67676,3.68901,553573,0.0,1.0
1998-12-08,3.6988,3.7233,3.69636,3.7037,445447,0.0,1.0
1998-12-09,3.7037,3.72085,3.69636,3.7037,496350,0.0,1.0
1998-12-10,3.7233,3.7282,3.66696,3.66696,536154,0.0,1.0
1998-12-11,3.66696,3.67431,3.63757,3.67431,549789,0.0,1.0
1998-12-14,3.60082,3.65226,3.60082,3.62287,537358,0.0,1.0
1998-12-15,3.62287,3.66451,3.60082,3.66206,622693,0.0,1.0
1998-12-16,3.69636,3.6988,3.62287,3.62532,353536,0.0,1.0
1998-12-17,3.62532,3.64981,3.60082,3.61062,460074,0.0,1.0
1998-12-18,3.60327,3.60327,3.56653,3.57633,683541,0.0,1.0
1998-12-21,3.59592,3.59592,3.55183,3.57633,376814,0.0,1.0
1998-12-22,3.58123,3.66451,3.58123,3.64981,373682,0.0,1.0
1998-12-23,3.64981,3.64981,3.59837,3.60082,368641,0.0,1.0
1998-12-24,3.60082,3.60082,3.55183,3.56408,505511,0.0,1.0
1998-12-25,3.70125,3.70615,3.56408,3.60327,277183,0.0,1.0
1998-12-28,3.60327,3.64981,3.58368,3.60082,354761,0.0,1.0
1998-12-29,3.56408,3.60082,3.55183,3.56408,410649,0.0,1.0
1998-12-30,3.55428,3.77719,3.55428,3.76004,2802457,0.0,1.0
1998-12-31,3.76984,3.82128,3.6988,3.7184,2050218,0.0,1.0
1999-01-01,3.76984,3.82128,3.6988,3.7184,0,0.0,1.0
1999-01-04,3.68656,3.7184,3.61552,3.61552,639063,0.0,1.0
1999-01-05,3.60082,3.67186,3.58123,3.65961,736979,0.0,1.0
1999-01-06,3.67431,3.79189,3.66941,3.7233,876973,0.0,1.0
1999-01-07,3.7429,3.76739,3.67921,3.6988,743805,0.0,1.0
1999-01-08,3.6988,3.78454,3.6988,3.76739,1217159,0.0,1.0
1999-01-11,3.76739,3.85802,3.73065,3.82863,1757506,0.0,1.0
1999-01-12,3.82128,3.84578,3.75514,3.76249,938078,0.0,1.0
1999-01-13,3.73555,3.75759,3.67676,3.69636,848074,0.0,1.0
1999-01-14,3.68656,3.7429,3.67921,3.6988,652229,0.0,1.0
1999-01-15,3.72575,3.7282,3.68656,3.69391,524209,0.0,1.0
1999-01-18,3.67186,3.7037,3.57633,3.66206,1177091,0.0,1.0
1999-01-19,3.64981,3.66206,3.61307,3.62777,1065037,0.0,1.0
1999-01-20,3.63757,3.68166,3.62532,3.64491,469745,0.0,1.0
1999-01-21,3.64736,3.64981,3.61307,3.63512,519494,0.0,1.0
1999-01-22,3.62777,3.67676,3.61307,3.64981,660524,0.0,1.0
1999-01-25,3.64247,3.66206,3.60082,3.60572,655887,0.0,1.0
1999-01-26,3.60572,3.60572,3.57878,3.59347,686549,0.0,1.0
1999-01-27,3.59592,3.59592,3.57878,3.57878,642451,0.0,1.0
1999-01-28,3.58123,3.66696,3.58123,3.58858,370947,0.0,1.0
1999-01-29,3.58858,3.58858,3.55428,3.56653,626591,0.0,1.0
1999-02-01,3.56653,3.57143,3.49059,3.50284,903027,0.0,1.0
1999-02-02,3.50284,3.55183,3.50284,3.51754,494713,0.0,1.0
1999-02-03,3.52734,3.54203,3.50284,3.51264,476404,0.0,1.0
1999-02-04,3.51509,3.52489,3.49059,3.49059,522955,0.0,1.0
1999-02-05,3.48325,3.48325,3.39996,3.41221,748553,0.0,1.0
1999-02-08,3.40241,3.40486,3.30688,3.31178,1103808,0.0,1.0
1999-02-09,3.31913,3.40486,3.31913,3.40241,590360,0.0,1.0
1999-02-10,3.31913,3.40486,3.31913,3.40241,0,0.0,1.0
1999-02-11,3.31913,3.40486,3.31913,3.40241,0,0.0,1.0
1999-02-12,3.31913,3.40486,3.31913,3.40241,0,0.0,1.0
1999-02-15,3.31913,3.40486,3.31913,3.40241,0,0.0,1.0
1999-02-16,3.31913,3.40486,3.31913,3.40241,0,0.0,1.0
1999-02-17,3.31913,3.40486,3.31913,3.40241,0,0.0,1.0
1999-02-18,3.31913,3.40486,3.31913,3.40241,0,0.0,1.0
1999-02-19,3.31913,3.40486,3.31913,3.40241,0,0.0,1.0
1999-02-22,3.31913,3.40486,3.31913,3.40241,0,0.0,1.0
1999-02-23,3.31913,3.40486,3.31913,3.40241,0,0.0,1.0
1999-02-24,3.31913,3.40486,3.31913,3.40241,0,0.0,1.0
1999-02-25,3.31913,3.40486,3.31913,3.40241,0,0.0,1.0
1999-02-26,3.31913,3.40486,3.31913,3.40241,0,0.0,1.0
1999-03-01,3.40241,3.4465,3.36812,3.42446,476559,0.0,1.0
1999-03-02,3.42446,3.42446,3.37547,3.37547,395258,0.0,1.0
1999-03-03,3.38036,3.45385,3.37057,3.4416,650126,0.0,1.0
1999-03-04,3.4416,3.48814,3.4318,3.44895,430922,0.0,1.0
1999-03-05,3.45385,3.52734,3.4416,3.4612,424757,0.0,1.0
1999-03-08,3.47835,3.47835,3.38036,3.40241,819795,0.0,1.0
1999-03-09,3.42446,3.46365,3.39261,3.41466,491039,0.0,1.0
1999-03-10,3.42446,3.42691,3.35587,3.36812,537693,0.0,1.0
1999-03-11,3.36812,3.42201,3.35832,3.41711,443557,0.0,1.0
1999-03-12,3.41711,3.45385,3.39261,3.41221,636267,0.0,1.0
1999-03-15,3.42691,3.50284,3.41711,3.4661,831283,0.0,1.0
1999-03-16,3.44405,3.44895,3.42936,3.44405,657483,0.0,1.0
1999-03-17,3.4416,3.52734,3.4416,3.45385,974191,0.0,1.0
1999-03-18,3.45385,3.52979,3.42936,3.4612,833565,0.0,1.0
1999-03-19,3.4612,3.47835,3.42446,3.45875,822514,0.0,1.0
1999-03-22,3.4612,3.50529,3.4367,3.44895,864856,0.0,1.0
1999-03-23,3.47835,3.47835,3.42446,3.4416,760429,0.0,1.0
1999-03-24,3.4612,3.51509,3.42936,3.43425,834798,0.0,1.0
1999-03-25,3.45385,3.45385,3.41711,3.42446,700401,0.0,1.0
1999-03-26,3.41711,3.42936,3.38036,3.40976,631911,0.0,1.0
1999-03-29,3.40486,3.40486,3.35587,3.39261,771819,0.0,1.0
1999-03-30,3.40486,3.42936,3.36322,3.37057,574737,0.0,1.0
1999-03-31,3.37547,3.45385,3.37057,3.39016,359170,0.0,1.0
1999-04-01,3.39506,3.4661,3.39506,3.42936,778481,0.0,1.0
1999-04-02,3.45385,3.48814,3.42936,3.48325,1353491,0.0,1.0
1999-04-05,3.50284,3.50284,3.44405,3.47345,893478,0.0,1.0
1999-04-06,3.4612,3.46365,3.42936,3.4416,987778,0.0,1.0
1999-04-07,3.44405,3.49304,3.43425,3.4808,1279873,0.0,1.0
1999-04-08,3.49304,3.55183,3.44895,3.4612,1127951,0.0,1.0
1999-04-09,3.47345,3.47345,3.42446,3.4367,1019939,0.0,1.0
1999-04-12,3.4367,3.4416,3.39261,3.40486,1291235,0.0,1.0
1999-04-13,3.42691,3.42691,3.38036,3.39016,748067,0.0,1.0
1999-04-14,3.39016,3.42936,3.37302,3.39751,633037,0.0,1.0
1999-04-15,3.40486,3.50039,3.39996,3.40241,817354,0.0,1.0
1999-04-16,3.43425,3.4416,3.38526,3.39261,835373,0.0,1.0
1999-04-19,3.41466,3.53958,3.40731,3.49304,2917989,0.0,1.0
1999-04-20,3.50284,3.60817,3.4612,3.52979,3087507,0.0,1.0
1999-04-21,3.52489,3.53469,3.41711,3.41711,1567135,0.0,1.0
1999-04-22,3.41711,3.4416,3.27748,3.36077,1439209,0.0,1.0
1999-04-23,3.36812,3.41956,3.36812,3.38281,667064,0.0,1.0
1999-04-26,3.38771,3.39261,3.32403,3.33137,952546,0.0,1.0
1999-04-27,3.32403,3.33137,3.22604,3.23339,1002229,0.0,1.0
1999-04-28,3.23339,3.35587,3.22114,3.24809,692759,0.0,1.0
1999-04-29,3.23339,3.29953,3.19665,3.29708,536248,0.0,1.0
1999-04-30,3.30688,3.37791,3.26034,3.31178,603603,0.0,1.0
1999-05-03,3.30688,3.37791,3.26034,3.31178,0,0.0,1.0
1999-05-04,3.31178,3.31178,3.26034,3.26524,398442,0.0,1.0
1999-05-05,3.25789,3.28238,3.25299,3.27503,325228,0.0,1.0
1999-05-06,3.28238,3.29463,3.25544,3.27748,387550,0.0,1.0
1999-05-07,3.28238,3.29463,3.25054,3.25054,415429,0.0,1.0
1999-05-10,3.24564,3.24564,3.06192,3.07662,1008843,0.0,1.0
1999-05-11,3.08642,3.15991,3.08397,3.11092,497134,0.0,1.0
1999-05-12,3.12316,3.12316,3.08152,3.08642,457506,0.0,1.0
1999-05-13,3.08642,3.08642,3.06192,3.07417,509447,0.0,1.0
1999-05-14,3.07172,3.07417,2.98354,2.99334,677148,0.0,1.0
1999-05-17,2.91005,2.96394,2.89046,2.93945,685892,0.0,1.0
1999-05-18,2.93945,2.98354,2.9272,2.937,478065,0.0,1.0
1999-05-19,2.93945,3.09867,2.9272,3.09867,1429428,0.0,1.0
1999-05-20,3.09867,3.1844,3.06192,3.17215,1512558,0.0,1.0
1999-05-21,3.1844,3.30443,3.1844,3.27014,2236408,0.0,1.0
1999-05-24,3.27014,3.59837,3.19665,3.53958,4355268,0.0,1.0
1999-05-25,3.63757,3.7233,3.44895,3.4563,7077518,0.0,1.0
1999-05-26,3.43425,3.67431,3.40486,3.62532,6193474,0.0,1.0
1999-05-27,3.67431,3.98785,3.67431,3.98785,12980289,0.0,1.0
1999-05-28,4.04174,4.11033,3.82128,3.87027,11205890,0.0,1.0
1999-05-31,3.87027,3.98785,3.67431,3.7331,7268415,0.0,1.0
1999-06-01,3.76004,3.84333,3.67431,3.80903,5290750,0.0,1.0
1999-06-02,3.81638,3.83353,3.67676,3.69391,4897006,0.0,1.0
1999-06-03,3.66941,3.68656,3.55183,3.59347,2937622,0.0,1.0
1999-06-04,3.60082,3.89477,3.60082,3.77719,9212054,0.0,1.0
1999-06-07,3.79679,4.15442,3.79679,4.15442,15610371,0.0,1.0
1999-06-08,4.2622,4.55614,4.16667,4.42387,27423033,0.0,1.0
1999-06-09,4.43367,4.64433,4.33568,4.43367,18903333,0.0,1.0
1999-06-10,4.55124,4.58064,4.36018,4.37488,10884879,0.0,1.0
1999-06-11,4.36018,4.37243,4.2328,4.24015,7949935,0.0,1.0
1999-06-14,4.2377,4.40917,4.22546,4.30874,7999549,0.0,1.0
1999-06-15,4.41407,4.50225,4.14217,4.21321,9931545,0.0,1.0
1999-06-16,4.24505,4.39937,4.2426,4.37243,5526100,0.0,1.0
1999-06-17,4.43612,4.57574,4.37978,4.49001,11745539,0.0,1.0
1999-06-18,4.5341,4.55614,4.33079,4.33079,9831122,0.0,1.0
1999-06-21,4.36018,4.67862,4.28669,4.54635,12289637,0.0,1.0
1999-06-22,4.54635,4.58554,4.38223,4.45816,6204256,0.0,1.0
1999-06-23,4.47041,4.64678,4.40917,4.61738,10849550,0.0,1.0
1999-06-24,4.67372,5.04115,4.67372,5.0338,18663872,0.0,1.0
1999-06-25,5.13913,5.18078,4.70312,4.70801,21217295,0.0,1.0
1999-06-28,4.78885,5.17833,4.78885,5.17833,15902075,0.0,1.0
1999-06-29,5.31305,5.38409,5.10729,5.21997,15870318,0.0,1.0
1999-06-30,5.21997,5.21997,5.21997,5.21997,0,0.0,1.0
1999-07-01,5.21997,5.21997,5.21997,5.21997,0,0.0,1.0
1999-07-02,5.14403,5.39389,4.70067,4.89663,11760064,0.0,1.0
1999-07-05,4.89908,4.94807,4.48511,4.50715,9475242,0.0,1.0
1999-07-06,4.48266,4.62718,4.24995,4.38468,7320911,0.0,1.0
1999-07-07,4.38615,4.57819,4.35185,4.52675,4767500,0.0,1.0
1999-07-08,4.60562,4.61591,4.4273,4.47531,3381108,0.0,1.0
1999-07-09,4.46845,4.79767,4.46159,4.69479,7253151,0.0,1.0
1999-07-12,4.69479,4.88683,4.62277,4.65706,4982878,0.0,1.0
1999-07-13,4.62963,4.62963,4.38957,4.45816,4111697,0.0,1.0
1999-07-14,4.45816,4.62963,4.45816,4.58505,2394345,0.0,1.0
1999-07-15,4.58848,4.6262,4.46502,4.52675,2184577,0.0,1.0
1999-07-16,4.52675,4.5439,4.45816,4.4856,2448449,0.0,1.0
1999-07-19,4.4513,4.4513,4.3107,4.32099,2776974,0.0,1.0
1999-07-20,4.32099,4.62963,4.32099,4.62963,3828839,0.0,1.0
1999-07-21,4.65706,5.09259,4.63306,5.09259,24235635,0.0,1.0
1999-07-22,5.13717,5.55556,5.03772,5.07887,40470195,0.0,1.0
1999-07-23,5.0583,5.24691,4.97256,5.03429,12913804,0.0,1.0
1999-07-26,5.07545,5.48697,5.04115,5.28121,17240609,0.0,1.0
1999-07-27,5.28121,5.3155,5.03772,5.07545,8653895,0.0,1.0
1999-07-28,5.10288,5.24691,5.04115,5.09259,5994445,0.0,1.0
1999-07-29,5.14403,5.24691,5.04115,5.06516,3526409,0.0,1.0
1999-07-30,5.17833,5.41838,5.17833,5.3155,16426310,0.0,1.0
1999-08-02,5.36008,5.48697,5.25377,5.31207,7410314,0.0,1.0
1999-08-03,5.36694,5.41838,5.18861,5.24348,5403217,0.0,1.0
1999-08-04,5.25034,5.33265,5.20576,5.27435,4364523,0.0,1.0
1999-08-05,5.27435,5.42524,5.20576,5.28121,5669424,0.0,1.0
1999-08-06,5.29835,5.33265,5.04458,5.1749,7122566,0.0,1.0
1999-08-09,5.1749,5.22977,5.06859,5.0823,3863741,0.0,1.0
1999-08-10,5.0823,5.18176,5.03429,5.07887,3216955,0.0,1.0
1999-08-11,5.07887,5.14403,5.02401,5.04115,2092621,0.0,1.0
1999-08-12,5.07887,5.22977,5.01372,5.07545,2802139,0.0,1.0
1999-08-13,5.10974,5.14403,5.00686,5.00686,1694957,0.0,1.0
1999-08-16,5.00686,5.09945,4.81481,4.89369,2285680,0.0,1.0
1999-08-17,4.90055,5.00686,4.84225,4.87654,2391785,0.0,1.0
1999-08-18,4.93827,5.04115,4.90398,4.99314,2016248,0.0,1.0
1999-08-19,5.04458,5.21605,5.01029,5.17147,3850485,0.0,1.0
1999-08-20,5.21262,5.22977,5.04115,5.04801,2851790,0.0,1.0
1999-08-23,5.11317,5.12346,4.96571,5.03772,2695058,0.0,1.0
1999-08-24,5.03086,5.17833,5.00686,5.12689,3526803,0.0,1.0
1999-08-25,4.8011,4.97256,4.8011,4.87997,4431428,0.0,1.0
1999-08-26,4.84911,4.90398,4.73251,4.89026,4117558,0.0,1.0
1999-08-27,4.93827,4.93827,4.81139,4.84911,2319319,0.0,1.0
1999-08-30,4.83539,4.83539,4.73251,4.73251,3437183,0.0,1.0
1999-08-31,4.73251,4.86625,4.73251,4.81824,1673877,0.0,1.0
1999-09-01,4.83196,4.83882,4.7428,4.74966,1635217,0.0,1.0
1999-09-02,4.64678,4.7668,4.64678,4.75652,1979923,0.0,1.0
1999-09-03,4.76337,4.8011,4.71879,4.72565,1247377,0.0,1.0
1999-09-06,4.75652,4.75652,4.62277,4.62963,1305330,0.0,1.0
1999-09-07,4.64678,4.70165,4.64678,4.65706,896641,0.0,1.0
1999-09-08,4.65363,4.71879,4.64335,4.67421,531575,0.0,1.0
1999-09-09,4.73251,5.02401,4.73251,5.02401,2815905,0.0,1.0
1999-09-10,5.0583,5.10974,4.86968,4.89712,3548635,0.0,1.0
1999-09-13,4.97256,5.02401,4.88683,4.93827,2019560,0.0,1.0
1999-09-14,4.97256,5.07545,4.95885,4.98285,2622455,0.0,1.0
1999-09-15,5.02401,5.10288,5.00686,5.0823,3510680,0.0,1.0
1999-09-16,5.10288,5.3155,5.09259,5.10288,9479913,0.0,1.0
1999-09-17,5.10288,5.14403,5.00686,5.03086,2876089,0.0,1.0
1999-09-20,5.00686,5.04115,4.99657,5,1308409,0.0,1.0
1999-09-21,5.00686,5.10631,4.98628,5.02401,1589074,0.0,1.0
1999-09-22,5.02058,5.04115,4.97256,4.98971,962645,0.0,1.0
1999-09-23,5.02401,5.03429,4.86968,4.89712,1129906,0.0,1.0
1999-09-24,4.93827,5.03772,4.93827,4.95885,778397,0.0,1.0
1999-09-27,5.09259,5.09259,4.90398,4.9177,941046,0.0,1.0
1999-09-28,4.9177,4.9417,4.81139,4.82167,1107727,0.0,1.0
1999-09-29,4.82853,4.88683,4.75994,4.77023,1574445,0.0,1.0
1999-09-30,4.79424,4.86968,4.71879,4.72908,1930033,0.0,1.0
1999-10-01,4.79424,4.86968,4.71879,4.72908,0,0.0,1.0
1999-10-04,4.79424,4.86968,4.71879,4.72908,0,0.0,1.0
1999-10-05,4.79424,4.86968,4.71879,4.72908,0,0.0,1.0
1999-10-06,4.79424,4.86968,4.71879,4.72908,0,0.0,1.0
1999-10-07,4.79424,4.86968,4.71879,4.72908,0,0.0,1.0
1999-10-08,4.7085,4.74623,4.53704,4.53704,1312842,0.0,1.0
1999-10-11,4.53704,4.6262,4.52675,4.53361,1196342,0.0,1.0
1999-10-12,4.55418,4.66392,4.55418,4.62277,450607,0.0,1.0
1999-10-13,4.62963,4.64678,4.5096,4.52675,700598,0.0,1.0
1999-10-14,4.52675,4.65706,4.45816,4.55761,902033,0.0,1.0
1999-10-15,4.62963,4.69479,4.5439,4.61591,1009566,0.0,1.0
1999-10-18,4.61591,4.61591,4.45816,4.46502,1155658,0.0,1.0
1999-10-19,4.46159,4.49246,4.42044,4.45816,781561,0.0,1.0
1999-10-20,4.45816,4.5096,4.42387,4.46845,879264,0.0,1.0
1999-10-21,4.45816,4.47531,4.39986,4.39986,875383,0.0,1.0
1999-10-22,4.40672,4.5679,4.38615,4.47531,1113282,0.0,1.0
1999-10-25,4.45816,4.47531,4.32099,4.35528,1102761,0.0,1.0
1999-10-26,4.35528,4.45816,4.35528,4.40672,654307,0.0,1.0
1999-10-27,4.55761,4.58848,4.45816,4.53704,1415485,0.0,1.0
1999-10-28,4.54047,4.56104,4.41358,4.42387,1272834,0.0,1.0
1999-10-29,4.42387,4.65706,4.40672,4.48903,1925601,0.0,1.0
1999-11-01,4.48903,4.49246,4.38957,4.40672,879883,0.0,1.0
1999-11-02,4.40672,4.44101,4.38957,4.39643,554530,0.0,1.0
1999-11-03,4.40672,4.42387,4.38957,4.41015,477626,0.0,1.0
1999-11-04,4.41015,4.41701,4.38272,4.39643,559872,0.0,1.0
1999-11-05,4.45816,4.62277,4.40329,4.41701,1214811,0.0,1.0
1999-11-08,4.41701,4.54047,4.41701,4.50274,648650,0.0,1.0
1999-11-09,4.56104,4.58505,4.45816,4.4856,700452,0.0,1.0
1999-11-10,4.4856,4.4856,4.38272,4.40672,927029,0.0,1.0
1999-11-11,4.41701,4.45816,4.38957,4.39643,548351,0.0,1.0
1999-11-12,4.42044,4.44101,4.38957,4.40672,392873,0.0,1.0
1999-11-15,4.43416,4.45816,4.34842,4.36214,931779,0.0,1.0
1999-11-16,4.42387,4.58162,4.42387,4.58162,4507944,0.0,1.0
1999-11-17,4.58162,5.04115,4.53018,4.92112,15205576,0.0,1.0
1999-11-18,4.92112,5.03429,4.83539,4.86968,9766696,0.0,1.0
1999-11-19,4.93141,5.10974,4.83882,5.00343,12932571,0.0,1.0
1999-11-22,5.00343,5.09945,4.93827,4.97599,5434319,0.0,1.0
1999-11-23,4.95542,5.03086,4.86968,4.89712,2803332,0.0,1.0
1999-11-24,4.90398,4.93141,4.74966,4.75652,2592403,0.0,1.0
1999-11-25,4.73251,4.86968,4.69822,4.83539,2256777,0.0,1.0
1999-11-26,4.86968,4.95885,4.8011,4.80453,2937462,0.0,1.0
1999-11-29,4.97599,5.28464,4.93827,4.95542,12507124,0.0,1.0
1999-11-30,4.97256,5.0583,4.95542,4.98971,3888953,0.0,1.0
1999-12-01,4.98971,5.07545,4.98971,5.03429,2776761,0.0,1.0
1999-12-02,4.95885,4.95885,4.78738,4.80453,5063666,0.0,1.0
1999-12-03,4.80453,4.86968,4.8011,4.80453,1534714,0.0,1.0
1999-12-06,4.80453,4.86283,4.75309,4.7668,1462876,0.0,1.0
1999-12-07,4.78395,4.8011,4.7085,4.71536,1308730,0.0,1.0
1999-12-08,4.71536,4.8011,4.71536,4.73937,999751,0.0,1.0
1999-12-09,4.79767,4.79767,4.73251,4.78052,806052,0.0,1.0
1999-12-10,4.78052,4.84911,4.77709,4.79424,931837,0.0,1.0
1999-12-13,4.80453,4.86968,4.77709,4.83539,1279398,0.0,1.0
1999-12-14,4.85254,4.86283,4.75994,4.78738,1251678,0.0,1.0
1999-12-15,4.7668,4.92112,4.69822,4.81139,2438502,0.0,1.0
1999-12-16,4.78738,4.85254,4.62277,4.62963,3104741,0.0,1.0
1999-12-17,4.62963,4.62963,4.56104,4.59534,1066072,0.0,1.0
1999-12-20,4.62963,4.62963,4.56104,4.59534,0,0.0,1.0
1999-12-21,4.57819,4.57819,4.42387,4.45816,2160899,0.0,1.0
1999-12-22,4.45816,4.47188,4.38272,4.42387,1764285,0.0,1.0
1999-12-23,4.42387,4.51989,4.42387,4.44787,1006137,0.0,1.0
1999-12-24,4.44787,4.49246,4.44101,4.44101,727221,0.0,1.0
1999-12-27,4.44101,4.4856,4.38957,4.393,1031564,0.0,1.0
1999-12-28,4.39986,4.47531,4.39643,4.41358,861185,0.0,1.0
1999-12-29,4.42387,4.45816,4.40672,4.43759,670549,0.0,1.0
1999-12-30,4.44101,4.52332,4.44101,4.52332,718677,0.0,1.0
1999-12-31,4.44101,4.52332,4.44101,4.52332,0,0.0,1.0
2000-01-03,4.44101,4.52332,4.44101,4.52332,0,0.0,1.0
2000-01-04,4.49246,4.60219,4.44787,4.57819,1091188,0.0,1.0
2000-01-05,4.57819,4.68107,4.49246,4.54732,1426545,0.0,1.0
2000-01-06,4.51303,4.65706,4.49246,4.65021,1884655,0.0,1.0
2000-01-07,4.66735,4.84911,4.62963,4.7668,5604182,0.0,1.0
2000-01-10,4.8011,4.97256,4.7668,4.84568,5228263,0.0,1.0
2000-01-11,4.85254,4.86283,4.57819,4.61934,2734053,0.0,1.0
2000-01-12,4.61934,4.65021,4.53704,4.5439,2066543,0.0,1.0
2000-01-13,4.52675,4.64678,4.49588,4.5096,1167855,0.0,1.0
2000-01-14,4.5439,4.56104,4.4513,4.47188,1373949,0.0,1.0
2000-01-17,4.45816,4.4856,4.41701,4.4513,1698885,0.0,1.0
2000-01-18,4.45816,4.52675,4.4513,4.45816,1019492,0.0,1.0
2000-01-19,4.45816,4.48217,4.44101,4.46845,961090,0.0,1.0
2000-01-20,4.46845,4.62277,4.45816,4.52675,1157107,0.0,1.0
2000-01-21,4.52675,4.56104,4.44101,4.47531,2618965,0.0,1.0
2000-01-24,4.4513,4.45816,4.38957,4.44101,3347364,0.0,1.0
2000-01-25,4.44787,4.55418,4.44444,4.45816,1960115,0.0,1.0
2000-01-26,4.45816,4.47531,4.41358,4.4273,1749521,0.0,1.0
2000-01-27,4.4273,4.4856,4.41701,4.45473,3186482,0.0,1.0
2000-01-28,4.47531,4.55418,4.46159,4.52675,3684681,0.0,1.0
2000-01-31,4.47531,4.55418,4.46159,4.52675,0,0.0,1.0
2000-02-01,4.47531,4.55418,4.46159,4.52675,0,0.0,1.0
2000-02-02,4.47531,4.55418,4.46159,4.52675,0,0.0,1.0
2000-02-03,4.47531,4.55418,4.46159,4.52675,0,0.0,1.0
2000-02-04,4.47531,4.55418,4.46159,4.52675,0,0.0,1.0
2000-02-07,4.47531,4.55418,4.46159,4.52675,0,0.0,1.0
2000-02-08,4.47531,4.55418,4.46159,4.52675,0,0.0,1.0
2000-02-09,4.47531,4.55418,4.46159,4.52675,0,0.0,1.0
2000-02-10,4.47531,4.55418,4.46159,4.52675,0,0.0,1.0
2000-02-11,4.47531,4.55418,4.46159,4.52675,0,0.0,1.0
2000-02-14,4.63649,4.93141,4.63649,4.90398,6979128,0.0,1.0
2000-02-15,4.97256,5.02401,4.69822,4.72908,9136616,0.0,1.0
2000-02-16,4.69822,4.7668,4.56104,4.65021,5889539,0.0,1.0
2000-02-17,4.66392,5.1166,4.66392,4.8011,20022706,0.0,1.0
2000-02-18,4.8011,4.8011,4.56447,4.69822,5251740,0.0,1.0
2000-02-21,4.73251,5.04115,4.73251,4.84911,9016436,0.0,1.0
2000-02-22,5.00686,5.04115,4.73251,4.73937,9893431,0.0,1.0
2000-02-23,4.73251,4.79424,4.66392,4.69136,3023612,0.0,1.0
2000-02-24,4.73251,4.75994,4.64678,4.69822,2790807,0.0,1.0
2000-02-25,4.73251,4.73594,4.63992,4.66049,2876929,0.0,1.0
2000-02-28,4.65706,4.79424,4.64678,4.73251,3823751,0.0,1.0
2000-02-29,4.78395,4.92455,4.69822,4.8011,8497638,0.0,1.0
2000-03-01,4.83539,4.8834,4.69822,4.75994,4358411,0.0,1.0
2000-03-02,4.76337,4.83539,4.71536,4.75309,3352651,0.0,1.0
2000-03-03,4.8011,4.93484,4.75994,4.80796,7051052,0.0,1.0
2000-03-06,4.7668,4.95542,4.73251,4.73937,7099778,0.0,1.0
2000-03-07,4.72222,4.73937,4.64678,4.73251,3304024,0.0,1.0
2000-03-08,4.7668,4.90398,4.7668,4.8011,4093184,0.0,1.0
2000-03-09,4.82853,4.86283,4.73937,4.8011,3301350,0.0,1.0
2000-03-10,4.8011,4.96914,4.8011,4.83539,9307966,0.0,1.0
2000-03-13,4.84225,5.23663,4.84225,5.1406,27680580,0.0,1.0
2000-03-14,5.07545,5.07545,4.76337,4.89369,14790285,0.0,1.0
2000-03-15,4.89712,4.98971,4.83539,4.88683,5337234,0.0,1.0
2000-03-16,4.86968,4.86968,4.62963,4.68793,4758172,0.0,1.0
2000-03-17,4.68793,4.82167,4.66392,4.75994,2856662,0.0,1.0
2000-03-20,4.77023,4.94856,4.7668,4.88683,3869678,0.0,1.0
2000-03-21,4.90398,4.93141,4.83539,4.86968,2943332,0.0,1.0
2000-03-22,4.86968,4.9177,4.80796,4.83539,3231771,0.0,1.0
2000-03-23,4.86968,4.97256,4.80453,4.96571,4916776,0.0,1.0
2000-03-24,5.00686,5.24691,4.97256,4.97256,19202082,0.0,1.0
2000-03-27,5.04115,5.13717,5.00343,5.0583,7296870,0.0,1.0
2000-03-28,5.09259,5.34979,5.0583,5.18176,18617150,0.0,1.0
2000-03-29,5.21262,5.2572,5.04115,5.1166,8401340,0.0,1.0
2000-03-30,5.1166,5.27435,5.10288,5.15432,8849818,0.0,1.0
2000-03-31,5.14403,5.15089,5.02401,5.07545,6306923,0.0,1.0
2000-04-03,5.10974,5.49726,5.09602,5.34294,23487891,0.0,1.0
2000-04-04,5.30521,5.30521,5.13032,5.18861,9750037,0.0,1.0
2000-04-05,5.19547,5.43553,5.19547,5.29492,10602046,0.0,1.0
2000-04-06,5.33265,5.82305,5.33265,5.76475,42044671,0.0,1.0
2000-04-07,5.76132,5.97394,5.58985,5.67901,34119995,0.0,1.0
2000-04-10,5.73731,5.82305,5.5487,5.58299,14883859,0.0,1.0
2000-04-11,5.58985,5.72016,5.41838,5.43896,15739980,0.0,1.0
2000-04-12,5.44582,5.5144,5.29835,5.34979,12582202,0.0,1.0
2000-04-13,5.36694,5.52126,5.36694,5.41838,8238776,0.0,1.0
2000-04-14,5.45267,5.52126,5.33265,5.46296,7840314,0.0,1.0
2000-04-17,5.37723,5.40123,5.15432,5.18176,7110652,0.0,1.0
2000-04-18,5.17833,5.21605,5.07545,5.15775,7130991,0.0,1.0
2000-04-19,5.16461,5.26406,5.15775,5.16804,5230114,0.0,1.0
2000-04-20,5.19547,5.26749,5.13717,5.24005,6734211,0.0,1.0
2000-04-21,5.22977,5.37723,5.20919,5.25034,4512560,0.0,1.0
2000-04-24,5.25377,5.28464,5.07887,5.10974,4732490,0.0,1.0
2000-04-25,5.10974,5.10974,5.02401,5.05487,4066709,0.0,1.0
2000-04-26,5.0583,5.12003,5.04115,5.04801,2804026,0.0,1.0
2000-04-27,5.07545,5.1749,5.04458,5.06859,2969427,0.0,1.0
2000-04-28,5.07545,5.14403,5.06859,5.10288,2520544,0.0,1.0
2000-05-01,5.07545,5.14403,5.06859,5.10288,0,0.0,1.0
2000-05-02,5.07545,5.14403,5.06859,5.10288,0,0.0,1.0
2000-05-03,5.07545,5.14403,5.06859,5.10288,0,0.0,1.0
2000-05-04,5.07545,5.14403,5.06859,5.10288,0,0.0,1.0
2000-05-05,5.07545,5.14403,5.06859,5.10288,0,0.0,1.0
2000-05-08,5.14746,5.27435,5.14403,5.20919,3259277,0.0,1.0
2000-05-09,5.20919,5.20919,5.02401,5.03429,2000615,0.0,1.0
2000-05-10,5.00686,5.01372,4.82167,4.84911,2923080,0.0,1.0
2000-05-11,4.84225,4.90398,4.73251,4.73937,2238829,0.0,1.0
2000-05-12,4.73937,4.81481,4.73937,4.76337,1746929,0.0,1.0
2000-05-15,4.79081,4.8251,4.69822,4.7085,1416389,0.0,1.0
2000-05-16,4.73251,4.8011,4.71536,4.73251,1298410,0.0,1.0
2000-05-17,4.75994,4.81824,4.75309,4.79424,1460980,0.0,1.0
2000-05-18,4.79424,4.89369,4.73251,4.88683,1541351,0.0,1.0
2000-05-19,4.8834,4.89712,4.79424,4.82167,2014974,0.0,1.0
2000-05-22,4.83539,4.93827,4.81824,4.90398,2761149,0.0,1.0
2000-05-23,4.93827,5.03429,4.82853,4.96571,4379191,0.0,1.0
2000-05-24,4.96571,5.0583,4.89369,5,4356487,0.0,1.0
2000-05-25,5.04115,5.09602,5.02401,5.04115,3514288,0.0,1.0
2000-05-26,5.07545,5.09259,4.97256,4.98628,3289219,0.0,1.0
2000-05-29,5,5,4.90398,4.93827,3391474,0.0,1.0
2000-05-30,4.93827,5.0823,4.93827,4.97256,3212470,0.0,1.0
2000-05-31,4.99657,5.00686,4.94513,4.98285,2442048,0.0,1.0
2000-06-01,5.00686,5.20919,5.00686,5.10631,5591567,0.0,1.0
2000-06-02,5.10974,5.3155,5.02401,5.28464,7349023,0.0,1.0
2000-06-05,5.33265,5.34979,5.10288,5.13374,6772139,0.0,1.0
2000-06-06,5.13374,5.24005,5.06173,5.15775,2975134,0.0,1.0
2000-06-07,5.17833,5.29835,5.1749,5.20576,5674653,0.0,1.0
2000-06-08,5.22977,5.28121,5.14403,5.19204,3898975,0.0,1.0
2000-06-09,5.19204,5.40123,5.15089,5.15089,7020422,0.0,1.0
2000-06-12,5.15089,5.28121,5.11317,5.18518,2829173,0.0,1.0
2000-06-13,5.21262,5.38066,5.20576,5.32579,6300018,0.0,1.0
2000-06-14,5.34294,5.36694,5.24691,5.25034,3825431,0.0,1.0
2000-06-15,5.26406,5.46982,5.26406,5.42524,10472187,0.0,1.0
2000-06-16,5.42524,5.44925,5.27435,5.28121,5237781,0.0,1.0
2000-06-19,5.28121,5.34294,5.19547,5.19547,3069615,0.0,1.0
2000-06-20,5.19547,5.20576,5.07545,5.08916,3249920,0.0,1.0
2000-06-21,5.08916,5.17833,5.0823,5.1406,1839258,0.0,1.0
2000-06-22,5.14403,5.17833,5.10288,5.10974,1756199,0.0,1.0
2000-06-23,5.11317,5.20919,5.10974,5.13717,2338393,0.0,1.0
2000-06-26,5.14403,5.21262,5.09945,5.15775,3134123,0.0,1.0
2000-06-27,5.21262,5.22977,5.10631,5.10974,1882307,0.0,1.0
2000-06-28,5.10974,5.10974,5.10974,5.10974,0,0.0,1.0
2000-06-29,5.10974,5.10974,5.10974,5.10974,0,0.0,1.0
2000-06-30,5.30521,5.46982,5.24691,5.30178,9690851,0.0,1.0
2000-07-03,5.28121,5.42524,5.21948,5.26749,4734634,0.0,1.0
2000-07-04,5.24691,5.31207,5.21262,5.28121,2140216,0.0,1.0
2000-07-05,5.28121,5.43553,5.28121,5.3155,3214307,0.0,1.0
2000-07-06,5.3155,5.34294,5.21262,5.22634,1652605,0.0,1.0
2000-07-07,5.3155,5.3155,5.24691,5.28121,2026635,0.0,1.0
2000-07-10,5.34979,5.46982,5.31893,5.40466,6464081,0.0,1.0
2000-07-11,5.45267,5.55556,5.41838,5.44582,8139863,0.0,1.0
2000-07-12,5.55556,5.58985,5.38409,5.43553,4400142,0.0,1.0
2000-07-13,5.43553,5.48697,5.39438,5.40809,3967623,0.0,1.0
2000-07-14,5.43553,5.53841,5.40809,5.48697,7853651,0.0,1.0
2000-07-17,5.52126,5.67558,5.49383,5.55556,13077412,0.0,1.0
2000-07-18,5.68244,5.72016,5.58985,5.63443,6228369,0.0,1.0
2000-07-19,5.63786,5.65844,5.52812,5.56584,5319248,0.0,1.0
2000-07-20,5.55556,5.58985,5.45267,5.48011,5081865,0.0,1.0
2000-07-21,5.48697,5.607,5.48697,5.52812,3816983,0.0,1.0
2000-07-24,5.52812,5.58642,5.45267,5.4904,3267404,0.0,1.0
2000-07-25,5.48697,5.65844,5.48697,5.55213,3681409,0.0,1.0
2000-07-26,5.62071,5.62414,5.52126,5.56927,2712600,0.0,1.0
2000-07-27,5.62414,5.73388,5.60357,5.65844,10481414,0.0,1.0
2000-07-28,5.66872,5.6893,5.5727,5.607,3336863,0.0,1.0
2000-07-31,5.61728,5.66529,5.50754,5.5727,4001321,0.0,1.0
2000-08-01,5.58985,5.61728,5.5144,5.53841,3051017,0.0,1.0
2000-08-02,5.55556,5.56241,5.47325,5.50069,3750104,0.0,1.0
2000-08-03,5.50069,5.52126,5.43553,5.45267,3004982,0.0,1.0
2000-08-04,5.45953,5.52126,5.41838,5.46296,2783418,0.0,1.0
2000-08-07,5.46982,5.58299,5.45267,5.51783,2184481,0.0,1.0
2000-08-08,5.52812,5.53498,5.46982,5.48011,2080158,0.0,1.0
2000-08-09,5.48011,5.55556,5.47325,5.48697,2798765,0.0,1.0
2000-08-10,5.49726,5.54184,5.48354,5.5144,3576288,0.0,1.0
2000-08-11,5.53155,5.607,5.48697,5.56584,5275689,0.0,1.0
2000-08-14,5.607,5.76132,5.607,5.66187,7982722,0.0,1.0
2000-08-15,5.65844,5.67558,5.56584,5.58985,2547806,0.0,1.0
2000-08-16,5.60014,5.72702,5.60014,5.64815,3059683,0.0,1.0
2000-08-17,5.64815,5.68244,5.55898,5.58299,2741617,0.0,1.0
2000-08-18,5.58299,5.60357,5.50412,5.52812,3478123,0.0,1.0
2000-08-21,5.52812,5.53841,5.46639,5.48011,5272114,0.0,1.0
2000-08-22,5.48697,5.5727,5.46296,5.46982,3978908,0.0,1.0
2000-08-23,5.46296,5.48011,5.21262,5.39438,5482663,0.0,1.0
2000-08-24,5.39095,5.42867,5.34979,5.39095,2666560,0.0,1.0
2000-08-25,5.41838,5.5144,5.40123,5.44239,2320197,0.0,1.0
2000-08-28,5.45267,5.48011,5.36694,5.41838,3526290,0.0,1.0
2000-08-29,5.41838,5.48697,5.40809,5.41838,2059720,0.0,1.0
2000-08-30,5.45267,5.45267,5.32922,5.33265,2389837,0.0,1.0
2000-08-31,5.29835,5.3155,5.20576,5.20576,3270175,0.0,1.0
2000-09-01,5.17147,5.21262,5.15089,5.15089,2590289,0.0,1.0
2000-09-04,5.14403,5.14403,5.07545,5.13374,2000948,0.0,1.0
2000-09-05,5.14403,5.17833,4.97256,4.98285,1612116,0.0,1.0
2000-09-06,4.97256,5.02401,4.86968,4.86968,1913698,0.0,1.0
2000-09-07,4.87311,5.00686,4.87311,4.93827,1232631,0.0,1.0
2000-09-08,4.97256,4.99314,4.90741,4.95542,994321,0.0,1.0
2000-09-11,4.97256,5.02743,4.88683,5.01715,990472,0.0,1.0
2000-09-12,5.02401,5.04458,4.94513,5.03086,1094174,0.0,1.0
2000-09-13,5.00686,5.07545,4.98971,5.01029,1031019,0.0,1.0
2000-09-14,5.00686,5.09259,5.00686,5.03086,1084997,0.0,1.0
2000-09-15,5.03429,5.04115,4.98285,4.99657,647212,0.0,1.0
2000-09-18,4.98971,4.98971,4.86968,4.87654,1266652,0.0,1.0
2000-09-19,4.82853,4.86968,4.7668,4.78395,1593244,0.0,1.0
2000-09-20,4.8011,4.88683,4.8011,4.84225,989448,0.0,1.0
2000-09-21,4.86283,4.86968,4.82853,4.84225,713977,0.0,1.0
2000-09-22,4.83539,4.86283,4.82167,4.82853,802556,0.0,1.0
2000-09-25,4.82853,4.84225,4.75994,4.77709,862057,0.0,1.0
2000-09-26,4.75994,4.81824,4.75994,4.79424,716840,0.0,1.0
2000-09-27,4.78738,4.82853,4.78738,4.8251,710801,0.0,1.0
2000-09-28,4.83539,4.85254,4.8011,4.8011,652887,0.0,1.0
2000-09-29,4.8011,4.82853,4.78395,4.80453,669677,0.0,1.0
2000-10-02,4.8011,4.82853,4.78395,4.80453,0,0.0,1.0
2000-10-03,4.8011,4.82853,4.78395,4.80453,0,0.0,1.0
2000-10-04,4.8011,4.82853,4.78395,4.80453,0,0.0,1.0
2000-10-05,4.8011,4.82853,4.78395,4.80453,0,0.0,1.0
2000-10-06,4.8011,4.82853,4.78395,4.80453,0,0.0,1.0
2000-10-09,4.80453,4.88683,4.78395,4.8011,629057,0.0,1.0
2000-10-10,4.81824,4.86625,4.8011,4.86283,840181,0.0,1.0
2000-10-11,4.8834,4.88683,4.83539,4.84568,636921,0.0,1.0
2000-10-12,4.83539,4.86968,4.78395,4.78738,839123,0.0,1.0
2000-10-13,4.8011,4.88683,4.78738,4.79767,783398,0.0,1.0
2000-10-16,4.8011,4.83539,4.69822,4.72222,784978,0.0,1.0
2000-10-17,4.75309,4.75309,4.66392,4.69822,809272,0.0,1.0
2000-10-18,4.71536,4.7668,4.69822,4.75652,446005,0.0,1.0
2000-10-19,4.76337,4.79424,4.73251,4.73937,523200,0.0,1.0
2000-10-20,4.73937,4.86968,4.73937,4.83539,806277,0.0,1.0
2000-10-23,4.86968,4.89712,4.80796,4.83539,832503,0.0,1.0
2000-10-24,4.83539,4.87654,4.83539,4.84225,752048,0.0,1.0
2000-10-25,4.85254,4.90741,4.81824,4.88683,1381925,0.0,1.0
2000-10-26,4.91084,4.92112,4.83882,4.85597,940658,0.0,1.0
2000-10-27,4.89712,4.97599,4.89712,4.95885,1296337,0.0,1.0
2000-10-30,4.96571,4.99314,4.86968,4.89026,1192898,0.0,1.0
2000-10-31,4.89712,4.91427,4.80453,4.82853,1233375,0.0,1.0
2000-11-01,4.82853,4.86968,4.81824,4.85254,653505,0.0,1.0
2000-11-02,4.87311,4.97256,4.87311,4.90398,1272671,0.0,1.0
2000-11-03,4.90398,4.93827,4.86968,4.86968,633064,0.0,1.0
2000-11-06,4.86968,4.95885,4.86968,4.90398,881040,0.0,1.0
2000-11-07,4.90741,4.93827,4.87311,4.90398,650297,0.0,1.0
2000-11-08,4.91084,4.94856,4.90398,4.93827,1269556,0.0,1.0
2000-11-09,4.95885,5.03429,4.93827,5.02058,2110201,0.0,1.0
2000-11-10,5.02058,5.48697,5.02058,5.24005,8493588,0.0,1.0
2000-11-13,5.28121,5.48011,5.24005,5.33951,8864008,0.0,1.0
2000-11-14,5.33951,5.34979,5.19204,5.24691,3329877,0.0,1.0
2000-11-15,5.24691,5.31207,5.16804,5.18861,2844978,0.0,1.0
2000-11-16,5.18861,5.24691,5.18861,5.21605,1986653,0.0,1.0
2000-11-17,5.21605,5.22977,5.14403,5.14403,2124061,0.0,1.0
2000-11-20,5.14403,5.24691,5.1166,5.22291,3010522,0.0,1.0
2000-11-21,5.24348,5.26406,5.15432,5.17147,1707199,0.0,1.0
2000-11-22,5.18176,5.29835,5.17147,5.27435,2355183,0.0,1.0
2000-11-23,5.29835,5.36694,5.27435,5.3155,4359216,0.0,1.0
2000-11-24,5.3155,5.33265,5.07545,5.11317,3354587,0.0,1.0
2000-11-27,5.10288,5.17147,5.04115,5.13717,2545654,0.0,1.0
2000-11-28,5.13717,5.13717,5.13717,5.13717,0,0.0,1.0
2000-11-29,5.21262,5.26063,5.14746,5.21262,1361373,0.0,1.0
2000-11-30,5.22291,5.29835,5.10631,5.12689,2930808,0.0,1.0
2000-12-01,5.16118,5.24691,5.14403,5.16461,1284440,0.0,1.0
2000-12-04,5.16461,5.22634,5.10974,5.22634,1501915,0.0,1.0
2000-12-05,5.24005,5.40123,5.2332,5.29835,4533295,0.0,1.0
2000-12-06,5.30178,5.33608,5.20576,5.21262,1972444,0.0,1.0
2000-12-07,5.21262,5.21948,5.15775,5.21948,1246812,0.0,1.0
2000-12-08,5.25377,5.36694,5.24348,5.26063,2765354,0.0,1.0
2000-12-11,5.28121,5.34979,5.1406,5.17833,2684254,0.0,1.0
2000-12-12,5.17833,5.21262,5.14746,5.20576,1169984,0.0,1.0
2000-12-13,5.20919,5.21262,5.13374,5.1406,2260970,0.0,1.0
2000-12-14,5.14403,5.17833,5.07887,5.08573,1189725,0.0,1.0
2000-12-15,5.08573,5.12689,5.03429,5.04115,1321496,0.0,1.0
2000-12-18,5.06516,5.12689,5.04115,5.10631,948875,0.0,1.0
2000-12-19,5.13032,5.16118,5.04115,5.04115,1306368,0.0,1.0
2000-12-20,5.07545,5.21262,5.04801,5.17833,1390404,0.0,1.0
2000-12-21,5.21262,5.21605,5.10974,5.12003,1170133,0.0,1.0
2000-12-22,5.12003,5.26406,5.12003,5.16118,2244533,0.0,1.0
2000-12-25,5.20919,5.37723,5.16804,5.2572,4601413,0.0,1.0
2000-12-26,5.29149,5.33265,5.25034,5.28807,2374534,0.0,1.0
2000-12-27,5.3155,5.33265,5.24691,5.24691,1735670,0.0,1.0
2000-12-28,5.24005,5.25377,5.19204,5.20576,1178560,0.0,1.0
2000-12-29,5.21262,5.28121,5.21262,5.26749,1235159,0.0,1.0
2001-01-01,5.21262,5.28121,5.21262,5.26749,0,0.0,1.0
2001-01-02,5.30178,5.3978,5.24691,5.39095,3874072,0.0,1.0
2001-01-03,5.4321,5.607,5.41152,5.46639,12610269,0.0,1.0
2001-01-04,5.48697,5.5144,5.41838,5.43553,3014718,0.0,1.0
2001-01-05,5.43553,5.48697,5.41152,5.48697,2947615,0.0,1.0
2001-01-08,5.5144,5.58642,5.40123,5.40123,4057395,0.0,1.0
2001-01-09,5.40809,5.55556,5.3155,5.52812,7321592,0.0,1.0
2001-01-10,5.54184,6.08025,5.54184,6.08025,43502453,0.0,1.0
2001-01-11,6.08025,6.08025,5.8642,5.8882,29047143,0.0,1.0
2001-01-12,5.88134,5.90535,5.72702,5.73045,10147010,0.0,1.0
2001-01-15,5.72702,5.8299,5.57613,5.607,10588877,0.0,1.0
2001-01-16,5.56584,5.68587,5.33608,5.54184,8423091,0.0,1.0
2001-01-17,5.54184,5.56927,5.48697,5.50754,2614057,0.0,1.0
2001-01-18,5.58299,5.62071,5.50754,5.52126,2090341,0.0,1.0
2001-01-19,5.55556,5.62071,5.52126,5.5487,3875699,0.0,1.0
2001-01-22,5.55556,5.62071,5.52126,5.5487,0,0.0,1.0
2001-01-23,5.55556,5.62071,5.52126,5.5487,0,0.0,1.0
2001-01-24,5.55556,5.62071,5.52126,5.5487,0,0.0,1.0
2001-01-25,5.55556,5.62071,5.52126,5.5487,0,0.0,1.0
2001-01-26,5.55556,5.62071,5.52126,5.5487,0,0.0,1.0
2001-01-29,5.55556,5.62071,5.52126,5.5487,0,0.0,1.0
2001-01-30,5.55556,5.62071,5.52126,5.5487,0,0.0,1.0
2001-01-31,5.55556,5.62071,5.52126,5.5487,0,0.0,1.0
2001-02-01,5.55556,5.62071,5.52126,5.5487,0,0.0,1.0
2001-02-02,5.55556,5.62071,5.52126,5.5487,0,0.0,1.0
2001-02-05,5.58299,5.61043,5.34979,5.35665,2766791,0.0,1.0
2001-02-06,5.34979,5.43553,5.24691,5.41495,2339475,0.0,1.0
2001-02-07,5.40809,5.4321,5.3155,5.37723,1141973,0.0,1.0
2001-02-08,5.37723,5.38066,5.20576,5.25034,1855748,0.0,1.0
2001-02-09,5.25377,5.34979,5.25377,5.30521,1415071,0.0,1.0
2001-02-12,5.30864,5.48354,5.30521,5.4321,2802883,0.0,1.0
2001-02-13,5.44582,5.45267,5.34979,5.37723,1395983,0.0,1.0
2001-02-14,5.38409,5.41838,5.34979,5.37723,729123,0.0,1.0
2001-02-15,5.39438,5.45953,5.34979,5.39095,1257085,0.0,1.0
2001-02-16,5.37723,5.41838,5.3155,5.41838,1168214,0.0,1.0
2001-02-19,5.42181,5.57613,5.40123,5.5144,3304933,0.0,1.0
2001-02-20,5.52126,5.607,5.39438,5.41838,4098033,0.0,1.0
2001-02-21,5.35322,5.35665,4.87654,4.98285,13083996,0.0,1.0
2001-02-22,4.95199,5.10631,4.80453,4.96914,3641571,0.0,1.0
2001-02-23,4.96914,5.0823,4.91084,5.07545,1850272,0.0,1.0
2001-02-26,5.07545,5.07545,4.97256,5.02401,1768280,0.0,1.0
2001-02-27,5.00686,5.18861,5,5.16804,2590149,0.0,1.0
2001-02-28,5.17833,5.24691,5.07545,5.15089,2139764,0.0,1.0
2001-03-01,5.14403,5.19204,5.09259,5.10288,1008770,0.0,1.0
2001-03-02,5.10288,5.18176,5.09259,5.13717,1449214,0.0,1.0
2001-03-05,5.14403,5.14403,5.03429,5.03429,1563472,0.0,1.0
2001-03-06,5.03429,5.09259,5.00686,5.07545,1214409,0.0,1.0
2001-03-07,5.07887,5.10288,5.02401,5.04115,1197251,0.0,1.0
2001-03-08,5.09259,5.20233,5.07545,5.12003,1249946,0.0,1.0
2001-03-09,5.12003,5.19204,5.10288,5.17833,1500463,0.0,1.0
2001-03-12,5.17833,5.17833,5.10288,5.10974,1187127,0.0,1.0
2001-03-13,5.10974,5.13717,5.07545,5.10288,900359,0.0,1.0
2001-03-14,5.07545,5.14746,5.07545,5.1406,836525,0.0,1.0
2001-03-15,5.14403,5.17833,5.10974,5.11317,955594,0.0,1.0
2001-03-16,5.13717,5.1406,5.07545,5.0823,1136593,0.0,1.0
2001-03-19,5.06173,5.17833,5.04801,5.10288,1424034,0.0,1.0
2001-03-20,5.10974,5.17147,5.10974,5.16118,1496080,0.0,1.0
2001-03-21,5.17833,5.27778,5.17147,5.26406,2544190,0.0,1.0
2001-03-22,5.28121,5.34979,5.24005,5.31893,3103773,0.0,1.0
2001-03-23,5.35665,5.37723,5.21262,5.21262,3275079,0.0,1.0
2001-03-26,5.17147,5.30178,5.17147,5.29835,1636083,0.0,1.0
2001-03-27,5.31207,5.34294,5.28121,5.30521,1509599,0.0,1.0
2001-03-28,5.31893,5.34979,5.29835,5.32236,1898439,0.0,1.0
2001-03-29,5.3155,5.33951,5.24348,5.25377,1744760,0.0,1.0
2001-03-30,5.25377,5.28121,5.20919,5.2572,1455641,0.0,1.0
2001-04-02,5.2572,5.29835,5.20919,5.24348,2026151,0.0,1.0
2001-04-03,5.26406,5.28121,5.20919,5.21262,2499957,0.0,1.0
2001-04-04,5.21605,5.33265,5.17833,5.20919,2594039,0.0,1.0
2001-04-05,5.20919,5.35665,5.14403,5.24691,974801,0.0,1.0
2001-04-06,5.26749,5.29492,5.19204,5.1989,1052968,0.0,1.0
2001-04-09,5.19204,5.19204,5.14403,5.16118,1532308,0.0,1.0
2001-04-10,5.21262,5.4321,5.21262,5.32236,4086634,0.0,1.0
2001-04-11,5.34294,5.36694,5.2572,5.29835,1308750,0.0,1.0
2001-04-12,5.30178,5.34979,5.27778,5.29835,2018473,0.0,1.0
2001-04-13,5.30178,5.38066,5.30178,5.32579,2023573,0.0,1.0
2001-04-16,5.41495,5.46639,5.36351,5.42867,4771483,0.0,1.0
2001-04-17,5.48011,5.61728,5.48011,5.51097,7656221,0.0,1.0
2001-04-18,5.52126,5.55213,5.40466,5.41152,3015237,0.0,1.0
2001-04-19,5.41152,5.61728,5.34979,5.60357,5235725,0.0,1.0
2001-04-20,5.62414,5.8299,5.607,5.61728,15487110,0.0,1.0
2001-04-23,5.61728,5.69273,5.48697,5.53155,5667614,0.0,1.0
2001-04-24,5.55556,5.58299,5.5144,5.5727,2858450,0.0,1.0
2001-04-25,5.5727,5.6893,5.43553,5.43896,5311710,0.0,1.0
2001-04-26,5.42867,5.48011,5.38409,5.38752,2792965,0.0,1.0
2001-04-27,5.38752,5.45267,5.36694,5.38066,1838220,0.0,1.0
2001-04-30,5.38409,5.40123,5.3155,5.34979,1531078,0.0,1.0
2001-05-01,5.38409,5.40123,5.3155,5.34979,0,0.0,1.0
2001-05-02,5.38409,5.40123,5.3155,5.34979,0,0.0,1.0
2001-05-03,5.38409,5.40123,5.3155,5.34979,0,0.0,1.0
2001-05-04,5.38409,5.40123,5.3155,5.34979,0,0.0,1.0
2001-05-07,5.38409,5.40123,5.3155,5.34979,0,0.0,1.0
2001-05-08,5.37037,5.43553,5.35322,5.42181,1049684,0.0,1.0
2001-05-09,5.41838,5.55556,5.41838,5.4561,2070725,0.0,1.0
2001-05-10,5.4561,5.607,5.4561,5.56584,2920479,0.0,1.0
2001-05-11,5.5727,5.62414,5.4904,5.54184,1508978,0.0,1.0
2001-05-14,5.5727,5.607,5.5487,5.58985,2664046,0.0,1.0
2001-05-15,5.59671,5.62071,5.50412,5.55556,2714566,0.0,1.0
2001-05-16,5.55556,5.57613,5.49726,5.52126,2165929,0.0,1.0
2001-05-17,5.52126,5.7476,5.49383,5.62071,11691647,0.0,1.0
2001-05-18,5.62071,5.65501,5.55556,5.58985,3087207,0.0,1.0
2001-05-21,5.62071,5.70988,5.60014,5.66187,3278036,0.0,1.0
2001-05-22,5.69273,5.69273,5.607,5.63786,2121096,0.0,1.0
2001-05-23,5.63786,5.65158,5.49726,5.51783,3059514,0.0,1.0
2001-05-24,5.53841,5.55556,5.50754,5.5144,1850844,0.0,1.0
2001-05-25,5.52126,5.5487,5.44582,5.48697,2144243,0.0,1.0
2001-05-28,5.48697,5.48697,5.36694,5.38409,2202916,0.0,1.0
2001-05-29,5.38409,5.44925,5.37723,5.40466,1662391,0.0,1.0
2001-05-30,5.41495,5.52126,5.40123,5.50412,1963681,0.0,1.0
2001-05-31,5.52126,5.5487,5.44582,5.44925,1624270,0.0,1.0
2001-06-01,5.48697,5.55213,5.48697,5.50412,975417,0.0,1.0
2001-06-04,5.5144,5.59671,5.51097,5.55556,2862410,0.0,1.0
2001-06-05,5.5727,5.65158,5.55898,5.58642,3524079,0.0,1.0
2001-06-06,5.59328,5.631,5.52469,5.55898,2129511,0.0,1.0
2001-06-07,5.5727,5.58985,5.50412,5.50754,1794536,0.0,1.0
2001-06-08,5.52126,5.52126,5.41838,5.44582,1603960,0.0,1.0
2001-06-11,5.45267,5.54527,5.45267,5.48011,1291529,0.0,1.0
2001-06-12,5.48697,5.50412,5.44239,5.46982,1362306,0.0,1.0
2001-06-13,5.48697,5.4904,5.43553,5.48354,1732367,0.0,1.0
2001-06-14,5.48697,5.55213,5.40123,5.41152,2411727,0.0,1.0
2001-06-15,5.41495,5.45267,5.34979,5.37723,2566372,0.0,1.0
2001-06-18,5.37723,5.38409,5.14403,5.20919,3802321,0.0,1.0
2001-06-19,5.20576,5.22634,5.17147,5.17833,2241416,0.0,1.0
2001-06-20,5.24691,5.31207,5.19547,5.21948,680105,0.0,1.0
2001-06-21,5.26406,5.26406,5.18176,5.2572,812097,0.0,1.0
2001-06-22,5.2572,5.30864,5.23663,5.30178,1005962,0.0,1.0
2001-06-25,5.3155,5.52126,5.30178,5.48354,2473334,0.0,1.0
2001-06-26,5.48697,5.55556,5.48697,5.4904,3791684,0.0,1.0
2001-06-27,5.55556,5.65844,5.52126,5.56927,7485851,0.0,1.0
2001-06-28,5.56927,5.56927,5.56927,5.56927,0,0.0,1.0
2001-06-29,5.56927,5.56927,5.56927,5.56927,0,0.0,1.0
2001-07-02,5.58642,5.607,5.42524,5.4321,2096111,0.0,1.0
2001-07-03,5.44582,5.45267,5.36008,5.44925,1199654,0.0,1.0
2001-07-04,5.48354,5.4904,5.38409,5.39438,739527,0.0,1.0
2001-07-05,5.38752,5.39438,5.3155,5.32922,1251600,0.0,1.0
2001-07-06,5.32922,5.48011,5.3155,5.34979,1018261,0.0,1.0
2001-07-09,5.38409,5.50754,5.36008,5.47325,1976092,0.0,1.0
2001-07-10,5.49383,5.607,5.48011,5.5487,3699608,0.0,1.0
2001-07-11,5.56584,5.58985,5.42181,5.4561,1878167,0.0,1.0
2001-07-12,5.42524,5.58642,5.42524,5.5727,3271009,0.0,1.0
2001-07-13,5.607,5.72702,5.55556,5.5727,9962899,0.0,1.0
2001-07-16,5.65844,5.78875,5.58985,5.73731,12847535,0.0,1.0
2001-07-17,5.74417,5.91564,5.65844,5.89506,12101806,0.0,1.0
2001-07-18,5.89849,5.94993,5.81619,5.85048,14751846,0.0,1.0
2001-07-19,5.85734,5.88134,5.68587,5.79561,9442816,0.0,1.0
2001-07-20,5.80247,6.37517,5.76132,6.37517,70903899,0.0,1.0
2001-07-23,6.53292,6.75583,6.48148,6.58436,108651911,0.0,1.0
2001-07-24,6.51577,6.74897,6.41975,6.67353,50085215,0.0,1.0
2001-07-25,6.61866,6.6358,6.2037,6.24143,34243948,0.0,1.0
2001-07-26,6.18999,6.3786,6.13169,6.30315,24894622,0.0,1.0
2001-07-27,6.28258,6.34431,6.08025,6.10425,14314653,0.0,1.0
2001-07-30,6.05281,6.28601,6.00137,6.0631,20672936,0.0,1.0
2001-07-31,6.0631,6.50892,6.0631,6.3546,39639928,0.0,1.0
2001-08-01,6.44376,6.6701,6.37174,6.51235,47591630,0.0,1.0
2001-08-02,6.51577,6.5535,6.10425,6.41289,26748192,0.0,1.0
2001-08-03,6.42661,6.64609,6.36145,6.47119,27701333,0.0,1.0
2001-08-06,6.47119,6.47805,6.15569,6.27572,20692161,0.0,1.0
2001-08-07,6.18999,6.39575,6.17627,6.24143,9539858,0.0,1.0
2001-08-08,6.24486,6.35802,6.18999,6.27572,4673240,0.0,1.0
2001-08-09,6.28944,6.61866,6.28601,6.48148,23441308,0.0,1.0
2001-08-10,6.52606,6.6118,6.46433,6.5775,19254722,0.0,1.0
2001-08-13,6.58436,6.65981,6.52263,6.56036,17877390,0.0,1.0
2001-08-14,6.55007,6.79012,6.44719,6.78326,22305153,0.0,1.0
2001-08-15,6.82442,6.91015,6.71468,6.75583,33089504,0.0,1.0
2001-08-16,6.75583,6.79012,6.49863,6.51235,25360228,0.0,1.0
2001-08-17,6.46433,6.51577,6.3203,6.46433,18459841,0.0,1.0
2001-08-20,6.44033,6.54664,6.34431,6.51235,7246042,0.0,1.0
2001-08-21,6.51577,6.53635,6.36145,6.3786,6372160,0.06889,1.0
2001-08-22,6.35117,6.36145,6.17284,6.24143,17598545,0.0,1.0
2001-08-23,6.17284,6.33059,6.06996,6.27915,6120276,0.0,1.0
2001-08-24,6.26886,6.34088,6.10425,6.1214,7438241,0.0,1.0
2001-08-27,6.08711,6.09739,5.76818,5.78875,14863570,0.0,1.0
2001-08-28,5.73045,5.90878,5.65844,5.89849,6941188,0.0,1.0
2001-08-29,5.91564,5.96022,5.84705,5.86763,5008615,0.0,1.0
2001-08-30,5.71331,5.99108,5.65844,5.84019,3714191,0.0,1.0
2001-08-31,5.84705,5.89849,5.73045,5.74417,3008385,0.0,1.0
2001-09-03,5.70988,5.73388,5.41152,5.48354,10344315,0.0,1.0
2001-09-04,5.48354,5.65844,5.45267,5.65158,5541403,0.0,1.0
2001-09-05,5.67558,5.80933,5.60357,5.67558,5243283,0.0,1.0
2001-09-06,5.66187,5.81276,5.64129,5.74417,4724299,0.0,1.0
2001-09-07,5.70988,5.76132,5.48697,5.49383,5467824,0.0,1.0
2001-09-10,5.44582,5.89163,5.39095,5.84362,7644286,0.0,1.0
2001-09-11,5.8642,5.92936,5.73388,5.84019,4981942,0.0,1.0
2001-09-12,5.72702,5.8059,5.59328,5.71331,7342232,0.0,1.0
2001-09-13,5.72016,5.88477,5.71331,5.72016,2452161,0.0,1.0
2001-09-14,5.73388,5.82305,5.62414,5.67558,2343837,0.0,1.0
2001-09-17,5.62414,5.68587,5.52126,5.53498,3622322,0.0,1.0
2001-09-18,5.52126,5.69273,5.5144,5.58985,2046933,0.0,1.0
2001-09-19,5.62414,5.70988,5.52469,5.67558,2184626,0.0,1.0
2001-09-20,5.72702,5.81276,5.64472,5.69273,3191259,0.0,1.0
2001-09-21,5.72702,5.79561,5.67558,5.70645,2391499,0.0,1.0
2001-09-24,5.70645,5.77846,5.68587,5.74417,1968501,0.0,1.0
2001-09-25,5.76132,5.85734,5.76132,5.79561,4369005,0.0,1.0
2001-09-26,5.81962,5.81962,5.58299,5.58985,2944761,0.0,1.0
2001-09-27,5.58985,5.65844,5.49726,5.55556,3251454,0.0,1.0
2001-09-28,5.55898,5.71674,5.55898,5.61043,2295676,0.0,1.0
2001-10-01,5.55898,5.71674,5.55898,5.61043,0,0.0,1.0
2001-10-02,5.55898,5.71674,5.55898,5.61043,0,0.0,1.0
2001-10-03,5.55898,5.71674,5.55898,5.61043,0,0.0,1.0
2001-10-04,5.55898,5.71674,5.55898,5.61043,0,0.0,1.0
2001-10-05,5.55898,5.71674,5.55898,5.61043,0,0.0,1.0
2001-10-08,5.65158,5.77846,5.62757,5.76818,3872699,0.0,1.0
2001-10-09,5.76818,5.98422,5.72016,5.89849,10941976,0.0,1.0
2001-10-10,5.93278,5.98422,5.78875,5.96708,11397703,0.0,1.0
2001-10-11,5.96708,6.02195,5.79561,5.86763,8472721,0.0,1.0
2001-10-12,5.83676,5.94993,5.28121,5.8299,21759718,0.0,1.0
2001-10-15,5.79561,5.92593,5.66872,5.82305,8382710,0.0,1.0
2001-10-16,5.81276,5.8642,5.41838,5.53155,11515999,0.0,1.0
2001-10-17,5.48011,5.53155,5.28807,5.32922,10294163,0.0,1.0
2001-10-18,5.3155,5.39438,5.10288,5.14403,8415261,0.0,1.0
2001-10-19,5.10288,5.14403,4.83539,4.88683,7995818,0.0,1.0
2001-10-22,4.83539,4.86968,4.69822,4.71536,4378190,0.0,1.0
2001-10-23,5.18861,5.18861,5.00686,5.18861,10792318,0.0,1.0
2001-10-24,5.41838,5.44925,5.17833,5.31893,15989353,0.0,1.0
2001-10-25,5.29835,5.30864,5.12689,5.15775,6666522,0.0,1.0
2001-10-26,5.14403,5.24691,5.12689,5.19547,4090265,0.0,1.0
2001-10-29,5.3155,5.40123,5.24005,5.27435,2786673,0.0,1.0
2001-10-30,5.28121,5.30864,5.16118,5.17833,2137303,0.0,1.0
2001-10-31,5.17833,5.29492,5.11317,5.29149,2463037,0.0,1.0
2001-11-01,5.32922,5.46639,5.27435,5.33608,6608613,0.0,1.0
2001-11-02,5.3155,5.38066,5.21262,5.25377,2463685,0.0,1.0
2001-11-05,5.27435,5.27778,5.14403,5.19547,2071468,0.0,1.0
2001-11-06,5.16461,5.21262,5.14403,5.15432,1730016,0.0,1.0
2001-11-07,5.13717,5.16118,4.82853,4.83539,4679597,0.0,1.0
2001-11-08,4.8011,4.90398,4.69822,4.87654,3804438,0.0,1.0
2001-11-09,4.89026,5.06859,4.83539,5.00343,3157897,0.0,1.0
2001-11-12,5.00343,5.00686,4.86283,4.86625,2005173,0.0,1.0
2001-11-13,4.83196,4.91084,4.79424,4.89712,1583196,0.0,1.0
2001-11-14,4.89712,4.94513,4.86283,4.86625,1384925,0.0,1.0
2001-11-15,4.87311,4.90741,4.81139,4.83539,1019550,0.0,1.0
2001-11-16,5.02743,5.04115,4.90398,4.90741,2599582,0.0,1.0
2001-11-19,4.93141,5.00343,4.89712,4.98971,2599582,0.0,1.0
2001-11-20,5.02401,5.14403,5,5.08916,2474981,0.0,1.0
2001-11-21,5.08916,5.10974,5,5.0583,2797427,0.0,1.0
2001-11-22,5.06516,5.22291,5.02401,5.19547,4974008,0.0,1.0
2001-11-23,5.18861,5.22977,5.12346,5.14403,2714770,0.0,1.0
2001-11-26,5.13717,5.13717,5.04115,5.09259,1645954,0.0,1.0
2001-11-27,5.09259,5.18518,5.04115,5.15432,1976287,0.0,1.0
2001-11-28,5.16118,5.21605,5.14403,5.16804,3507665,0.0,1.0
2001-11-29,5.17833,5.24691,5.16804,5.20576,3626201,0.0,1.0
2001-11-30,5.20576,5.27778,5.14403,5.22977,6605186,0.0,1.0
2001-12-03,5.24691,5.27435,5.21262,5.22977,3256178,0.0,1.0
2001-12-04,5.23663,5.24691,5.14403,5.1989,3068320,0.0,1.0
2001-12-05,5.18518,5.21948,5.09259,5.09945,4791256,0.0,1.0
2001-12-06,5.07545,5.14403,5.04801,5.10631,2908179,0.0,1.0
2001-12-07,5.10974,5.14746,5.09259,5.09602,1849668,0.0,1.0
2001-12-10,5.21262,5.30864,5.14403,5.29149,8363651,0.0,1.0
2001-12-11,5.29835,5.31207,5.17833,5.18176,3050244,0.0,1.0
2001-12-12,5.14403,5.21262,5.11317,5.12689,2382197,0.0,1.0
2001-12-13,5.12689,5.16118,5.02401,5.04458,2433965,0.0,1.0
2001-12-14,5.04115,5.04115,4.95885,4.96228,2539297,0.0,1.0
2001-12-17,4.96571,5.00686,4.89026,4.92798,2146657,0.0,1.0
2001-12-18,4.92798,4.92798,4.92798,4.92798,0,0.0,1.0
2001-12-19,4.92798,4.92798,4.92798,4.92798,0,0.0,1.0
2001-12-20,4.96228,5.03429,4.86968,4.89026,4516447,0.0,1.0
2001-12-21,4.89026,4.95542,4.86283,4.91427,2309116,0.0,1.0
2001-12-24,4.91427,4.93484,4.79424,4.79767,2406662,0.0,1.0
2001-12-25,4.8011,4.91084,4.8011,4.84568,1658767,0.0,1.0
2001-12-26,4.86625,4.88683,4.82853,4.87997,1736283,0.0,1.0
2001-12-27,4.90398,4.9417,4.8011,4.83882,1589068,0.0,1.0
2001-12-28,4.83882,4.88683,4.81824,4.87311,1438125,0.0,1.0
2001-12-31,4.87654,5.00343,4.87654,4.93484,1821824,0.0,1.0
2002-01-01,4.87654,5.00343,4.87654,4.93484,0,0.0,1.0
2002-01-02,4.87654,5.00343,4.87654,4.93484,0,0.0,1.0
2002-01-03,4.87654,5.00343,4.87654,4.93484,0,0.0,1.0
2002-01-04,4.93827,4.96571,4.84225,4.84911,1121464,0.0,1.0
2002-01-07,4.83539,4.84568,4.8011,4.83882,1089616,0.0,1.0
2002-01-08,4.85254,4.86968,4.8011,4.80453,1398368,0.0,1.0
2002-01-09,4.80453,4.80453,4.70508,4.72908,1868494,0.0,1.0
2002-01-10,4.72908,4.7668,4.56104,4.74623,2845634,0.0,1.0
2002-01-11,4.73251,4.73251,4.5439,4.55075,1906399,0.0,1.0
2002-01-14,4.52675,4.52675,4.30384,4.32442,3524806,0.0,1.0
2002-01-15,4.32099,4.34842,4.20096,4.21125,2510384,0.0,1.0
2002-01-16,4.21468,4.30384,4.21125,4.28326,1603412,0.0,1.0
2002-01-17,4.28669,4.29355,4.04664,4.06036,1822057,0.0,1.0
2002-01-18,4.04664,4.0535,3.81001,3.86488,4783929,0.0,1.0
2002-01-21,3.84088,3.94033,3.60082,3.63512,3783149,0.0,1.0
2002-01-22,3.63512,3.75514,3.56653,3.6214,2767532,0.0,1.0
2002-01-23,3.60425,3.97805,3.60425,3.96091,3417255,0.0,1.0
2002-01-24,3.96091,4.23525,3.80315,4.11866,8025911,0.0,1.0
2002-01-25,4.06379,4.17353,4.03978,4.08093,3527844,0.0,1.0
2002-01-28,4.08093,4.18381,3.762,3.77915,4253838,0.0,1.0
2002-01-29,3.7037,3.92318,3.7037,3.89232,2810686,0.0,1.0
2002-01-30,3.94376,3.96776,3.83402,3.90604,1443662,0.0,1.0
2002-01-31,3.96776,4.27984,3.96776,4.25583,7445828,0.0,1.0
2002-02-01,4.25583,4.62963,4.21811,4.36214,9824028,0.0,1.0
2002-02-04,4.35528,4.50274,4.34842,4.45816,3886477,0.0,1.0
2002-02-05,4.42387,4.4856,4.38957,4.43759,3143299,0.0,1.0
2002-02-06,4.45816,4.52675,4.33813,4.37243,3580904,0.0,1.0
2002-02-07,4.37243,4.49246,4.21811,4.29355,11593153,0.0,1.0
2002-02-08,4.30384,4.35528,4.13237,4.13923,10951292,0.0,1.0
2002-02-11,4.30384,4.35528,4.13237,4.13923,0,0.0,1.0
2002-02-12,4.30384,4.35528,4.13237,4.13923,0,0.0,1.0
2002-02-13,4.30384,4.35528,4.13237,4.13923,0,0.0,1.0
2002-02-14,4.30384,4.35528,4.13237,4.13923,0,0.0,1.0
2002-02-15,4.30384,4.35528,4.13237,4.13923,0,0.0,1.0
2002-02-18,4.30384,4.35528,4.13237,4.13923,0,0.0,1.0
2002-02-19,4.30384,4.35528,4.13237,4.13923,0,0.0,1.0
2002-02-20,4.30384,4.35528,4.13237,4.13923,0,0.0,1.0
2002-02-21,4.30384,4.35528,4.13237,4.13923,0,0.0,1.0
2002-02-22,4.30384,4.35528,4.13237,4.13923,0,0.0,1.0
2002-02-25,4.28669,4.54047,4.28669,4.393,12877695,0.0,1.0
2002-02-26,4.393,4.40672,4.29698,4.36214,4101515,0.0,1.0
2002-02-27,4.35528,4.4513,4.32099,4.36214,3710601,0.0,1.0
2002-02-28,4.35185,4.44101,4.28669,4.3107,3452025,0.0,1.0
2002-03-01,4.28669,4.33813,4.21125,4.2524,3154156,0.0,1.0
2002-03-04,4.2524,4.32442,4.22497,4.31413,1728281,0.0,1.0
2002-03-05,4.31413,4.53018,4.31413,4.45816,7855217,0.0,1.0
2002-03-06,4.46502,4.76337,4.46502,4.59877,16903598,0.0,1.0
2002-03-07,4.65706,5.01372,4.65706,4.97256,27311479,0.0,1.0
2002-03-08,5.00686,5.06859,4.80453,4.95542,20296481,0.0,1.0
2002-03-11,4.95542,4.97256,4.82167,4.95199,11859582,0.0,1.0
2002-03-12,4.95199,5.32236,4.90398,5.03772,26028742,0.0,1.0
2002-03-13,5.00686,5.17147,4.93484,4.94513,12318156,0.0,1.0
2002-03-14,4.94856,5.09259,4.94513,5.05144,6333462,0.0,1.0
2002-03-15,5.07545,5.12689,4.8011,4.82853,6361902,0.0,1.0
2002-03-18,4.9417,4.98971,4.73251,4.79081,5420812,0.0,1.0
2002-03-19,4.80453,4.93484,4.80453,4.91084,4054197,0.0,1.0
2002-03-20,4.94513,5.17833,4.92798,5.03772,12197220,0.0,1.0
2002-03-21,5.06859,5.10288,4.94513,5,4250849,0.0,1.0
2002-03-22,5.00686,5.03429,4.92112,4.95885,3870830,0.0,1.0
2002-03-25,4.93827,4.97256,4.90398,4.93827,2015627,0.0,1.0
2002-03-26,4.93827,4.95542,4.83539,4.86968,2704990,0.0,1.0
2002-03-27,4.86283,4.88683,4.80453,4.8834,2268109,0.0,1.0
2002-03-28,4.8834,4.97256,4.85597,4.86968,1640918,0.0,1.0
2002-03-29,4.86283,4.86968,4.73594,4.79081,4495463,0.0,1.0
2002-04-01,4.73594,4.8011,4.73251,4.7428,1858848,0.0,1.0
2002-04-02,4.73251,4.75994,4.54732,4.58505,2464787,0.0,1.0
2002-04-03,4.60219,4.68107,4.58848,4.60905,2201551,0.0,1.0
2002-04-04,4.63306,4.86968,4.58162,4.84568,3992022,0.0,1.0
2002-04-05,4.89712,4.97256,4.78395,4.80796,4736485,0.0,1.0
2002-04-08,4.80796,4.88683,4.7668,4.83539,2071699,0.0,1.0
2002-04-09,4.83539,5.07202,4.83539,4.97256,7470311,0.0,1.0
2002-04-10,5.00343,5.03429,4.94513,4.98628,4044935,0.0,1.0
2002-04-11,4.98628,5.08573,4.89712,4.90055,5214476,0.0,1.0
2002-04-12,4.86968,5,4.8594,4.91084,2373362,0.0,1.0
2002-04-15,4.90398,4.92798,4.81139,4.84568,1961555,0.0,1.0
2002-04-16,4.82167,4.88683,4.8011,4.8251,1031039,0.0,1.0
2002-04-17,4.83539,4.86968,4.78738,4.84225,1492467,0.0,1.0
2002-04-18,4.85254,4.95199,4.8011,4.82167,1451471,0.0,1.0
2002-04-19,4.8011,4.85254,4.73937,4.83539,1931774,0.0,1.0
2002-04-22,4.83539,4.83539,4.77023,4.79081,810356,0.0,1.0
2002-04-23,4.8011,4.83196,4.75994,4.7668,793240,0.0,1.0
2002-04-24,4.7668,4.7668,4.66049,4.68107,3663727,0.0,1.0
2002-04-25,4.66049,4.74966,4.65363,4.69822,1315145,0.0,1.0
2002-04-26,4.78738,4.85254,4.73251,4.81481,2124551,0.0,1.0
2002-04-29,4.83882,4.98971,4.83196,4.97256,3787508,0.0,1.0
2002-04-30,4.9417,4.95542,4.85254,4.8834,1643933,0.0,1.0
2002-05-01,4.9417,4.95542,4.85254,4.8834,0,0.0,1.0
2002-05-02,4.9417,4.95542,4.85254,4.8834,0,0.0,1.0
2002-05-03,4.9417,4.95542,4.85254,4.8834,0,0.0,1.0
2002-05-06,4.9417,4.95542,4.85254,4.8834,0,0.0,1.0
2002-05-07,4.9417,4.95542,4.85254,4.8834,0,0.0,1.0
2002-05-08,4.90398,4.93141,4.84225,4.84911,747400,0.0,1.0
2002-05-09,4.84568,4.88683,4.80453,4.8251,1132297,0.0,1.0
2002-05-10,4.83539,4.84568,4.77366,4.77709,1144647,0.0,1.0
2002-05-13,4.77709,4.77709,4.72565,4.74623,1036743,0.0,1.0
2002-05-14,4.73251,4.7668,4.69822,4.71536,1120657,0.0,1.0
2002-05-15,4.69822,4.75994,4.6845,4.68793,1090817,0.0,1.0
2002-05-16,4.66392,4.66735,4.51303,4.53018,2906576,0.0,1.0
2002-05-17,4.53361,4.63306,4.53018,4.59534,2028250,0.0,1.0
2002-05-20,4.59534,4.59534,4.45816,4.48903,1236921,0.0,1.0
2002-05-21,4.64678,4.68107,4.5439,4.61591,2131275,0.0,1.0
2002-05-22,4.62963,4.63992,4.49931,4.51303,1232567,0.0,1.0
2002-05-23,4.53361,4.62963,4.51989,4.54732,1054306,0.0,1.0
2002-05-24,4.54732,4.54732,4.41701,4.44444,2655808,0.0,1.0
2002-05-27,4.44444,4.48217,4.39643,4.43759,974256,0.0,1.0
2002-05-28,4.4513,4.55761,4.44787,4.51989,1178029,0.0,1.0
2002-05-29,4.52675,4.52675,4.393,4.41358,1383286,0.0,1.0
2002-05-30,4.41015,4.44787,4.38615,4.42387,2499280,0.0,1.0
2002-05-31,4.4513,4.45816,4.42387,4.45473,953856,0.0,1.0
2002-06-03,4.41701,4.42044,4.37243,4.38957,1153783,0.0,1.0
2002-06-04,4.38615,4.46845,4.38615,4.44101,1431625,0.0,1.0
2002-06-05,4.43759,4.43759,4.33813,4.35528,911381,0.0,1.0
2002-06-06,4.35528,4.59534,4.34499,4.52332,1782504,0.0,1.0
2002-06-07,4.52675,4.57819,4.47874,4.52332,2050610,0.0,1.0
2002-06-10,4.54732,4.54732,4.47874,4.51989,905462,0.0,1.0
2002-06-11,4.52675,4.58505,4.47531,4.56447,1267020,0.0,1.0
2002-06-12,4.56447,4.58505,4.50274,4.58162,1522992,0.0,1.0
2002-06-13,4.62963,4.71879,4.59534,4.64335,6685184,0.0,1.0
2002-06-14,4.61248,4.65021,4.54732,4.61591,2380652,0.0,1.0
2002-06-17,4.56104,4.64678,4.52675,4.63649,1327719,0.0,1.0
2002-06-18,4.63649,4.74623,4.63649,4.70165,4203872,0.0,1.0
2002-06-19,4.72222,4.73251,4.59534,4.59534,1533280,0.0,1.0
2002-06-20,4.60219,4.67078,4.60219,4.6262,1113816,0.0,1.0
2002-06-21,4.65706,4.83539,4.63306,4.8011,7404908,0.0,1.0
2002-06-24,5.28121,5.28121,5.02401,5.28121,30220626,0.0,1.0
2002-06-25,5.24691,5.58299,5.10288,5.48697,35756171,0.0,1.0
2002-06-26,5.48697,5.48697,5.48697,5.48697,0,0.0,1.0
2002-06-27,5.48697,5.48697,5.35322,5.36351,11556546,0.0,1.0
2002-06-28,5.34979,5.46296,5.25377,5.31207,10441596,0.0,1.0
2002-07-01,5.33265,5.46982,5.3155,5.32236,6322364,0.0,1.0
2002-07-02,5.3155,5.64129,5.28121,5.48354,19936471,0.0,1.0
2002-07-03,5.48354,5.48697,5.38409,5.41838,5018952,0.0,1.0
2002-07-04,5.34636,5.52126,5.34636,5.37723,5142098,0.0,1.0
2002-07-05,5.37723,5.58985,5.35665,5.50069,15482129,0.0,1.0
2002-07-08,5.50754,5.65844,5.50412,5.58642,13161297,0.0,1.0
2002-07-09,5.58985,5.63443,5.52469,5.55898,8434726,0.0,1.0
2002-07-10,5.56241,5.61043,5.41838,5.42524,7763774,0.0,1.0
2002-07-11,5.42524,5.79561,5.42524,5.631,27196711,0.0,1.0
2002-07-12,5.631,5.96022,5.62414,5.84705,47216568,0.0,1.0
2002-07-15,5.84705,5.9465,5.76818,5.77503,23122974,0.0,1.0
2002-07-16,5.76132,5.84362,5.72016,5.84019,14306550,0.0,1.0
2002-07-17,5.88134,5.93278,5.71674,5.82647,13748293,0.0,1.0
2002-07-18,5.89849,5.90878,5.76475,5.78875,8955013,0.0,1.0
2002-07-19,5.78875,5.82647,5.73388,5.79218,8294909,0.0,1.0
2002-07-22,5.79561,5.81619,5.62414,5.631,8758416,0.0,1.0
2002-07-23,5.62414,5.74074,5.58985,5.65501,7373342,0.0,1.0
2002-07-24,5.68587,5.70302,5.58299,5.631,3654734,0.0,1.0
2002-07-25,5.66187,5.74417,5.65844,5.67215,7574223,0.0,1.0
2002-07-26,5.67215,5.70988,5.61728,5.62757,2756985,0.0,1.0
2002-07-29,5.60357,5.64129,5.48697,5.61385,4136259,0.0,1.0
2002-07-30,5.61385,5.62414,5.50754,5.60014,2565366,0.0,1.0
2002-07-31,5.58985,5.607,5.52126,5.52469,2196089,0.0,1.0
2002-08-01,5.52469,5.52469,5.37037,5.45267,5990998,0.0,1.0
2002-08-02,5.45267,5.48697,5.40466,5.42181,2803938,0.0,1.0
2002-08-05,5.45267,5.48697,5.41152,5.42867,1480882,0.0,1.0
2002-08-06,5.42524,5.58299,5.37723,5.50412,3534163,0.0,1.0
2002-08-07,5.50412,5.53498,5.4561,5.53155,1397817,0.0,1.0
2002-08-08,5.53841,5.56241,5.45267,5.48011,1223172,0.0,1.0
2002-08-09,5.42524,5.45953,5.34294,5.35665,2610701,0.0,1.0
2002-08-12,5.34979,5.34979,5.26406,5.28464,2571195,0.0,1.0
2002-08-13,5.28121,5.34979,5.27435,5.3155,1556243,0.0,1.0
2002-08-14,5.3155,5.38066,5.31207,5.36694,996631,0.0,1.0
2002-08-15,5.3738,5.3738,5.26063,5.27092,1723239,0.0,1.0
2002-08-16,5.26406,5.36008,5.21262,5.32236,1590098,0.0,1.0
2002-08-19,5.28807,5.32579,5.26406,5.28807,596727,0.0,1.0
2002-08-20,5.30521,5.44239,5.28807,5.41495,2923876,0.0,1.0
2002-08-21,5.42524,5.53498,5.42524,5.48354,4624059,0.0,1.0
2002-08-22,5.4904,5.56584,5.48697,5.54527,4794318,0.0,1.0
2002-08-23,5.49726,5.55556,5.4561,5.46296,3311418,0.0,1.0
2002-08-26,5.46296,5.48697,5.39438,5.41152,1518128,0.0,1.0
2002-08-27,5.41152,5.58299,5.41152,5.5727,2995353,0.0,1.0
2002-08-28,5.607,5.62071,5.53841,5.55213,2856598,0.0,1.0
2002-08-29,5.54184,5.55556,5.4904,5.49726,1676904,0.0,1.0
2002-08-30,5.49383,5.58985,5.48697,5.56927,2762963,0.0,1.0
2002-09-02,5.58642,5.58642,5.55213,5.56584,1303510,0.0,1.0
2002-09-03,5.56584,5.607,5.52812,5.53155,1170628,0.0,1.0
2002-09-04,5.55213,5.55556,5.43553,5.45267,1777495,0.0,1.0
2002-09-05,5.44582,5.48697,5.3155,5.34636,2510586,0.0,1.0
2002-09-06,5.33265,5.38066,5.3155,5.33265,1520924,0.0,1.0
2002-09-09,5.3155,5.39095,5.28121,5.38752,1183400,0.0,1.0
2002-09-10,5.38409,5.39438,5.32236,5.36694,822120,0.0,1.0
2002-09-11,5.36694,5.43896,5.27435,5.34979,4077927,0.0,1.0
2002-09-12,5.39095,5.39095,5.32236,5.33951,1050944,0.0,1.0
2002-09-13,5.34979,5.36694,5.30864,5.33608,850008,0.0,1.0
2002-09-16,5.29835,5.33608,5.27435,5.32579,1607594,0.0,1.0
2002-09-17,5.41838,5.44925,5.36008,5.39095,2040588,0.0,1.0
2002-09-18,5.38752,5.41838,5.33265,5.34636,907255,0.0,1.0
2002-09-19,5.3155,5.83333,5.3155,5.73731,21905293,0.0,1.0
2002-09-20,5.69273,5.74417,5.56241,5.57956,11261881,0.0,1.0
2002-09-23,5.58985,5.72702,5.55898,5.66529,6496420,0.0,1.0
2002-09-24,5.66529,5.71331,5.61043,5.66872,4586915,0.0,1.0
2002-09-25,5.65501,5.73731,5.63443,5.65158,5219538,0.0,1.0
2002-09-26,5.68244,5.70302,5.53498,5.54184,5517801,0.0,1.0
2002-09-27,5.55556,5.60357,5.4904,5.54184,3033483,0.0,1.0
2002-09-30,5.54184,5.54184,5.54184,5.54184,0,0.0,1.0
2002-10-01,5.54184,5.54184,5.54184,5.54184,0,0.0,1.0
2002-10-02,5.54184,5.54184,5.54184,5.54184,0,0.0,1.0
2002-10-03,5.54184,5.54184,5.54184,5.54184,0,0.0,1.0
2002-10-04,5.54184,5.54184,5.54184,5.54184,0,0.0,1.0
2002-10-07,5.54184,5.54184,5.54184,5.54184,0,0.0,1.0
2002-10-08,5.52126,5.64472,5.38409,5.60357,3971945,0.0,1.0
2002-10-09,5.58985,5.58985,5.36694,5.47325,7819838,0.0,1.0
2002-10-10,5.44582,5.5487,5.42181,5.49726,3304158,0.0,1.0
2002-10-11,5.49726,5.55556,5.43553,5.4904,2458870,0.0,1.0
2002-10-14,5.45267,5.607,5.41838,5.57613,3256641,0.0,1.0
2002-10-15,5.58299,5.60357,5.4561,5.45953,3882056,0.0,1.0
2002-10-16,5.45267,5.66187,5.40123,5.64129,10723815,0.0,1.0
2002-10-17,5.64129,5.67558,5.55898,5.60357,7453457,0.0,1.0
2002-10-18,5.607,5.81276,5.59328,5.72359,20409257,0.0,1.0
2002-10-21,5.72359,5.78875,5.67558,5.77503,7381866,0.0,1.0
2002-10-22,5.77846,5.81276,5.69959,5.79904,8929457,0.0,1.0
2002-10-23,5.79561,5.79561,5.6893,5.7716,5654279,0.0,1.0
2002-10-24,5.76132,5.76132,5.65501,5.68244,5591497,0.0,1.0
2002-10-25,5.71674,5.74417,5.58299,5.59328,4928136,0.0,1.0
2002-10-28,5.5487,5.65501,5.53841,5.55898,5137030,0.0,1.0
2002-10-29,5.5487,5.61728,5.41838,5.54184,4954535,0.0,1.0
2002-10-30,5.52126,5.53841,5.42524,5.4904,3454110,0.0,1.0
2002-10-31,5.48354,5.56584,5.45267,5.4904,2477775,0.0,1.0
2002-11-01,5.50412,5.52126,5.43553,5.49383,1711164,0.0,1.0
2002-11-04,5.52126,5.607,5.48697,5.60357,2718464,0.0,1.0
2002-11-05,5.60357,5.7716,5.56927,5.69959,7328302,0.0,1.0
2002-11-06,5.69273,5.71674,5.63786,5.69273,3186590,0.0,1.0
2002-11-07,5.69273,5.72702,5.63443,5.64472,2964111,0.0,1.0
2002-11-08,5.73388,5.76132,5.45267,5.47668,6393826,0.0,1.0
2002-11-11,5.4561,5.55556,5.38409,5.39438,3100807,0.0,1.0
2002-11-12,5.40123,5.48697,5.32236,5.32922,4500263,0.0,1.0
2002-11-13,5.33265,5.38409,5.28121,5.36694,3085945,0.0,1.0
2002-11-14,5.37037,5.39438,5.14403,5.21262,4914822,0.0,1.0
2002-11-15,5.14746,5.26406,5.10974,5.15089,5893787,0.0,1.0
2002-11-18,5.14403,5.17833,4.88683,4.90055,5676787,0.0,1.0
2002-11-19,4.90055,4.97256,4.86625,4.94513,2510119,0.0,1.0
2002-11-20,4.94856,4.96228,4.63306,4.72222,4148932,0.0,1.0
2002-11-21,4.73251,4.73251,4.56447,4.58505,3219920,0.0,1.0
2002-11-22,4.62963,4.73251,4.5439,4.64678,3715725,0.0,1.0
2002-11-25,4.66392,4.71879,4.59534,4.6845,1421285,0.0,1.0
2002-11-26,4.6845,4.73937,4.49246,4.50274,2586851,0.0,1.0
2002-11-27,4.4856,4.5679,4.42387,4.5439,2128345,0.0,1.0
2002-11-28,4.53704,4.69822,4.51646,4.69479,2577759,0.0,1.0
2002-11-29,4.73251,5.04115,4.65021,4.92455,10966184,0.0,1.0
2002-12-02,4.93141,4.93827,4.79424,4.8011,4907147,0.0,1.0
2002-12-03,4.79424,4.92798,4.78738,4.89369,3379411,0.0,1.0
2002-12-04,4.95542,5.01372,4.82853,4.84568,8314887,0.0,1.0
2002-12-05,4.82167,4.82167,4.67078,4.75652,2796517,0.0,1.0
2002-12-06,4.7668,5.09602,4.6845,4.86625,7980048,0.0,1.0
2002-12-09,4.80453,4.92112,4.77023,4.79081,2725168,0.0,1.0
2002-12-10,4.79081,4.84225,4.68107,4.69136,2605017,0.0,1.0
2002-12-11,4.69136,4.79424,4.61248,4.72222,2757921,0.0,1.0
2002-12-12,4.72222,4.8011,4.7085,4.71193,1386794,0.0,1.0
2002-12-13,4.6845,4.78052,4.62963,4.73251,1422868,0.0,1.0
2002-12-16,4.7668,4.8251,4.73937,4.77023,1610262,0.0,1.0
2002-12-17,4.78395,4.83539,4.7668,4.81139,1752300,0.0,1.0
2002-12-18,4.81481,4.87997,4.73594,4.77366,3089980,0.0,1.0
2002-12-19,4.78738,4.78738,4.73251,4.7668,1038192,0.0,1.0
2002-12-20,4.78395,4.83539,4.77023,4.80796,1486209,0.0,1.0
2002-12-23,4.81824,4.86968,4.75309,4.78395,2105644,0.0,1.0
2002-12-24,4.7668,4.77709,4.72565,4.76337,1194647,0.0,1.0
2002-12-25,4.76337,4.79424,4.69822,4.70165,1674090,0.0,1.0
2002-12-26,4.69479,4.76337,4.58162,4.59191,2725055,0.0,1.0
2002-12-27,4.58848,4.62963,4.55418,4.59191,1497891,0.0,1.0
2002-12-30,4.56447,4.58162,4.46502,4.46845,2375665,0.0,1.0
2002-12-31,4.49246,4.57819,4.45473,4.51989,3175830,0.0,1.0
2003-01-01,4.49246,4.57819,4.45473,4.51989,0,0.0,1.0
2003-01-02,4.4856,4.51303,4.34842,4.35528,2462705,0.0,1.0
2003-01-03,4.28669,4.44101,4.28669,4.32785,1591320,0.0,1.0
2003-01-06,4.28669,4.34499,4.28326,4.34499,1507263,0.0,1.0
2003-01-07,4.34499,4.4513,4.29698,4.32442,1745357,0.0,1.0
2003-01-08,4.32099,4.45473,4.31756,4.4513,1568875,0.0,1.0
2003-01-09,4.4856,4.58162,4.42387,4.54732,3040443,0.0,1.0
2003-01-10,4.56104,4.58505,4.49931,4.50274,2382474,0.0,1.0
2003-01-13,4.50274,4.5439,4.45816,4.48217,1239600,0.0,1.0
2003-01-14,4.52675,4.79081,4.45816,4.70508,6044104,0.0,1.0
2003-01-15,4.73251,4.93827,4.71536,4.77709,10460789,0.0,1.0
2003-01-16,4.78395,4.83539,4.74966,4.83539,4082374,0.0,1.0
2003-01-17,4.85254,4.86625,4.70165,4.74623,3529556,0.0,1.0
2003-01-20,4.72565,4.8011,4.6845,4.78052,2407260,0.0,1.0
2003-01-21,4.78395,4.81824,4.68107,4.68793,2772489,0.0,1.0
2003-01-22,4.68107,4.71536,4.66392,4.68793,1784440,0.0,1.0
2003-01-23,4.67421,4.72908,4.63649,4.63992,1856655,0.0,1.0
2003-01-24,4.63992,4.69136,4.61248,4.65363,1954210,0.0,1.0
2003-01-27,4.65363,4.8011,4.65363,4.7668,3819173,0.0,1.0
2003-01-28,4.7668,4.86283,4.73594,4.80453,3411102,0.0,1.0
2003-01-29,4.81481,4.82853,4.79424,4.79424,2431670,0.0,1.0
2003-01-30,4.81481,4.82853,4.79424,4.79424,0,0.0,1.0
2003-01-31,4.81481,4.82853,4.79424,4.79424,0,0.0,1.0
2003-02-03,4.81481,4.82853,4.79424,4.79424,0,0.0,1.0
2003-02-04,4.81481,4.82853,4.79424,4.79424,0,0.0,1.0
2003-02-05,4.81481,4.82853,4.79424,4.79424,0,0.0,1.0
2003-02-06,4.81481,4.82853,4.79424,4.79424,0,0.0,1.0
2003-02-07,4.81481,4.82853,4.79424,4.79424,0,0.0,1.0
2003-02-10,4.77366,4.77366,4.69822,4.71536,1205941,0.0,1.0
2003-02-11,4.71536,4.7428,4.65706,4.7428,1708073,0.0,1.0
2003-02-12,4.73251,4.77366,4.67421,4.77023,1270335,0.0,1.0
2003-02-13,4.7668,4.86968,4.7668,4.77709,3361104,0.0,1.0
2003-02-14,4.77709,4.92798,4.77709,4.86968,5109442,0.0,1.0
2003-02-17,4.88683,4.96571,4.8011,4.83539,4333596,0.0,1.0
2003-02-18,4.83539,4.86625,4.8011,4.85254,1966839,0.0,1.0
2003-02-19,4.83539,4.86283,4.8011,4.86283,1137258,0.0,1.0
2003-02-20,4.90398,4.97256,4.86968,4.88683,4401466,0.0,1.0
2003-02-21,4.87997,4.87997,4.7428,4.74966,3906755,0.0,1.0
2003-02-24,4.73251,4.76337,4.72222,4.73251,1878487,0.0,1.0
2003-02-25,4.73594,4.94513,4.73594,4.87654,6118669,0.0,1.0
2003-02-26,4.87997,4.9177,4.82853,4.84911,2424432,0.0,1.0
2003-02-27,4.82167,4.87654,4.8011,4.83539,1600689,0.0,1.0
2003-02-28,4.84911,4.8594,4.8011,4.8251,1326372,0.0,1.0
2003-03-03,4.81824,4.86968,4.81824,4.85254,1751017,0.0,1.0
2003-03-04,4.86968,4.90398,4.83882,4.89369,2207759,0.0,1.0
2003-03-05,4.90398,4.9177,4.8011,4.81824,1956027,0.0,1.0
2003-03-06,4.82167,4.83539,4.74966,4.76337,2102115,0.0,1.0
2003-03-07,4.76337,4.78052,4.73251,4.73594,1691770,0.0,1.0
2003-03-10,4.75652,4.78395,4.66392,4.71193,2007025,0.0,1.0
2003-03-11,4.69822,4.74623,4.68793,4.70165,775516,0.0,1.0
2003-03-12,4.69822,4.69822,4.62277,4.69136,1939038,0.0,1.0
2003-03-13,4.69479,4.72222,4.64335,4.64335,782736,0.0,1.0
2003-03-14,4.64335,4.65706,4.61591,4.62277,1281518,0.0,1.0
2003-03-17,4.59877,4.62277,4.50274,4.55075,2270605,0.0,1.0
2003-03-18,4.58848,4.64678,4.51989,4.52332,1734201,0.0,1.0
2003-03-19,4.52675,4.57476,4.51989,4.53018,1614747,0.0,1.0
2003-03-20,4.53704,4.57476,4.44787,4.46502,2978379,0.0,1.0
2003-03-21,4.45816,4.5096,4.45473,4.48903,1605048,0.0,1.0
2003-03-24,4.58162,4.58162,4.49246,4.52332,1484856,0.0,1.0
2003-03-25,4.51989,4.53704,4.46159,4.48217,886307,0.0,1.0
2003-03-26,4.46502,4.48903,4.43073,4.43759,1449777,0.0,1.0
2003-03-27,4.43416,4.55418,4.38957,4.52675,5099854,0.0,1.0
2003-03-28,4.54732,4.6262,4.45816,4.51646,3395029,0.0,1.0
2003-03-31,4.51646,4.55761,4.47531,4.5439,2708786,0.0,1.0
2003-04-01,4.55418,4.68107,4.5439,4.62963,7440580,0.0,1.0
2003-04-02,4.63306,4.69136,4.61934,4.62963,3410539,0.0,1.0
2003-04-03,4.6262,4.65706,4.5679,4.57819,2115686,0.0,1.0
2003-04-04,4.5679,4.62277,4.53361,4.57133,2142137,0.0,1.0
2003-04-07,4.57819,4.60562,4.52675,4.52675,2189041,0.0,1.0
2003-04-08,4.52675,4.55418,4.47531,4.49246,2316421,0.0,1.0
2003-04-09,4.50274,4.56104,4.44787,4.55418,3502104,0.0,1.0
2003-04-10,4.56104,4.69136,4.56104,4.62277,8389569,0.0,1.0
2003-04-11,4.62277,4.69136,4.59534,4.6845,7048698,0.0,1.0
2003-04-14,4.73251,4.90055,4.71879,4.86968,17289988,0.0,1.0
2003-04-15,4.88683,4.90055,4.79424,4.84568,7992441,0.0,1.0
2003-04-16,4.84225,5.10288,4.79767,4.9177,18537126,0.0,1.0
2003-04-17,4.93141,4.99314,4.81824,4.92455,7152021,0.0,1.0
2003-04-18,5.09945,5.10288,4.86625,4.86968,8787174,0.0,1.0
2003-04-21,4.86968,4.90398,4.69479,4.73937,8645622,0.0,1.0
2003-04-22,4.74966,4.86968,4.74623,4.76337,4535966,0.0,1.0
2003-04-23,4.78395,4.97256,4.78395,4.83882,9101318,0.0,1.0
2003-04-24,4.84225,5.00686,4.78395,4.87654,17072542,0.0,1.0
2003-04-25,4.88683,4.97256,4.66392,4.68107,10848783,0.0,1.0
2003-04-28,4.64678,4.83539,4.46502,4.80796,8528396,0.0,1.0
2003-04-29,4.87654,4.87654,4.64678,4.66392,4873668,0.0,1.0
2003-04-30,4.73251,4.8011,4.65706,4.69136,4581576,0.0,1.0
2003-05-01,4.73251,4.8011,4.65706,4.69136,0,0.0,1.0
2003-05-02,4.73251,4.8011,4.65706,4.69136,0,0.0,1.0
2003-05-05,4.73251,4.8011,4.65706,4.69136,0,0.0,1.0
2003-05-06,4.73251,4.8011,4.65706,4.69136,0,0.0,1.0
2003-05-07,4.73251,4.8011,4.65706,4.69136,0,0.0,1.0
2003-05-08,4.73251,4.8011,4.65706,4.69136,0,0.0,1.0
2003-05-09,4.73251,4.8011,4.65706,4.69136,0,0.0,1.0
2003-05-12,4.66392,4.66392,4.4856,4.5096,7048488,0.0,1.0
2003-05-13,4.5096,4.61248,4.44101,4.4513,7588937,0.0,1.0
2003-05-14,4.45473,4.51646,4.42387,4.51303,5448310,0.0,1.0
2003-05-15,4.5439,4.66392,4.48217,4.66049,5976646,0.0,1.0
2003-05-16,4.66392,4.69822,4.59534,4.61591,4699402,0.0,1.0
2003-05-19,4.61591,4.81824,4.58848,4.74966,8876167,0.0,1.0
2003-05-20,4.74966,4.74966,4.63992,4.64335,3339526,0.0,1.0
2003-05-21,4.64335,4.68793,4.57819,4.60562,3064162,0.0,1.0
2003-05-22,4.59534,4.62277,4.53361,4.60905,1804666,0.0,1.0
2003-05-23,4.60905,4.71536,4.57819,4.65363,4458133,0.0,1.0
2003-05-26,4.71193,4.8011,4.66735,4.74966,6554215,0.0,1.0
2003-05-27,4.77023,4.81481,4.72908,4.77366,5646458,0.0,1.0
2003-05-28,4.8011,4.83539,4.68107,4.69136,4376202,0.0,1.0
2003-05-29,4.69136,4.96571,4.68107,4.92798,23502984,0.0,1.0
2003-05-30,4.97256,5.25377,4.94513,5.05487,51641120,0.0,1.0
2003-06-02,5.07545,5.13717,5.02401,5.0823,14892071,0.0,1.0
2003-06-03,5.0823,5.10631,4.97256,4.98628,9139202,0.0,1.0
2003-06-04,4.92455,5.00686,4.85597,4.96571,9959759,0.0,1.0
2003-06-05,4.95885,4.96571,4.79767,4.81139,5994290,0.0,1.0
2003-06-06,4.8011,4.89369,4.78395,4.80796,5187089,0.0,1.0
2003-06-09,4.8011,4.85254,4.76337,4.84911,3977940,0.0,1.0
2003-06-10,4.84911,4.92112,4.81139,4.84225,3602380,0.0,1.0
2003-06-11,4.84225,4.93484,4.84225,4.91084,4038147,0.0,1.0
2003-06-12,4.90398,4.91427,4.82853,4.85254,2543411,0.0,1.0
2003-06-13,4.85254,4.8834,4.81824,4.84911,2378692,0.0,1.0
2003-06-16,4.86283,4.93827,4.86283,4.87997,2991230,0.0,1.0
2003-06-17,4.86968,4.93827,4.84225,4.85597,2144219,0.0,1.0
2003-06-18,4.85597,4.85597,4.85597,4.85597,0,0.0,1.0
2003-06-19,4.86968,4.87654,4.69822,4.71536,5093993,0.0,1.0
2003-06-20,4.71536,4.74966,4.68107,4.68107,2364742,0.0,1.0
2003-06-23,4.6845,4.69479,4.59534,4.60562,2308416,0.0,1.0
2003-06-24,4.60219,4.65706,4.59534,4.61248,1545815,0.0,1.0
2003-06-25,4.61248,4.62963,4.5679,4.57133,1709765,0.0,1.0
2003-06-26,4.57133,4.63992,4.45816,4.59191,7684833,0.0,1.0
2003-06-27,4.58848,4.59191,4.46502,4.47874,5083513,0.0,1.0
2003-06-30,4.47874,4.52675,4.47531,4.47531,2188869,0.0,1.0
2003-07-01,4.49246,4.5439,4.45816,4.49931,2704135,0.0,1.0
2003-07-02,4.5096,4.54732,4.48903,4.54732,1873676,0.0,1.0
2003-07-03,4.54732,4.55418,4.5096,4.5439,1161790,0.0,1.0
2003-07-04,4.53361,4.62963,4.52675,4.58848,1461899,0.0,1.0
2003-07-07,4.57819,4.57819,4.49246,4.52675,1209227,0.0,1.0
2003-07-08,4.53018,4.63992,4.5096,4.57476,1789648,0.0,1.0
2003-07-09,4.58505,4.58505,4.5096,4.51303,877655,0.03520,1.0
2003-07-10,4.52675,4.6262,4.51303,4.60562,2405793,0.0,1.0
2003-07-11,4.60562,4.61934,4.55075,4.55761,1596367,0.0,1.0
2003-07-14,4.60562,4.63992,4.56104,4.57819,1860000,0.0,1.0
2003-07-15,4.59877,4.61248,4.51989,4.55075,1366339,0.0,1.0
2003-07-16,4.55075,4.60905,4.51989,4.53704,1515559,0.0,1.0
2003-07-17,4.5439,4.56104,4.51989,4.55418,2260655,0.0,1.0
2003-07-18,4.56104,4.56104,4.46845,4.47531,3778238,0.0,1.0
2003-07-21,4.45816,4.45816,4.30384,4.369,6797992,0.0,1.0
2003-07-22,4.38957,4.43759,4.35528,4.38272,1953099,0.0,1.0
2003-07-23,4.38272,4.43416,4.37243,4.41015,1327492,0.0,1.0
2003-07-24,4.41358,4.41701,4.33128,4.34842,1168739,0.0,1.0
2003-07-25,4.32099,4.38272,4.30384,4.32099,1899194,0.0,1.0
2003-07-28,4.31413,4.32099,4.22839,4.23525,2318316,0.0,1.0
2003-07-29,4.23525,4.26269,4.23525,4.24211,1267562,0.0,1.0
2003-07-30,4.24554,4.29698,4.23525,4.25583,1168800,0.0,1.0
2003-07-31,4.27298,4.31413,4.27298,4.29012,830165,0.0,1.0
2003-08-01,4.28669,4.29355,4.14609,4.19753,2841138,0.0,1.0
2003-08-04,4.17695,4.27298,4.14609,4.26269,2131567,0.0,1.0
2003-08-05,4.26269,4.27984,4.22154,4.23525,755244,0.0,1.0
2003-08-06,4.23525,4.27641,4.1941,4.26269,1023554,0.0,1.0
2003-08-07,4.27298,4.33813,4.2524,4.26612,839117,0.0,1.0
2003-08-08,4.26612,4.28326,4.19067,4.20096,919097,0.0,1.0
2003-08-11,4.1941,4.21125,4.17695,4.21125,459159,0.0,1.0
2003-08-12,4.24554,4.25926,4.21125,4.22154,647848,0.0,1.0
2003-08-13,4.22497,4.2524,4.17695,4.18381,780590,0.0,1.0
2003-08-14,4.17353,4.2524,4.12208,4.15981,1627014,0.0,1.0
2003-08-15,4.15638,4.21125,4.13923,4.15638,1282541,0.0,1.0
2003-08-18,4.26955,4.38272,4.21811,4.23182,4175543,0.0,1.0
2003-08-19,4.23182,4.26955,4.21125,4.23868,796056,0.0,1.0
2003-08-20,4.22839,4.22839,4.17695,4.21468,901193,0.0,1.0
2003-08-21,4.18381,4.22839,4.18038,4.18381,769148,0.0,1.0
2003-08-22,4.18381,4.21468,4.17695,4.20096,527426,0.0,1.0
2003-08-25,4.01235,4.18381,4.01235,4.10837,1247669,0.0,1.0
2003-08-26,4.08093,4.1358,4.08093,4.1118,697965,0.0,1.0
2003-08-27,4.11523,4.14609,4.08436,4.11523,464137,0.0,1.0
2003-08-28,4.23525,4.28669,4.11523,4.14266,1658181,0.0,1.0
2003-08-29,4.14266,4.18381,4.09808,4.18381,851358,0.0,1.0
2003-09-01,4.18381,4.26955,4.18381,4.26269,1760908,0.0,1.0
2003-09-02,4.26955,4.27641,4.21811,4.22839,1149925,0.0,1.0
2003-09-03,4.21811,4.34842,4.20439,4.28326,3494252,0.0,1.0
2003-09-04,4.30727,4.5096,4.28326,4.32442,7005200,0.0,1.0
2003-09-05,4.30384,4.30384,4.1701,4.22154,2646993,0.0,1.0
2003-09-08,4.20096,4.20096,4.14952,4.16667,1164776,0.0,1.0
2003-09-09,4.14952,4.23182,4.14952,4.14952,879763,0.0,1.0
2003-09-10,4.15638,4.18381,4.1358,4.18038,616856,0.0,1.0
2003-09-11,4.18381,4.19753,4.14952,4.17695,435785,0.0,1.0
2003-09-12,4.1701,4.1701,4.10494,4.1118,1273018,0.0,1.0
2003-09-15,4.09808,4.16324,4.08436,4.09465,729478,0.0,1.0
2003-09-16,4.09122,4.13237,4.08093,4.11523,674287,0.0,1.0
2003-09-17,4.13237,4.14609,4.04664,4.06379,663501,0.0,1.0
2003-09-18,4.01235,4.08779,4.00549,4.05007,678232,0.0,1.0
2003-09-19,4.04664,4.08093,4.02949,4.06379,892392,0.0,1.0
2003-09-22,4.06379,4.10494,4.06379,4.07064,426328,0.0,1.0
2003-09-23,4.08093,4.09122,4.05693,4.08779,496528,0.0,1.0
2003-09-24,4.13237,4.13237,4.0775,4.09465,520209,0.0,1.0
2003-09-25,4.08093,4.10494,4.04664,4.09122,520754,0.0,1.0
2003-09-26,4.08093,4.08093,4.02949,4.04321,489451,0.0,1.0
2003-09-29,4.04321,4.05007,3.9369,3.94376,1286131,0.0,1.0
2003-09-30,3.95405,3.9952,3.95405,3.97119,659413,0.0,1.0
2003-10-01,3.95405,3.9952,3.95405,3.97119,0,0.0,1.0
2003-10-02,3.95405,3.9952,3.95405,3.97119,0,0.0,1.0
2003-10-03,3.95405,3.9952,3.95405,3.97119,0,0.0,1.0
2003-10-06,3.95405,3.9952,3.95405,3.97119,0,0.0,1.0
2003-10-07,3.95405,3.9952,3.95405,3.97119,0,0.0,1.0
2003-10-08,3.96091,3.96091,3.77572,3.85802,827966,0.0,1.0
2003-10-09,3.85802,3.88203,3.83059,3.84088,481400,0.0,1.0
2003-10-10,3.84088,3.95405,3.80315,3.95405,1141439,0.0,1.0
2003-10-13,3.96091,4.00892,3.91975,3.92661,835609,0.0,1.0
2003-10-14,3.90261,3.91289,3.84431,3.85802,550698,0.0,1.0
2003-10-15,3.90946,4.10494,3.85802,3.90604,2534538,0.0,1.0
2003-10-16,3.89232,3.89232,3.83402,3.84088,898682,0.0,1.0
2003-10-17,3.84088,3.87174,3.82716,3.84774,431014,0.0,1.0
2003-10-20,3.85802,3.89232,3.84088,3.8546,406024,0.0,1.0
2003-10-21,3.85802,3.91632,3.84774,3.90604,622409,0.0,1.0
2003-10-22,3.90946,4.00549,3.89232,3.98834,1503501,0.0,1.0
2003-10-23,4.01235,4.01235,3.90946,3.90946,972544,0.0,1.0
2003-10-24,3.90946,3.97119,3.90946,3.92661,1014686,0.0,1.0
2003-10-27,3.91975,3.97805,3.89232,3.92661,879754,0.0,1.0
2003-10-28,3.90261,3.95748,3.71399,3.79287,1622597,0.0,1.0
2003-10-29,3.80658,3.8546,3.7037,3.75171,1573619,0.0,1.0
2003-10-30,3.74143,3.76543,3.71056,3.73457,943177,0.0,1.0
2003-10-31,3.73114,3.80658,3.68656,3.71056,1229966,0.0,1.0
2003-11-03,3.71056,3.78944,3.67284,3.73114,1024566,0.0,1.0
2003-11-04,3.76543,3.82373,3.73114,3.77915,1888361,0.0,1.0
2003-11-05,3.78944,3.80658,3.72428,3.73457,1050979,0.0,1.0
2003-11-06,3.72771,3.75857,3.54938,3.55624,2755119,0.0,1.0
2003-11-07,3.53567,3.54938,3.31276,3.4225,3061523,0.0,1.0
2003-11-10,3.3882,3.45679,3.36077,3.4225,874596,0.0,1.0
2003-11-11,3.42936,3.46365,3.41221,3.42936,598188,0.0,1.0
2003-11-12,3.4225,3.42936,3.36077,3.3642,783413,0.0,1.0
2003-11-13,3.3642,3.41564,3.34362,3.39506,659544,0.0,1.0
2003-11-14,3.41221,3.45679,3.39506,3.44307,756921,0.0,1.0
2003-11-17,3.44307,3.44993,3.39849,3.40192,565004,0.0,1.0
2003-11-18,3.40535,3.42936,3.39506,3.40878,471850,0.0,1.0
2003-11-19,3.34362,3.52195,3.34362,3.4808,1512471,0.0,1.0
2003-11-20,3.52195,3.64198,3.49794,3.6214,3136791,0.0,1.0
2003-11-21,3.61797,3.69684,3.51852,3.52195,3126535,0.0,1.0
2003-11-24,3.5048,3.7037,3.5048,3.66941,3560459,0.0,1.0
2003-11-25,3.68999,3.83059,3.68656,3.73457,7913642,0.0,1.0
2003-11-26,3.738,3.76543,3.66598,3.70027,3010788,0.0,1.0
2003-11-27,3.67284,3.74829,3.60082,3.61111,2164806,0.0,1.0
2003-11-28,3.60082,3.77915,3.60082,3.738,3546728,0.0,1.0
2003-12-01,3.77229,3.92661,3.76543,3.86145,6623540,0.0,1.0
2003-12-02,3.86488,3.90946,3.81344,3.8203,3717180,0.0,1.0
2003-12-03,3.80658,3.89575,3.80658,3.83059,3280722,0.0,1.0
2003-12-04,3.81687,3.86831,3.77915,3.81001,2720990,0.0,1.0
2003-12-05,3.82373,3.99177,3.82373,3.88203,4279968,0.0,1.0
2003-12-08,3.93004,3.95062,3.83745,3.83745,2142371,0.0,1.0
2003-12-09,3.82373,3.84088,3.77572,3.82716,1464631,0.0,1.0
2003-12-10,3.90946,3.90946,3.84088,3.87517,1246710,0.0,1.0
2003-12-11,3.90261,3.90604,3.81687,3.84088,1491846,0.0,1.0
2003-12-12,3.87517,3.89232,3.81687,3.82716,1220092,0.0,1.0
2003-12-15,3.82716,3.86831,3.81344,3.82373,1003092,0.0,1.0
2003-12-16,3.81344,3.82373,3.72771,3.79287,2052523,0.0,1.0
2003-12-17,3.79973,3.89232,3.77915,3.78601,1778349,0.0,1.0
2003-12-18,3.77915,3.77915,3.7037,3.72085,1612729,0.0,1.0
2003-12-19,3.72428,3.76886,3.52538,3.56996,3263485,0.0,1.0
2003-12-22,3.56653,3.63512,3.39163,3.62483,4991122,0.0,1.0
2003-12-23,3.63512,3.6454,3.5631,3.58368,2907389,0.0,1.0
2003-12-24,3.60425,3.64198,3.55281,3.60768,2227935,0.0,1.0
2003-12-25,3.60768,3.74143,3.59396,3.66941,3516285,0.0,1.0
2003-12-26,3.66941,3.68656,3.60768,3.64198,1791249,0.0,1.0
2003-12-29,3.66941,3.66941,3.56996,3.58025,1587616,0.0,1.0
2003-12-30,3.58368,3.61454,3.53567,3.56653,1725333,0.0,1.0
2003-12-31,3.56996,3.61454,3.5048,3.52195,1603083,0.0,1.0
2004-01-01,3.56996,3.61454,3.5048,3.52195,0,0.0,1.0
2004-01-02,3.54938,3.71399,3.53224,3.62826,2955051,0.0,1.0
2004-01-05,3.63169,3.63169,3.5631,3.62826,3397551,0.0,1.0
2004-01-06,3.62826,3.7963,3.62483,3.79287,7720586,0.0,1.0
2004-01-07,3.79287,3.84774,3.74143,3.8203,6135888,0.0,1.0
2004-01-08,3.82716,3.89575,3.79287,3.87517,6063026,0.0,1.0
2004-01-09,3.89232,3.99863,3.82716,3.83059,8072961,0.0,1.0
2004-01-12,3.82716,3.87517,3.75514,3.84774,3697057,0.0,1.0
2004-01-13,3.84774,3.94376,3.81344,3.90604,5515993,0.0,1.0
2004-01-14,3.91289,3.9952,3.86831,3.95405,6430544,0.0,1.0
2004-01-15,3.95062,4.06036,3.91289,4.03978,9135426,0.0,1.0
2004-01-16,4.09808,4.2524,4.0775,4.17695,15167152,0.0,1.0
2004-01-19,4.09808,4.2524,4.0775,4.17695,0,0.0,1.0
2004-01-20,4.09808,4.2524,4.0775,4.17695,0,0.0,1.0
2004-01-21,4.09808,4.2524,4.0775,4.17695,0,0.0,1.0
2004-01-22,4.09808,4.2524,4.0775,4.17695,0,0.0,1.0
2004-01-23,4.09808,4.2524,4.0775,4.17695,0,0.0,1.0
2004-01-26,4.09808,4.2524,4.0775,4.17695,0,0.0,1.0
2004-01-27,4.09808,4.2524,4.0775,4.17695,0,0.0,1.0
2004-01-28,4.09808,4.2524,4.0775,4.17695,0,0.0,1.0
2004-01-29,4.18381,4.21811,4.08436,4.21468,5979836,0.0,1.0
2004-01-30,4.21811,4.23182,4.08093,4.08779,5875597,0.0,1.0
2004-02-02,4.09122,4.2524,4.07407,4.13923,5594101,0.0,1.0
2004-02-03,4.14609,4.18381,4.08436,4.14266,3918955,0.0,1.0
2004-02-04,4.16667,4.28669,4.16667,4.25583,9150184,0.0,1.0
2004-02-05,4.26955,4.33128,4.23868,4.25926,7685465,0.0,1.0
2004-02-06,4.25583,4.45816,4.20096,4.39643,13031103,0.0,1.0
2004-02-09,4.39643,4.56447,4.37586,4.50274,10811805,0.0,1.0
2004-02-10,4.5096,4.67078,4.41701,4.5439,14765012,0.0,1.0
2004-02-11,4.5439,4.56104,4.393,4.47531,6960556,0.0,1.0
2004-02-12,4.47531,4.51303,4.39643,4.4273,5261138,0.0,1.0
2004-02-13,4.42387,4.44101,4.35528,4.38272,4524110,0.0,1.0
2004-02-16,4.38272,4.44787,4.36557,4.44101,3229960,0.0,1.0
2004-02-17,4.45816,4.46502,4.40329,4.4513,5895406,0.0,1.0
2004-02-18,4.47531,4.52332,4.41701,4.47188,6032108,0.0,1.0
2004-02-19,4.4856,4.50274,4.393,4.41015,4229737,0.0,1.0
2004-02-20,4.42387,4.45473,4.37929,4.43759,4445568,0.0,1.0
2004-02-23,4.44101,4.48217,4.28669,4.30727,4523713,0.0,1.0
2004-02-24,4.28669,4.4856,4.21125,4.45473,10414553,0.0,1.0
2004-02-25,4.45473,4.46159,4.23525,4.24897,5344381,0.0,1.0
2004-02-26,4.22154,4.25926,4.14952,4.18381,3479033,0.0,1.0
2004-02-27,4.18724,4.22839,4.16667,4.20096,2051838,0.0,1.0
2004-03-01,4.20096,4.26955,4.14952,4.24211,2401478,0.0,1.0
2004-03-02,4.2524,4.26955,4.16667,4.18724,2738054,0.0,1.0
2004-03-03,4.18381,4.23525,4.1358,4.13923,2440167,0.0,1.0
2004-03-04,4.13237,4.14266,4.07407,4.12894,2429990,0.0,1.0
2004-03-05,4.12894,4.13923,4.08436,4.10494,1512558,0.0,1.0
2004-03-08,4.09808,4.10151,3.99863,4.00892,1859510,0.0,1.0
2004-03-09,4.01235,4.05693,3.96433,3.96433,2091644,0.0,1.0
2004-03-10,3.97805,4.08093,3.96776,4.07407,1468434,0.0,1.0
2004-03-11,4.07407,4.15981,4.03978,4.12894,2740903,0.0,1.0
2004-03-12,4.12894,4.1358,4.06036,4.07407,1260849,0.0,1.0
2004-03-15,4.07407,4.19067,4.07407,4.18038,2642538,0.0,1.0
2004-03-16,4.18381,4.26269,4.17353,4.18724,3981614,0.0,1.0
2004-03-17,4.19067,4.20782,4.13237,4.18381,2385516,0.0,1.0
2004-03-18,4.17695,4.18381,4.0775,4.08436,2068902,0.0,1.0
2004-03-19,4.06379,4.12894,4.05007,4.09122,1998589,0.0,1.0
2004-03-22,4.10151,4.17353,4.10151,4.14952,1511232,0.0,1.0
2004-03-23,4.14609,4.14609,4.09808,4.11866,1379729,0.0,1.0
2004-03-24,4.11523,4.17695,4.10837,4.14609,2206295,0.0,1.0
2004-03-25,4.15295,4.21811,4.14952,4.21468,4051738,0.0,1.0
2004-03-26,4.21811,4.24897,4.15981,4.19067,1927774,0.0,1.0
2004-03-29,4.19067,4.1941,4.12208,4.12894,1940429,0.0,1.0
2004-03-30,4.11866,4.27298,4.10151,4.26955,5263613,0.0,1.0
2004-03-31,4.28326,4.41701,4.22839,4.30384,5992278,0.0,1.0
2004-04-01,4.3107,4.32099,4.24897,4.27298,3216940,0.0,1.0
2004-04-02,4.27298,4.34156,4.2524,4.30041,3701226,0.0,1.0
2004-04-05,4.369,4.369,4.24211,4.30041,4057363,0.0,1.0
2004-04-06,4.30041,4.37243,4.29698,4.36214,4230492,0.0,1.0
2004-04-07,4.36557,4.36557,4.28669,4.29012,2605061,0.0,1.0
2004-04-08,4.30727,4.32099,4.24554,4.24897,2990099,0.0,1.0
2004-04-09,4.28326,4.30727,4.09808,4.11523,4349526,0.0,1.0
2004-04-12,4.09808,4.11523,4.02263,4.09465,3431114,0.0,1.0
2004-04-13,4.18381,4.21125,4.10837,4.12208,2676500,0.0,1.0
2004-04-14,4.12551,4.12894,4.04664,4.0775,1872492,0.0,1.0
2004-04-15,4.0775,4.11866,4.06379,4.07407,2076772,0.0,1.0
2004-04-16,4.07407,4.19753,4.04664,4.14266,2524387,0.0,1.0
2004-04-19,4.14952,4.14952,4.03292,4.04664,1391055,0.0,1.0
2004-04-20,4.0535,4.08093,4.0192,4.04321,1719551,0.0,1.0
2004-04-21,4.03292,4.08093,3.97805,4.03292,1360212,0.0,1.0
2004-04-22,4.03292,4.05007,3.99177,4.03978,842126,0.0,1.0
2004-04-23,4.03978,4.06379,3.90946,3.93347,1738487,0.0,1.0
2004-04-26,3.94033,3.97119,3.92661,3.93347,1249389,0.0,1.0
2004-04-27,3.96091,3.96776,3.89918,3.90604,1598965,0.0,1.0
2004-04-28,3.90946,3.90946,3.7037,3.80315,1642017,0.0,1.0
2004-04-29,3.80658,3.81344,3.63512,3.63855,3363956,0.0,1.0
2004-04-30,3.62483,3.68999,3.62483,3.66941,1523176,0.0,1.0
2004-05-03,3.62483,3.68999,3.62483,3.66941,0,0.0,1.0
2004-05-04,3.62483,3.68999,3.62483,3.66941,0,0.0,1.0
2004-05-05,3.62483,3.68999,3.62483,3.66941,0,0.0,1.0
2004-05-06,3.62483,3.68999,3.62483,3.66941,0,0.0,1.0
2004-05-07,3.62483,3.68999,3.62483,3.66941,0,0.0,1.0
2004-05-10,3.66598,3.7037,3.51166,3.52538,1681424,0.0,1.0
2004-05-11,3.52538,3.60082,3.52538,3.57339,1066976,0.0,1.0
2004-05-12,3.56653,3.65569,3.56653,3.65226,1471758,0.0,1.0
2004-05-13,3.65226,3.65569,3.58368,3.60425,896201,0.0,1.0
2004-05-14,3.63512,3.63512,3.54252,3.54252,864477,0.0,1.0
2004-05-17,3.50823,3.54938,3.49794,3.5048,1227677,0.0,1.0
2004-05-18,3.50823,3.55967,3.46708,3.55624,1288820,0.0,1.0
2004-05-19,3.57339,3.58368,3.52538,3.55281,2136148,0.0,1.0
2004-05-20,3.55624,3.61797,3.52881,3.56653,1735049,0.0,1.0
2004-05-21,3.58368,3.58368,3.52538,3.53224,1319782,0.0,1.0
2004-05-24,3.53567,3.54252,3.47051,3.47394,1411639,0.0,1.0
2004-05-25,3.51509,3.51509,3.37449,3.37791,2233656,0.0,1.0
2004-05-26,3.37791,3.4225,3.35391,3.36077,1868048,0.0,1.0
2004-05-27,3.36763,3.47737,3.36763,3.4465,1562804,0.0,1.0
2004-05-28,3.4465,3.47394,3.40535,3.41221,850052,0.0,1.0
2004-05-31,3.41221,3.51166,3.41221,3.49108,1670565,0.0,1.0
2004-06-01,3.51166,3.51852,3.47394,3.50823,2111447,0.0,1.0
2004-06-02,3.50823,3.54938,3.45679,3.53567,3396700,0.0,1.0
2004-06-03,3.53224,3.53224,3.39849,3.41564,2174420,0.0,1.0
2004-06-04,3.40535,3.46365,3.39506,3.41221,2352191,0.0,1.0
2004-06-07,3.41564,3.49108,3.38477,3.45679,1444059,0.0,1.0
2004-06-08,3.42936,3.4808,3.39506,3.40192,2177086,0.0,1.0
2004-06-09,3.39506,3.42936,3.35391,3.35734,1765379,0.0,1.0
2004-06-10,3.35734,3.38134,3.34362,3.37106,1341865,0.0,1.0
2004-06-11,3.42936,3.7037,3.42936,3.59396,19708787,0.0,1.0
2004-06-14,3.56653,3.56653,3.32647,3.33676,10572725,0.0,1.0
2004-06-15,3.31276,3.3882,3.20988,3.36763,4413168,0.0,1.0
2004-06-16,3.36077,3.38477,3.31276,3.35734,1718749,0.0,1.0
2004-06-17,3.35734,3.36763,3.29218,3.29218,1847318,0.0,1.0
2004-06-18,3.28532,3.28875,3.22359,3.25446,1501186,0.0,1.0
2004-06-21,3.25446,3.28532,3.20988,3.28189,783821,0.0,1.0
2004-06-22,3.28189,3.34362,3.28189,3.30933,1381231,0.0,1.0
2004-06-23,3.33676,3.33676,3.25103,3.25789,962618,0.0,1.0
2004-06-24,3.25103,3.28189,3.19273,3.20988,1706362,0.0,1.0
2004-06-25,3.20988,3.22359,3.12414,3.13786,1874962,0.0,1.0
2004-06-28,3.13786,3.13786,3.13786,3.13786,0,0.0,1.0
2004-06-29,3.08985,3.11385,3.03155,3.09328,1549294,0.0,1.0
2004-06-30,3.09328,3.12071,3.08642,3.08642,758656,0.0,1.0
2004-07-01,3.08642,3.17215,3.08642,3.16872,1158492,0.0,1.0
2004-07-02,3.18244,3.19959,3.14472,3.16872,1204451,0.0,1.0
2004-07-05,3.17215,3.17215,3.11385,3.131,709947,0.0,1.0
2004-07-06,3.13786,3.20988,3.13786,3.17215,907267,0.0,1.0
2004-07-07,3.17215,3.17558,3.12757,3.131,495137,0.0,1.0
2004-07-08,3.131,3.15158,3.11043,3.11728,767926,0.0,1.0
2004-07-09,3.10014,3.14815,3.10014,3.12071,685770,0.0,1.0
2004-07-12,3.09671,3.09671,3.02469,3.03498,1025178,0.0,1.0
2004-07-13,3.04527,3.06927,3.03498,3.03498,583492,0.0,1.0
2004-07-14,3.05213,3.08299,2.94239,2.99726,1370794,0.0,1.0
2004-07-15,2.99726,3.02469,2.95267,2.98697,1213141,0.0,1.0
2004-07-16,3.00069,3.09671,2.9904,3.08985,2028760,0.0,1.0
2004-07-19,3.08299,3.09328,3.05213,3.06927,1144685,0.0,1.0
2004-07-20,3.06927,3.07956,3.01783,3.02469,664521,0.04295,1.0
2004-07-21,3.03498,3.0487,3.00069,3.0144,607038,0.0,1.0
2004-07-22,3.01783,3.02126,2.94239,2.94582,881997,0.0,1.0
2004-07-23,2.94925,2.95953,2.90809,2.93896,941122,0.0,1.0
2004-07-26,2.93896,2.95267,2.89438,2.90466,717598,0.0,1.0
2004-07-27,2.90466,2.96639,2.89438,2.92867,631081,0.0,1.0
2004-07-28,2.91495,2.94239,2.90809,2.92867,509253,0.0,1.0
2004-07-29,2.91495,2.98354,2.91152,2.98354,775280,0.0,1.0
2004-07-30,2.98354,3.00069,2.94239,2.94925,640978,0.0,1.0
2004-08-02,2.94925,2.94925,2.91495,2.9321,384378,0.0,1.0
2004-08-03,2.94239,2.94582,2.91838,2.9321,335107,0.0,1.0
2004-08-04,2.9321,3.04184,2.9321,3.02812,1669527,0.0,1.0
2004-08-05,3.02469,3.10357,2.99383,3.04184,2410226,0.0,1.0
2004-08-06,3.03155,3.06927,2.9904,3.01783,981485,0.0,1.0
2004-08-09,3.05213,3.05898,3.02126,3.03155,513601,0.0,1.0
2004-08-10,3.06927,3.06927,3.02469,3.05898,515910,0.0,1.0
2004-08-11,3.05213,3.05898,2.96982,2.98354,598130,0.0,1.0
2004-08-12,2.94925,2.97668,2.91495,2.93553,774186,0.0,1.0
2004-08-13,2.93553,2.97325,2.92867,2.94239,347532,0.0,1.0
2004-08-16,2.93553,2.97668,2.91152,2.91838,501118,0.0,1.0
2004-08-17,2.91495,2.91495,2.85665,2.87723,902674,0.0,1.0
2004-08-18,2.87723,2.92867,2.87723,2.88409,402627,0.0,1.0
2004-08-19,2.88066,2.88066,2.82922,2.82922,631081,0.0,1.0
2004-08-20,2.83265,2.84294,2.76063,2.78807,766879,0.0,1.0
2004-08-23,2.78464,2.78807,2.67833,2.6989,1076821,0.0,1.0
2004-08-24,2.6989,2.77778,2.69547,2.77435,1235783,0.0,1.0
2004-08-25,2.77778,3.01097,2.76063,2.84979,2942568,0.0,1.0
2004-08-26,2.84636,2.84636,2.77092,2.80864,1144880,0.0,1.0
2004-08-27,2.82236,2.82236,2.76063,2.78464,621907,0.0,1.0
2004-08-30,2.78807,2.78807,2.72977,2.77778,377709,0.0,1.0
2004-08-31,2.82922,2.89781,2.8155,2.82922,813258,0.0,1.0
2004-09-01,2.79492,2.87037,2.78807,2.7915,314053,0.0,1.0
2004-09-02,2.77778,2.84636,2.76406,2.82922,347812,0.0,1.0
2004-09-03,2.77092,2.83265,2.77092,2.80521,316269,0.0,1.0
2004-09-06,2.80521,2.82922,2.76063,2.77778,342140,0.0,1.0
2004-09-07,2.78464,2.82922,2.78121,2.82922,394972,0.0,1.0
2004-09-08,2.79492,2.82922,2.7915,2.7915,281102,0.0,1.0
2004-09-09,2.7915,2.82579,2.73663,2.74005,748989,0.0,1.0
2004-09-10,2.73663,2.78464,2.72977,2.77778,536005,0.0,1.0
2004-09-13,2.75034,2.75034,2.70919,2.71948,637583,0.0,1.0
2004-09-14,2.73663,2.80178,2.73663,2.78121,1246325,0.0,1.0
2004-09-15,2.78807,2.9561,2.76406,2.90809,3787237,0.0,1.0
2004-09-16,2.91495,3.02812,2.88409,3.00069,4105154,0.0,1.0
2004-09-17,2.9904,3.07956,2.95267,3.06927,4318025,0.0,1.0
2004-09-20,3.08985,3.1893,3.05213,3.18587,6581249,0.0,1.0
2004-09-21,3.1893,3.25789,3.12071,3.14815,6175266,0.0,1.0
2004-09-22,3.13786,3.16872,3.01783,3.03841,4057830,0.0,1.0
2004-09-23,3.03498,3.11385,3.00754,3.11043,2497496,0.0,1.0
2004-09-24,3.13786,3.17215,3.01783,3.02469,4387770,0.0,1.0
2004-09-27,3.03498,3.10014,2.96639,2.97668,1439804,0.0,1.0
2004-09-28,2.98354,3.04527,2.96639,3.00412,1112842,0.0,1.0
2004-09-29,3.00069,3.0144,2.98011,2.98697,747441,0.0,1.0
2004-09-30,2.97668,3.00069,2.91838,2.9321,1121173,0.0,1.0
2004-10-01,2.97668,3.00069,2.91838,2.9321,0,0.0,1.0
2004-10-04,2.97668,3.00069,2.91838,2.9321,0,0.0,1.0
2004-10-05,2.97668,3.00069,2.91838,2.9321,0,0.0,1.0
2004-10-06,2.97668,3.00069,2.91838,2.9321,0,0.0,1.0
2004-10-07,2.97668,3.00069,2.91838,2.9321,0,0.0,1.0
2004-10-08,2.92181,3.00069,2.86351,2.98354,1321604,0.0,1.0
2004-10-11,2.98354,3.02812,2.91495,2.97325,2253435,0.0,1.0
2004-10-12,2.96982,2.96982,2.90809,2.96296,1403949,0.0,1.0
2004-10-13,3.00069,3.18244,3.00069,3.08642,8626552,0.0,1.0
2004-10-14,3.06927,3.0727,2.86351,2.88752,3819068,0.0,1.0
2004-10-15,2.88066,2.93553,2.86351,2.89095,1429248,0.0,1.0
2004-10-18,2.91495,2.92181,2.85322,2.8738,983917,0.0,1.0
2004-10-19,2.89781,2.95953,2.88066,2.88409,1348350,0.0,1.0
2004-10-20,2.88409,2.91152,2.79492,2.83951,1183756,0.0,1.0
2004-10-21,2.85322,2.86694,2.77092,2.77435,1569683,0.0,1.0
2004-10-22,2.77778,2.8155,2.77778,2.80864,1417059,0.0,1.0
2004-10-25,2.8155,2.86351,2.76063,2.77435,1033632,0.0,1.0
2004-10-26,2.77435,2.80178,2.74348,2.79492,1344842,0.0,1.0
2004-10-27,2.80521,2.83265,2.76406,2.82922,1393941,0.0,1.0
2004-10-28,2.82922,3.00069,2.82922,2.92181,5047981,0.0,1.0
2004-10-29,2.70919,2.82236,2.70919,2.73663,4003724,0.0,1.0
2004-11-01,2.73663,2.73663,2.46914,2.48628,5603832,0.0,1.0
2004-11-02,2.47942,2.51372,2.44856,2.47599,2062353,0.0,1.0
2004-11-03,2.48628,2.53772,2.48628,2.53772,1393930,0.0,1.0
2004-11-04,2.55487,2.55487,2.45542,2.47257,1485061,0.0,1.0
2004-11-05,2.48628,2.52058,2.46571,2.47942,779622,0.0,1.0
2004-11-08,2.48285,2.49657,2.45542,2.46914,613611,0.0,1.0
2004-11-09,2.47257,2.48971,2.46228,2.47942,579462,0.0,1.0
2004-11-10,2.49657,2.56516,2.46914,2.55144,2184043,0.0,1.0
2004-11-11,2.5583,2.6166,2.53086,2.5583,3925820,0.0,1.0
2004-11-12,2.55487,2.57202,2.52401,2.53772,1089569,0.0,1.0
2004-11-15,2.54458,2.57202,2.50343,2.56859,1595315,0.0,1.0
2004-11-16,2.56859,2.60631,2.54458,2.56516,1064142,0.0,1.0
2004-11-17,2.57202,2.5823,2.53772,2.56516,1048739,0.0,1.0
2004-11-18,2.56173,2.62689,2.55487,2.58916,2109781,0.0,1.0
2004-11-19,2.58916,2.65775,2.58916,2.6166,2066429,0.0,1.0
2004-11-22,2.67147,2.67147,2.62003,2.64746,2114768,0.0,1.0
2004-11-23,2.64403,2.66461,2.60974,2.6406,2082779,0.0,1.0
2004-11-24,2.6749,2.78807,2.6749,2.6749,8650746,0.0,1.0
2004-11-25,2.65775,2.66804,2.57888,2.5823,2607793,0.0,1.0
2004-11-26,2.5823,2.6166,2.57202,2.59945,836886,0.0,1.0
2004-11-29,2.57545,2.60288,2.55487,2.56173,1100003,0.0,1.0
2004-11-30,2.56516,2.59259,2.55487,2.56859,758577,0.0,1.0
2004-12-01,2.59602,2.60974,2.57202,2.5823,696618,0.0,1.0
2004-12-02,2.59259,2.60288,2.56516,2.58916,896615,0.0,1.0
2004-12-03,2.59945,2.62346,2.57888,2.60288,1140920,0.0,1.0
2004-12-06,2.60631,2.66461,2.58916,2.66461,1677613,0.0,1.0
2004-12-07,2.66461,2.6749,2.59602,2.59945,972486,0.0,1.0
2004-12-08,2.62346,2.62689,2.58916,2.60631,755011,0.0,1.0
2004-12-09,2.59259,2.6406,2.57888,2.60288,980447,0.0,1.0
2004-12-10,2.59945,2.62689,2.53772,2.54115,975985,0.0,1.0
2004-12-13,2.52743,2.53086,2.48628,2.5,1131493,0.0,1.0
2004-12-14,2.47257,2.51715,2.47257,2.48628,485499,0.0,1.0
2004-12-15,2.52058,2.52058,2.46228,2.49657,637674,0.0,1.0
2004-12-16,2.5,2.50343,2.46571,2.48628,645573,0.0,1.0
2004-12-17,2.46914,2.49314,2.45885,2.45885,799465,0.0,1.0
2004-12-20,2.46914,2.49657,2.45199,2.45885,747371,0.0,1.0
2004-12-21,2.46228,2.48628,2.44856,2.45542,620758,0.0,1.0
2004-12-22,2.45542,2.52058,2.45542,2.51715,1051653,0.0,1.0
2004-12-23,2.52058,2.53086,2.47257,2.47599,508206,0.0,1.0
2004-12-24,2.46914,2.49657,2.45199,2.46914,552430,0.0,1.0
2004-12-27,2.46571,2.46914,2.44513,2.44856,581165,0.0,1.0
2004-12-28,2.44856,2.44856,2.41427,2.42798,792478,0.0,1.0
2004-12-29,2.42798,2.48628,2.4177,2.42798,339845,0.0,1.0
2004-12-30,2.43484,2.44513,2.39369,2.40055,809540,0.0,1.0
2004-12-31,2.40398,2.42112,2.3594,2.36283,782071,0.0,1.0
2005-01-03,2.40398,2.42112,2.3594,2.36283,0,0.0,1.0
2005-01-04,2.36283,2.40055,2.32853,2.40055,573396,0.0,1.0
2005-01-05,2.39369,2.45542,2.38683,2.43484,642310,0.0,1.0
2005-01-06,2.42798,2.47257,2.42455,2.46228,882422,0.0,1.0
2005-01-07,2.45885,2.6406,2.4417,2.49657,4049995,0.0,1.0
2005-01-10,2.49314,2.51715,2.47257,2.51029,1020787,0.0,1.0
2005-01-11,2.51029,2.52401,2.48971,2.51715,625362,0.0,1.0
2005-01-12,2.50343,2.55487,2.49657,2.51372,881798,0.0,1.0
2005-01-13,2.50343,2.53086,2.47942,2.50343,755302,0.0,1.0
2005-01-14,2.50343,2.53772,2.47257,2.47257,768658,0.0,1.0
2005-01-17,2.40398,2.46914,2.40398,2.4417,905293,0.0,1.0
2005-01-18,2.46914,2.50343,2.45199,2.5,1149085,0.0,1.0
2005-01-19,2.5,2.5,2.46228,2.46571,377508,0.0,1.0
2005-01-20,2.46571,2.46571,2.40055,2.42455,607441,0.0,1.0
2005-01-21,2.41427,2.48285,2.37997,2.46571,1085507,0.0,1.0
2005-01-24,2.50343,2.59945,2.50343,2.56859,5287668,0.0,1.0
2005-01-25,2.55487,2.58573,2.50686,2.56173,3324144,0.0,1.0
2005-01-26,2.55487,2.57202,2.53086,2.54801,1404165,0.0,1.0
2005-01-27,2.54458,2.60631,2.52743,2.53429,2265995,0.0,1.0
2005-01-28,2.52401,2.54115,2.43141,2.44513,1863347,0.0,1.0
2005-01-31,2.41427,2.44513,2.36626,2.36626,1315991,0.0,1.0
2005-02-01,2.36626,2.43141,2.3594,2.37654,1209382,0.0,1.0
2005-02-02,2.38683,2.53429,2.38683,2.52401,1662065,0.0,1.0
2005-02-03,2.52401,2.62346,2.47257,2.52401,4107055,0.0,1.0
2005-02-04,2.52401,2.62003,2.52401,2.60631,5974170,0.0,1.0
2005-02-07,2.52401,2.62003,2.52401,2.60631,0,0.0,1.0
2005-02-08,2.52401,2.62003,2.52401,2.60631,0,0.0,1.0
2005-02-09,2.52401,2.62003,2.52401,2.60631,0,0.0,1.0
2005-02-10,2.52401,2.62003,2.52401,2.60631,0,0.0,1.0
2005-02-11,2.52401,2.62003,2.52401,2.60631,0,0.0,1.0
2005-02-14,2.52401,2.62003,2.52401,2.60631,0,0.0,1.0
2005-02-15,2.52401,2.62003,2.52401,2.60631,0,0.0,1.0
2005-02-16,2.62346,2.64746,2.57888,2.58916,3527952,0.0,1.0
2005-02-17,2.59259,2.68861,2.59259,2.67147,6294335,0.0,1.0
2005-02-18,2.66804,2.67147,2.59259,2.59259,3021186,0.0,1.0
2005-02-21,2.58916,2.65432,2.58916,2.63717,1962596,0.0,1.0
2005-02-22,2.65089,2.72634,2.62689,2.70919,5023627,0.0,1.0
2005-02-23,2.70233,2.72634,2.67147,2.68861,3636964,0.0,1.0
2005-02-24,2.68861,2.70233,2.63374,2.66118,2566818,0.0,1.0
2005-02-25,2.66804,2.74005,2.66804,2.6749,3571791,0.0,1.0
2005-02-28,2.6749,2.6749,2.60974,2.63032,2679702,0.0,1.0
2005-03-01,2.57545,2.6749,2.57545,2.63717,1117954,0.0,1.0
2005-03-02,2.64746,2.65089,2.57545,2.58573,1647342,0.0,1.0
2005-03-03,2.58573,2.6166,2.55487,2.60631,986527,0.0,1.0
2005-03-04,2.60631,2.60974,2.57202,2.59602,852997,0.0,1.0
2005-03-07,2.57202,2.59259,2.56516,2.56859,925734,0.0,1.0
2005-03-08,2.57202,2.62003,2.57202,2.6166,1374661,0.0,1.0
2005-03-09,2.60631,2.63374,2.56859,2.59259,1346755,0.0,1.0
2005-03-10,2.57202,2.59945,2.49657,2.50343,2047327,0.0,1.0
2005-03-11,2.5,2.53086,2.46571,2.48285,1674096,0.0,1.0
2005-03-14,2.48285,2.50686,2.45542,2.45542,1730596,0.0,1.0
2005-03-15,2.43827,2.48285,2.40055,2.4177,1390553,0.0,1.0
2005-03-16,2.4177,2.44513,2.40055,2.4417,787058,0.0,1.0
2005-03-17,2.42798,2.43484,2.34225,2.34568,2639126,0.0,1.0
2005-03-18,2.33539,2.36626,2.31824,2.32167,1456131,0.0,1.0
2005-03-21,2.32167,2.3251,2.22908,2.25309,1823757,0.0,1.0
2005-03-22,2.24623,2.24966,2.1262,2.12963,2460171,0.0,1.0
2005-03-23,2.10905,2.16049,2.06447,2.09191,2081257,0.0,1.0
2005-03-24,2.09534,2.13992,2.09534,2.11248,1060374,0.0,1.0
2005-03-25,2.14678,2.16049,2.12963,2.13306,1071056,0.0,1.0
2005-03-28,2.13992,2.14335,2.08505,2.10905,705832,0.0,1.0
2005-03-29,2.13306,2.15706,2.11248,2.11248,707947,0.0,1.0
2005-03-30,2.1262,2.29767,2.04733,2.15021,3333857,0.0,1.0
2005-03-31,2.15021,2.17421,2.07476,2.16392,1888177,0.0,1.0
2005-04-01,2.14335,2.2428,2.07476,2.18793,3203270,0.0,1.0
2005-04-04,2.16049,2.17421,2.10219,2.11934,1251533,0.0,1.0
2005-04-05,2.09191,2.15364,2.08505,2.08505,1098516,0.0,1.0
2005-04-06,2.08162,2.12277,2.07819,2.11248,1287586,0.0,1.0
2005-04-07,2.11934,2.18793,2.10905,2.15364,2911836,0.0,1.0
2005-04-08,2.15364,2.22908,2.14335,2.22565,3517148,0.0,1.0
2005-04-11,2.22222,2.33196,2.1845,2.23251,3925671,0.0,1.0
2005-04-12,2.22908,2.26337,2.15364,2.17421,2103311,0.0,1.0
2005-04-13,2.22908,2.39026,2.22565,2.32167,10232813,0.0,1.0
2005-04-14,2.31481,2.31481,2.26337,2.26337,3574865,0.0,1.0
2005-04-15,2.2428,2.24966,2.18793,2.19479,2235706,0.0,1.0
2005-04-18,2.19479,2.19479,2.1262,2.15364,1441087,0.0,1.0
2005-04-19,2.16049,2.19479,2.13649,2.15021,921780,0.0,1.0
2005-04-20,2.16049,2.1845,2.10905,2.11248,1291184,0.0,1.0
2005-04-21,1.98903,2.05761,1.89986,1.89986,5402818,0.0,1.0
2005-04-22,1.88615,1.94444,1.88615,1.89986,2129173,0.0,1.0
2005-04-25,1.89643,1.89643,1.7524,1.79698,1962057,0.0,1.0
2005-04-26,1.80041,1.83813,1.78326,1.82442,1505516,0.0,1.0
2005-04-27,1.84842,1.85185,1.78669,1.79012,948604,0.0,1.0
2005-04-28,1.79012,1.84499,1.75583,1.84156,1602940,0.0,1.0
2005-04-29,1.84499,1.93759,1.78326,1.869,2274352,0.0,1.0
2005-05-02,1.84499,1.93759,1.78326,1.869,0,0.0,1.0
2005-05-03,1.84499,1.93759,1.78326,1.869,0,0.0,1.0
2005-05-04,1.84499,1.93759,1.78326,1.869,0,0.0,1.0
2005-05-05,1.84499,1.93759,1.78326,1.869,0,0.0,1.0
2005-05-06,1.84499,1.93759,1.78326,1.869,0,0.0,1.0
2005-05-09,2.05761,2.05761,1.8107,1.81413,1844755,0.0,1.0
2005-05-10,1.81413,1.84842,1.77641,1.82785,953940,0.0,1.0
2005-05-11,1.82785,1.9273,1.80384,1.88615,3164977,0.0,1.0
2005-05-12,1.85528,1.88272,1.81756,1.84156,1258951,0.0,1.0
2005-05-13,1.81756,1.83471,1.69753,1.74211,2484488,0.0,1.0
2005-05-16,1.74211,1.74554,1.67353,1.68724,1728138,0.0,1.0
2005-05-17,1.68724,1.72839,1.65295,1.71468,1049859,0.0,1.0
2005-05-18,1.71468,1.74897,1.68038,1.74211,1527687,0.0,1.0
2005-05-19,1.74897,1.76612,1.72839,1.74897,1084953,0.0,1.0
2005-05-20,1.74897,1.76612,1.73525,1.73525,654059,0.0,1.0
2005-05-23,1.73182,1.73182,1.69753,1.69753,767899,0.0,1.0
2005-05-24,1.6941,1.74211,1.68038,1.72497,892996,0.0,1.0
2005-05-25,1.72497,1.75583,1.71468,1.73868,837230,0.0,1.0
2005-05-26,1.71468,1.74897,1.68038,1.72154,642963,0.0,1.0
2005-05-27,1.70782,1.74554,1.70782,1.73182,794654,0.0,1.0
2005-05-30,1.73182,1.73182,1.73182,1.73182,0,0.0,1.0
2005-05-31,1.73182,1.75926,1.72839,1.73182,698085,0.0,1.0
2005-06-01,1.72839,1.80041,1.72839,1.76269,3254460,0.0,1.0
2005-06-02,1.77641,1.79698,1.73525,1.74897,2408639,0.0,1.0
2005-06-03,1.73525,1.76269,1.72497,1.74897,902622,0.0,1.0
2005-06-06,1.74211,1.74554,1.67353,1.71811,1109611,0.0,1.0
2005-06-07,1.73182,1.78326,1.72497,1.74897,1761480,0.0,1.0
2005-06-08,1.75926,1.88615,1.7524,1.87929,5431727,0.0,1.0
2005-06-09,1.89643,1.90329,1.83813,1.87243,4432606,0.0,1.0
2005-06-10,1.87243,1.87586,1.82099,1.82785,2154927,0.0,1.0
2005-06-13,1.82785,1.85185,1.80041,1.82099,979776,0.0,1.0
2005-06-14,1.83471,1.84842,1.78326,1.78669,1419334,0.0,1.0
2005-06-15,1.77298,1.77298,1.72839,1.73182,1127005,0.0,1.0
2005-06-16,1.72497,1.75583,1.71468,1.73868,873514,0.0,1.0
2005-06-17,1.74897,1.75583,1.72497,1.74211,641304,0.0,1.0
2005-06-20,1.71468,1.77641,1.71468,1.77641,1321103,0.0,1.0
2005-06-21,1.78669,1.78669,1.74211,1.74897,776997,0.0,1.0
2005-06-22,1.75926,1.77641,1.74211,1.75583,546747,0.0,1.0
2005-06-23,1.78669,1.89986,1.78326,1.79012,4674923,0.0,1.0
2005-06-24,1.76955,1.83471,1.75926,1.82099,2606073,0.0,1.0
2005-06-27,1.82099,1.90329,1.82099,1.86557,5600744,0.0,1.0
2005-06-28,1.85185,1.85185,1.80041,1.80041,2059425,0.0,1.0
2005-06-29,1.78326,1.83471,1.78326,1.80041,1065331,0.0,1.0
2005-06-30,1.79698,1.79698,1.72497,1.73182,1685740,0.0,1.0
2005-07-01,1.72497,1.73182,1.6701,1.67695,1871422,0.0,1.0
2005-07-04,1.68381,1.68724,1.50892,1.59808,1859230,0.0,1.0
2005-07-05,1.57407,1.59808,1.5535,1.5775,954900,0.0,1.0
2005-07-06,1.57064,1.63237,1.55693,1.56036,770582,0.0,1.0
2005-07-07,1.56036,1.59808,1.5535,1.58093,537868,0.0,1.0
2005-07-08,1.5775,1.5775,1.52606,1.53292,881029,0.0,1.0
2005-07-11,1.53635,1.56036,1.50892,1.51235,641578,0.03705,1.0
2005-07-12,1.50206,1.55007,1.49177,1.55007,1259091,0.0,1.0
2005-07-13,1.5775,1.61866,1.56036,1.57064,2087532,0.0,1.0
2005-07-14,1.56722,1.57407,1.52606,1.53978,1104686,0.0,1.0
2005-07-15,1.53635,1.53635,1.49177,1.49177,1047602,0.0,1.0
2005-07-18,1.4952,1.4952,1.40946,1.41632,1229706,0.0,1.0
2005-07-19,1.41289,1.47119,1.40946,1.46091,1030100,0.0,1.0
2005-07-20,1.46091,1.47119,1.43347,1.45405,951549,0.0,1.0
2005-07-21,1.45062,1.46433,1.42661,1.45062,855759,0.0,1.0
2005-07-22,1.50206,1.5775,1.46776,1.52606,3481870,0.0,1.0
2005-07-25,1.51235,1.57064,1.49863,1.54664,2810176,0.0,1.0
2005-07-26,1.52606,1.63923,1.52606,1.62208,5304840,0.0,1.0
2005-07-27,1.62208,1.63923,1.58436,1.63237,3675703,0.0,1.0
2005-07-28,1.63237,1.64266,1.58779,1.59122,3710975,0.0,1.0
2005-07-29,1.59808,1.6118,1.5775,1.59465,1657218,0.0,1.0
2005-08-01,1.59465,1.62894,1.59122,1.59808,1297643,0.0,1.0
2005-08-02,1.6118,1.6701,1.60151,1.64266,3062185,0.0,1.0
2005-08-03,1.64609,1.73182,1.62551,1.6941,7226665,0.0,1.0
2005-08-04,1.68381,1.74897,1.67353,1.71468,5181196,0.0,1.0
2005-08-05,1.71468,1.76269,1.71125,1.76269,5664015,0.0,1.0
2005-08-08,1.76955,1.91015,1.76612,1.83813,9459988,0.0,1.0
2005-08-09,1.83813,1.84842,1.80041,1.84499,4847955,0.0,1.0
2005-08-10,1.84842,1.89986,1.8107,1.88615,6123142,0.0,1.0
2005-08-11,1.90329,1.98217,1.86214,1.95816,11205328,0.0,1.0
2005-08-12,1.96502,2.13649,1.96159,2.0439,18129901,0.0,1.0
2005-08-15,2.04047,2.05075,1.96159,2.03018,8446317,0.0,1.0
2005-08-16,2.02332,2.07476,1.98903,2.03361,7165394,0.0,1.0
2005-08-17,2.00617,2.01646,1.9273,1.99246,6269858,0.0,1.0
2005-08-18,1.99588,2.10905,1.88615,1.89643,8685499,0.0,1.0
2005-08-19,1.88272,1.93416,1.80041,1.84499,6380293,0.0,1.0
2005-08-22,1.80041,1.88272,1.79012,1.84499,3064702,0.0,1.0
2005-08-23,1.83471,1.83813,1.76955,1.78669,2730936,0.0,1.0
2005-08-24,1.80041,1.85528,1.80041,1.84499,4527545,0.0,1.0
2005-08-25,1.88272,1.94102,1.86214,1.92044,7147580,0.0,1.0
2005-08-26,1.92387,1.97531,1.88615,1.91015,4497805,0.0,1.0
2005-08-29,1.90672,1.90672,1.86214,1.87243,2171507,0.0,1.0
2005-08-30,1.88957,1.91358,1.83813,1.84156,2193882,0.0,1.0
2005-08-31,1.83471,1.91358,1.82442,1.89986,2318316,0.0,1.0
2005-09-01,1.94102,2.08848,1.93759,2.08848,13759610,0.0,1.0
2005-09-02,2.18793,2.22222,2.13649,2.16049,28764918,0.0,1.0
2005-09-05,2.17078,2.37654,2.14335,2.33539,27440996,0.0,1.0
2005-09-06,2.3251,2.56859,2.29767,2.52743,52476096,0.0,1.0
2005-09-07,2.50343,2.62346,2.46914,2.56859,38288108,0.0,1.0
2005-09-08,2.56173,2.56173,2.41427,2.45885,26519478,0.0,1.0
2005-09-09,2.46228,2.51715,2.40055,2.42798,16964466,0.0,1.0
2005-09-12,2.42798,2.45542,2.35254,2.42455,12711384,0.0,1.0
2005-09-13,2.41427,2.47942,2.38683,2.46571,16489677,0.0,1.0
2005-09-14,2.46228,2.46571,2.40055,2.44513,13633102,0.0,1.0
2005-09-15,2.4417,2.51029,2.42112,2.43141,14865772,0.0,1.0
2005-09-16,2.42455,2.43484,2.36968,2.37997,9746652,0.0,1.0
2005-09-19,2.36626,2.43141,2.36626,2.41084,7601750,0.0,1.0
2005-09-20,2.41084,2.48971,2.35254,2.45885,15922985,0.0,1.0
2005-09-21,2.4417,2.44513,2.35254,2.35597,9523718,0.0,1.0
2005-09-22,2.34225,2.34568,2.19479,2.21193,10621825,0.0,1.0
2005-09-23,2.21536,2.25309,2.17078,2.1845,6021208,0.0,1.0
2005-09-26,2.1845,2.21193,2.16049,2.20508,3107211,0.0,1.0
2005-09-27,2.20165,2.22908,2.10219,2.11248,5649572,0.0,1.0
2005-09-28,2.11591,2.16392,2.09191,2.13306,4938453,0.0,1.0
2005-09-29,2.13649,2.25309,2.13649,2.23594,9897651,0.0,1.0
2005-09-30,2.23937,2.25309,2.19136,2.19479,4433457,0.0,1.0
2005-10-03,2.23937,2.25309,2.19136,2.19479,0,0.0,1.0
2005-10-04,2.23937,2.25309,2.19136,2.19479,0,0.0,1.0
2005-10-05,2.23937,2.25309,2.19136,2.19479,0,0.0,1.0
2005-10-06,2.23937,2.25309,2.19136,2.19479,0,0.0,1.0
2005-10-07,2.23937,2.25309,2.19136,2.19479,0,0.0,1.0
2005-10-10,2.19479,2.21193,2.06104,2.10905,4051811,0.0,1.0
2005-10-11,2.08162,2.17078,2.07133,2.16735,3485719,0.0,1.0
2005-10-12,2.16049,2.17078,2.10219,2.14335,3240458,0.0,1.0
2005-10-13,2.14335,2.21879,2.13306,2.14678,4934998,0.0,1.0
2005-10-14,2.14678,2.19479,2.10219,2.13306,4679935,0.0,1.0
2005-10-17,2.13992,2.21879,2.07476,2.19136,7014109,0.0,1.0
2005-10-18,2.19136,2.33539,2.19136,2.32853,10773696,0.0,1.0
2005-10-19,2.31481,2.32167,2.22908,2.24966,8425628,0.0,1.0
2005-10-20,2.23251,2.23594,2.13992,2.19136,4349051,0.0,1.0
2005-10-21,2.19479,2.21879,2.16735,2.18793,3041968,0.0,1.0
2005-10-24,2.18793,2.20508,2.15021,2.16392,2727105,0.0,1.0
2005-10-25,2.14335,2.18107,2.1262,2.1262,2395025,0.0,1.0
2005-10-26,2.11934,2.16049,2.09191,2.09534,3170713,0.0,1.0
2005-10-27,2.07819,2.10562,1.95816,1.9856,4923695,0.0,1.0
2005-10-28,1.99246,2.02332,1.87586,1.90672,5592465,0.0,1.0
2005-10-31,1.90672,1.93416,1.88615,1.9273,2477209,0.0,1.0
2005-11-01,1.92044,1.93073,1.82785,1.86214,3218462,0.0,1.0
2005-11-02,1.87243,2.00617,1.87243,1.97531,7903194,0.0,1.0
2005-11-03,1.97531,1.97531,1.91015,1.91701,2771991,0.0,1.0
2005-11-04,1.90329,1.98217,1.90329,1.95473,4061323,0.0,1.0
2005-11-07,1.95473,1.95473,1.95473,1.95473,0,0.0,1.0
2005-11-08,1.95473,1.95473,1.95473,1.95473,0,0.0,1.0
2005-11-09,1.95473,1.95473,1.95473,1.95473,0,0.0,1.0
2005-11-10,1.95473,1.95473,1.95473,1.95473,0,0.0,1.0
2005-11-11,1.95473,1.95473,1.95473,1.95473,0,0.0,1.0
2005-11-14,1.95473,1.95473,1.95473,1.95473,0,0.0,1.0
2005-11-15,1.95473,1.95473,1.95473,1.95473,0,0.0,1.0
2005-11-16,1.95473,1.95473,1.95473,1.95473,0,0.0,1.0
2005-11-17,2.03704,2.10905,2.02675,2.04047,13651336,0.0,1.0
2005-11-18,2.04733,2.09191,1.99588,2.08162,7343010,0.0,1.0
2005-11-21,2.10219,2.22908,2.09191,2.17078,9589925,0.0,1.0
2005-11-22,2.22222,2.22565,2.14678,2.15021,8112703,0.0,1.0
2005-11-23,2.13306,2.17421,2.11934,2.13992,3405042,0.0,1.0
2005-11-24,2.13306,2.17421,2.1262,2.13649,2692191,0.0,1.0
2005-11-25,2.13649,2.15706,2.12963,2.13992,2702660,0.0,1.0
2005-11-28,2.16049,2.16049,2.09534,2.14335,2865728,0.0,1.0
2005-11-29,2.11591,2.13649,2.07476,2.08505,2999106,0.0,1.0
2005-11-30,2.08505,2.16392,2.07476,2.13992,5603666,0.0,1.0
2005-12-01,2.16049,2.16049,2.11934,2.11934,4216472,0.0,1.0
2005-12-02,2.11934,2.11934,2.11934,2.11934,0,0.0,1.0
2005-12-05,2.11934,2.11934,2.11934,2.11934,0,0.0,1.0
2005-12-06,2.11934,2.11934,2.11934,2.11934,0,0.0,1.0
2005-12-07,2.11934,2.11934,2.11934,2.11934,0,0.0,1.0
2005-12-08,2.11934,2.11934,2.11934,2.11934,0,0.0,1.0
2005-12-09,2.11934,2.11934,2.11934,2.11934,0,0.0,1.0
2005-12-12,2.11934,2.11934,2.11934,2.11934,0,0.0,1.0
2005-12-13,2.11934,2.11934,2.11934,2.11934,0,0.0,1.0
2005-12-14,2.11934,2.11934,2.11934,2.11934,0,0.0,1.0
2005-12-15,2.11934,2.11934,2.11934,2.11934,0,0.0,1.0
2005-12-16,2.11934,2.11934,2.11934,2.11934,0,0.0,1.0
2005-12-19,2.11934,2.11934,2.11934,2.11934,0,0.0,1.0
2005-12-20,2.11934,2.11934,2.11934,2.11934,0,0.0,1.0
2005-12-21,2.11934,2.11934,2.11934,2.11934,0,0.0,1.0
2005-12-22,2.11934,2.11934,2.11934,2.11934,0,0.0,1.0
2005-12-23,2.11934,2.11934,2.11934,2.11934,0,0.0,1.0
2005-12-26,2.11934,2.11934,2.11934,2.11934,0,0.0,1.0
2005-12-27,2.11934,2.11934,2.11934,2.11934,0,0.0,1.0
2005-12-28,2.11934,2.11934,2.11934,2.11934,0,0.0,1.0
2005-12-29,2.11934,2.11934,2.11934,2.11934,0,0.0,1.0
2005-12-30,2.11934,2.11934,2.11934,2.11934,0,0.0,1.0
2006-01-04,2.11934,2.11934,2.11934,2.11934,0,0.0,1.0
2006-01-05,2.11934,2.11934,2.11934,2.11934,0,0.0,1.0
2006-01-06,2.77778,2.87963,2.64352,2.86111,47306235,0.0,1.0
2006-01-09,2.82407,2.94444,2.76852,2.89815,22224230,0.0,1.0
2006-01-10,2.87963,2.93981,2.85185,2.89352,11044074,0.0,1.0
2006-01-11,2.89352,3.18519,2.82407,3.1713,28582225,0.0,1.0
2006-01-12,3.14352,3.16667,3.02778,3.11574,20883026,0.0,1.0
2006-01-13,3.12963,3.13426,2.99537,3,14004968,0.0,1.0
2006-01-16,2.9537,2.99074,2.84722,2.85648,9968919,0.0,1.0
2006-01-17,2.83333,2.93056,2.81481,2.875,6600546,0.0,1.0
2006-01-18,2.86574,3.00926,2.83796,2.95833,9363112,0.0,1.0
2006-01-19,2.96296,2.98611,2.90278,2.92593,7153255,0.0,1.0
2006-01-20,2.92593,2.98148,2.875,2.89352,5445483,0.0,1.0
2006-01-23,2.9213,3.03241,2.89352,3,10836805,0.0,1.0
2006-01-24,3.00926,3.11574,2.97222,3.04167,10642392,0.0,1.0
2006-01-25,3.0463,3.28704,3.03241,3.25,24112513,0.0,1.0
2006-02-06,3.25,3.36111,3.1713,3.31481,13530256,0.0,1.0
2006-02-07,3.31019,3.31481,3.16667,3.22685,11428493,0.0,1.0
2006-02-08,3.18981,3.22685,3.14815,3.2037,5098797,0.0,1.0
2006-02-09,3.2037,3.21759,3.06019,3.07407,7424594,0.0,1.0
2006-02-10,3.08333,3.16204,3.08333,3.10648,6057446,0.0,1.0
2006-02-13,3.10648,3.14815,3.06019,3.08333,4000886,0.0,1.0
2006-02-14,3.06481,3.18056,3.06481,3.11574,6253939,0.0,1.0
2006-02-15,3.12963,3.28241,3.125,3.21759,16762927,0.0,1.0
2006-02-16,3.24074,3.25926,3.10648,3.125,8917230,0.0,1.0
2006-02-17,3.15741,3.35648,3.15741,3.29167,26199045,0.0,1.0
2006-02-20,3.2963,3.51852,3.28704,3.38889,31737188,0.0,1.0
2006-02-21,3.38426,3.49537,3.24074,3.45833,20307848,0.0,1.0
2006-02-22,3.43519,3.52778,3.375,3.38426,19766897,0.0,1.0
2006-02-23,3.38426,3.44907,3.33333,3.44444,10258197,0.0,1.0
2006-02-24,3.4537,3.49074,3.41667,3.44907,7626472,0.0,1.0
2006-02-27,3.4537,3.46759,3.32407,3.36111,8670290,0.0,1.0
2006-02-28,3.36111,3.36111,3.26852,3.35185,6716663,0.0,1.0
2006-03-01,3.33333,3.4213,3.31019,3.37963,4807365,0.0,1.0
2006-03-02,3.37963,3.37963,3.20833,3.25,9353755,0.0,1.0
2006-03-03,3.25,3.28704,3.18519,3.25926,9237389,0.0,1.0
2006-03-06,3.25,3.25,3.1713,3.19444,4253908,0.0,1.0
2006-03-07,3.20833,3.21759,3.04167,3.0463,7486668,0.0,1.0
2006-03-08,3.03241,3.03241,2.94907,2.9537,5789267,0.0,1.0
2006-03-09,2.96296,3.03241,2.93981,2.98148,8008464,0.0,1.0
2006-03-10,2.98148,3.05093,2.98148,3.02778,3371231,0.0,1.0
2006-03-13,3.06944,3.12963,3.06019,3.11111,5923768,0.0,1.0
2006-03-14,3.125,3.14815,3.04167,3.0787,3784690,0.0,1.0
2006-03-15,3.06481,3.15278,3.06481,3.14352,5855657,0.0,1.0
2006-03-16,3.14352,3.21296,3.11574,3.21296,6465042,0.0,1.0
2006-03-17,3.25463,3.34722,3.22222,3.27315,14036903,0.0,1.0
2006-03-20,3.28704,3.60185,3.28241,3.60185,32898605,0.0,1.0
2006-03-21,3.7037,3.93519,3.64352,3.73148,65985702,0.0,1.0
2006-03-22,3.71759,3.85185,3.64352,3.81944,41115420,0.0,1.0
2006-03-23,3.78241,3.78241,3.66204,3.66667,21787199,0.0,1.0
2006-03-24,3.64815,3.80556,3.61111,3.70833,21177280,0.0,1.0
2006-03-27,3.70833,3.85185,3.63426,3.81944,22630666,0.0,1.0
2006-03-28,3.81944,3.86111,3.77778,3.80093,16976769,0.0,1.0
2006-03-29,3.80093,4.11111,3.74074,3.83796,35002123,0.0,1.0
2006-03-30,3.81944,3.86574,3.75463,3.76389,18067055,0.0,1.0
2006-03-31,3.71759,3.78241,3.625,3.71296,16112311,0.0,1.0
2006-04-03,3.7037,3.85648,3.68056,3.78241,15916730,0.0,1.0
2006-04-04,3.7963,3.93056,3.76852,3.8287,21575662,0.0,1.0
2006-04-05,3.83333,4.11111,3.7963,4.05556,40624288,0.0,1.0
2006-04-06,4.04167,4.09722,3.95833,4,22900232,0.0,1.0
2006-04-07,3.98611,4.05093,3.875,3.95833,13822800,0.0,1.0
2006-04-10,3.93981,4.05093,3.89352,4.02778,11535273,0.0,1.0
2006-04-11,4.06019,4.08796,3.84722,3.96296,17635789,0.0,1.0
2006-04-12,3.96296,3.97685,3.83333,3.83796,11514012,0.0,1.0
2006-04-13,3.85185,3.93056,3.73148,3.74074,13227186,0.0,1.0
2006-04-14,3.74074,3.8287,3.69444,3.81481,12031082,0.0,1.0
2006-04-17,3.77778,3.82407,3.75,3.76852,8349333,0.0,1.0
2006-04-18,3.76389,3.81019,3.67593,3.77778,9394007,0.0,1.0
2006-04-19,3.77778,3.93519,3.77778,3.89815,15516447,0.0,1.0
2006-04-20,3.89815,3.90278,3.72685,3.78241,12029125,0.0,1.0
2006-04-21,3.75926,3.81944,3.66204,3.76852,11625231,0.0,1.0
2006-04-24,3.75926,3.76389,3.60185,3.60648,12906212,0.0,1.0
2006-04-25,3.59722,3.81481,3.47685,3.74074,16821495,0.0,1.0
2006-04-26,3.73148,3.78704,3.66204,3.74537,11346627,0.0,1.0
2006-04-27,3.74074,3.81944,3.68056,3.7037,9398018,0.0,1.0
2006-04-28,3.61111,3.67593,3.49537,3.63426,13669511,0.0,1.0
2006-05-08,3.64815,3.87963,3.63426,3.83333,17261988,0.0,1.0
2006-05-09,3.83333,3.90741,3.76389,3.875,18463210,0.0,1.0
2006-05-10,3.87963,3.93056,3.80556,3.91204,18018976,0.0,1.0
2006-05-11,3.91204,4.05556,3.7037,3.73148,23596530,0.0,1.0
2006-05-12,3.7037,3.7037,3.56481,3.65278,22229410,0.0,1.0
2006-05-15,3.65741,3.74074,3.55556,3.73611,24157117,0.0,1.0
2006-05-16,3.74074,3.74537,3.5463,3.56944,14631039,0.0,1.0
2006-05-17,3.56481,3.64352,3.54167,3.625,8775514,0.0,1.0
2006-05-18,3.58333,3.61574,3.47685,3.5787,10047737,0.0,1.0
2006-05-19,3.56481,3.62037,3.51852,3.61111,11431319,0.0,1.0
2006-05-22,3.61111,3.84259,3.55556,3.75926,24871209,0.0,1.0
2006-05-23,3.74537,3.74537,3.51389,3.51852,11873065,0.0,1.0
2006-05-24,3.51852,3.62037,3.39352,3.44907,10247889,0.0,1.0
2006-05-25,3.44907,3.6713,3.41667,3.54167,10529933,0.0,1.0
2006-05-26,3.54167,3.59722,3.49537,3.5463,6639404,0.0,1.0
2006-05-29,3.55093,3.68519,3.5463,3.65278,12792255,0.0,1.0
2006-05-30,3.55093,3.68519,3.5463,3.65278,12792,0.0,1.0
2006-05-31,3.71759,3.75,3.63889,3.6713,10909962,0.0,1.0
2006-06-01,3.6713,3.75463,3.63426,3.73611,13333523,0.0,1.0
2006-06-02,3.73148,3.73148,3.5787,3.63426,14126666,0.0,1.0
2006-06-05,3.62963,3.64352,3.49537,3.60185,10272924,0.0,1.0
2006-06-06,3.61111,3.62037,3.52778,3.55556,6516921,0.0,1.0
2006-06-07,3.54167,3.61574,3.24074,3.36574,9784114,0.0,1.0
2006-06-08,3.33333,3.33333,3.15741,3.24074,6974649,0.0,1.0
2006-06-09,3.23611,3.30556,3.19907,3.2037,4841372,0.0,1.0
2006-06-12,3.21759,3.3287,3.21759,3.25463,4131527,0.0,1.0
2006-06-13,3.28704,3.31944,3.21759,3.26389,3124183,0.0,1.0
2006-06-14,3.26852,3.27778,3.20833,3.25,2466342,0.0,1.0
2006-06-15,3.25463,3.30556,3.23148,3.24074,2466029,0.0,1.0
2006-06-16,3.25463,3.32407,3.25463,3.31481,4888020,0.0,1.0
2006-06-19,3.30093,3.4213,3.26389,3.38426,7267266,0.0,1.0
2006-06-20,3.38426,3.39352,3.31481,3.375,3946080,0.0,1.0
2006-06-21,3.35648,3.36111,3.2963,3.31481,4056094,0.0,1.0
2006-06-22,3.31481,3.31481,3.31481,3.31481,0,0.0,1.0
2006-06-23,3.36111,3.39815,3.30093,3.31019,2955943,0.0,1.0
2006-06-26,3.31019,3.35648,3.2963,3.34259,4720058,0.0,1.0
2006-06-27,3.34259,3.35648,3.27315,3.30556,4936101,0.0,1.0
2006-06-28,3.30556,3.30556,3.24074,3.26389,5377303,0.0,1.0
2006-06-29,3.26389,3.38426,3.25,3.36574,9270459,0.0,1.0
2006-06-30,3.37963,3.39815,3.3287,3.33796,5646592,0.0,1.0
2006-07-03,3.35648,3.44907,3.33796,3.43981,8141217,0.0,1.0
2006-07-04,3.43981,3.49074,3.39815,3.43056,7856946,0.0,1.0
2006-07-05,3.40278,3.40278,3.33333,3.34722,3182808,0.0,1.0
2006-07-06,3.32407,3.42593,3.31019,3.41204,5810845,0.0,1.0
2006-07-07,3.43056,3.46759,3.35185,3.375,4560218,0.0,1.0
2006-07-10,3.375,3.59722,3.34722,3.54167,15976527,0.0,1.0
2006-07-11,3.52778,3.64815,3.45833,3.5787,13302129,0.0,1.0
2006-07-12,3.56019,3.75463,3.54167,3.625,20659282,0.0,1.0
2006-07-13,3.61111,3.6713,3.38426,3.41204,13518821,0.0,1.0
2006-07-14,3.375,3.625,3.28704,3.53704,12661940,0.0,1.0
2006-07-17,3.51852,3.73148,3.51852,3.68519,15568501,0.04791,1.0
2006-07-18,3.68519,3.7037,3.5787,3.65278,6352435,0.0,1.0
2006-07-19,3.64815,3.64815,3.47222,3.5463,6780385,0.0,1.0
2006-07-20,3.52315,3.57407,3.49074,3.56944,5350510,0.0,1.0
2006-07-21,3.58796,3.75,3.58796,3.73611,22112135,0.0,1.0
2006-07-24,3.69907,3.72685,3.59259,3.7037,8853706,0.0,1.0
2006-07-25,3.7037,3.77315,3.65278,3.6713,7334179,0.0,1.0
2006-07-26,3.67593,3.72685,3.63426,3.66667,5084495,0.0,1.0
2006-07-27,3.63889,3.69444,3.53241,3.5463,9427759,0.0,1.0
2006-07-28,3.53704,3.69907,3.53704,3.67593,10612458,0.0,1.0
2006-07-31,3.65741,3.72685,3.54167,3.55556,7670951,0.0,1.0
2006-08-01,3.56019,3.61111,3.44907,3.4537,5090790,0.0,1.0
2006-08-02,3.4537,3.47222,3.32407,3.37963,4736913,0.0,1.0
2006-08-03,3.38426,3.42593,3.33333,3.35648,3203809,0.0,1.0
2006-08-04,3.35648,3.41667,3.26389,3.27315,2457216,0.0,1.0
2006-08-07,3.23148,3.2963,3.21759,3.22685,2326808,0.0,1.0
2006-08-08,3.33333,3.33333,3.24074,3.3287,1616147,0.0,1.0
2006-08-09,3.34259,3.44444,3.34259,3.37037,3806279,0.0,1.0
2006-08-10,3.37037,3.43519,3.37037,3.4213,1941767,0.0,1.0
2006-08-11,3.40278,3.46296,3.40278,3.44444,3025326,0.0,1.0
2006-08-14,3.51389,3.62963,3.40741,3.60185,10896146,0.0,1.0
2006-08-15,3.58796,3.72222,3.49537,3.69444,12162954,0.0,1.0
2006-08-16,3.65741,3.77315,3.62037,3.63426,13900763,0.0,1.0
2006-08-17,3.61574,3.625,3.53241,3.56944,6360762,0.0,1.0
2006-08-18,3.5463,3.60648,3.49537,3.52778,3825879,0.0,1.0
2006-08-21,3.35648,3.49537,3.33796,3.49074,5757860,0.0,1.0
2006-08-22,3.53241,3.55556,3.47222,3.48611,3381441,0.0,1.0
2006-08-23,3.49537,3.53241,3.4213,3.46296,3245623,0.0,1.0
2006-08-24,3.43981,3.51389,3.40741,3.50926,3606237,0.0,1.0
2006-08-25,3.49537,3.52778,3.43981,3.47685,3899621,0.0,1.0
2006-08-28,3.49074,3.65741,3.47222,3.61111,11171801,0.0,1.0
2006-08-29,3.64352,3.68981,3.58333,3.59259,8628066,0.0,1.0
2006-08-30,3.58333,3.75,3.55093,3.74537,16148392,0.0,1.0
2006-08-31,3.74537,3.8287,3.71759,3.75463,17185265,0.0,1.0
2006-09-01,3.75463,3.7963,3.63426,3.68519,11566114,0.0,1.0
2006-09-04,3.69444,3.86574,3.69444,3.86574,20741753,0.0,1.0
2006-09-05,3.87963,3.9213,3.77778,3.8287,16268972,0.0,1.0
2006-09-06,3.8287,3.83796,3.68519,3.75463,10027472,0.0,1.0
2006-09-07,3.74074,3.76852,3.66667,3.68981,5223580,0.0,1.0
2006-09-08,3.67593,3.76852,3.67593,3.7037,3681837,0.0,1.0
2006-09-11,3.71296,3.75,3.61111,3.74537,5576144,0.0,1.0
2006-09-12,3.75,3.7963,3.70833,3.73148,6283524,0.0,1.0
2006-09-13,3.7037,3.73148,3.64352,3.64815,4943765,0.0,1.0
2006-09-14,3.64352,3.68056,3.56481,3.61111,4716339,0.0,1.0
2006-09-15,3.62037,3.7037,3.60185,3.68981,9734129,0.0,1.0
2006-09-18,3.72685,3.76389,3.65278,3.75926,11449670,0.0,1.0
2006-09-19,3.76852,3.76852,3.67593,3.70833,8754815,0.0,1.0
2006-09-20,3.70833,3.81481,3.64815,3.76389,19879937,0.0,1.0
2006-09-21,3.75,3.80556,3.7037,3.73611,10308063,0.0,1.0
2006-09-22,3.76389,3.90278,3.71759,3.83796,27862576,0.0,1.0
2006-09-25,3.86111,3.94907,3.74074,3.7963,24480454,0.0,1.0
2006-09-26,3.75926,3.87963,3.65741,3.75926,17019289,0.0,1.0
2006-09-27,3.74537,3.75,3.65741,3.69907,9768639,0.0,1.0
2006-09-28,3.71296,3.71296,3.62963,3.68519,11019830,0.0,1.0
2006-09-29,3.72685,3.78704,3.68056,3.69444,10426705,0.0,1.0
2006-10-09,3.71296,3.76852,3.64352,3.67593,12884301,0.0,1.0
2006-10-10,3.68981,3.69444,3.61574,3.62963,10280086,0.0,1.0
2006-10-11,3.63426,3.66667,3.625,3.65741,6014147,0.0,1.0
2006-10-12,3.65741,3.6713,3.56481,3.59722,6796401,0.0,1.0
2006-10-13,3.60185,3.64815,3.58796,3.61574,4739364,0.0,1.0
2006-10-16,3.61574,3.63889,3.56019,3.61574,4963233,0.0,1.0
2006-10-17,3.5787,3.63889,3.5787,3.61574,5131812,0.0,1.0
2006-10-18,3.62037,3.6713,3.58796,3.65741,5266240,0.0,1.0
2006-10-19,3.65741,3.66667,3.60648,3.62963,3812238,0.0,1.0
2006-10-20,3.65741,3.65741,3.51852,3.57407,7870137,0.0,1.0
2006-10-23,3.53241,3.59259,3.47222,3.5,5104501,0.0,1.0
2006-10-24,3.48148,3.57407,3.48148,3.5463,4833588,0.0,1.0
2006-10-25,3.56944,3.57407,3.47222,3.5,6160774,0.0,1.0
2006-10-26,3.5,3.57407,3.49537,3.51852,4722082,0.0,1.0
2006-10-27,3.56944,3.62037,3.53704,3.56481,7675292,0.0,1.0
2006-10-30,3.5463,3.61111,3.5,3.60185,4344544,0.0,1.0
2006-10-31,3.58796,3.65741,3.57407,3.64352,9042162,0.0,1.0
2006-11-01,3.64352,3.65741,3.5787,3.60185,4327856,0.0,1.0
2006-11-02,3.60185,3.61111,3.52778,3.59722,5030861,0.0,1.0
2006-11-03,3.59722,3.64352,3.56944,3.60185,5090559,0.0,1.0
2006-11-06,3.59722,3.63426,3.5463,3.57407,5856387,0.0,1.0
2006-11-07,3.57407,3.62037,3.50926,3.55556,6911946,0.0,1.0
2006-11-08,3.5463,3.59722,3.52778,3.59259,5313233,0.0,1.0
2006-11-09,3.59259,3.73148,3.56481,3.70833,19506667,0.0,1.0
2006-11-10,3.72222,3.72685,3.58796,3.61574,10099420,0.0,1.0
2006-11-13,3.59259,3.87963,3.59259,3.77315,31941215,0.0,1.0
2006-11-14,3.77315,3.83333,3.67593,3.81019,15975484,0.0,1.0
2006-11-15,3.81019,3.875,3.76389,3.84722,20362859,0.0,1.0
2006-11-16,3.86111,3.87037,3.68056,3.71296,15797228,0.0,1.0
2006-11-17,3.7037,4.08333,3.68519,4.08333,46177886,0.0,1.0
2006-11-20,4.2037,4.47222,4.15278,4.39815,73292013,0.0,1.0
2006-11-21,4.34259,4.55556,4.26852,4.42593,39326694,0.0,1.0
2006-11-22,4.4213,4.52315,4.30556,4.4213,27995461,0.0,1.0
2006-11-23,4.43056,4.86574,4.43056,4.86574,50567624,0.0,1.0
2006-11-24,4.99537,5.35185,4.90278,5.34722,59724303,0.0,1.0
2006-11-27,5.32407,5.88426,5.25463,5.88426,66249799,0.0,1.0
2006-11-28,5.78704,6.01852,5.55556,5.7963,47923138,0.0,1.0
2006-11-29,5.61111,5.90278,5.60185,5.68981,40453499,0.0,1.0
2006-11-30,5.66204,6.10185,5.625,5.98611,55525885,0.0,1.0
2006-12-01,5.89352,6.24074,5.77778,5.80556,56617685,0.0,1.0
2006-12-04,5.80556,6.15741,5.64815,6.01389,47331023,0.0,1.0
2006-12-05,5.94907,6.45833,5.93056,6.11574,56353759,0.0,1.0
2006-12-06,6.01389,6.01852,5.55556,5.83333,47143805,0.0,1.0
2006-12-07,5.73148,5.87037,5.55556,5.58333,36836000,0.0,1.0
2006-12-08,5.40741,5.5,5.09259,5.23148,37025361,0.0,1.0
2006-12-11,5.20833,5.64815,5.18981,5.63426,27153523,0.0,1.0
2006-12-12,5.63889,5.78704,5.4213,5.59722,24338147,0.0,1.0
2006-12-13,5.60185,5.81018,5.41667,5.75926,26927451,0.0,1.0
2006-12-14,5.78241,6.24074,5.67593,6.03241,41986211,0.0,1.0
2006-12-15,6.03704,6.23148,5.97222,6.05556,28322526,0.0,1.0
2006-12-18,6.10185,6.34259,6.01852,6.23611,36483095,0.0,1.0
2006-12-19,6.25,6.29167,5.93056,6.03241,30903733,0.0,1.0
2006-12-20,5.94444,6.03241,5.82407,5.96759,19417727,0.0,1.0
2006-12-21,5.96296,6.24074,5.87037,5.91667,30541751,0.0,1.0
2006-12-22,5.85648,5.92593,5.64815,5.71759,18670255,0.0,1.0
2006-12-25,5.69444,6.01852,5.69444,5.81018,17198597,0.0,1.0
2006-12-26,5.81018,5.92593,5.69444,5.73611,16902614,0.0,1.0
2006-12-27,5.73148,6.06481,5.64815,6.0463,25077966,0.0,1.0
2006-12-28,5.99537,6.06018,5.78704,5.84259,17466564,0.0,1.0
2006-12-29,5.96296,6.42593,5.95833,6.42593,74834037,0.0,1.0
2007-01-04,6.61111,6.7037,6.2963,6.33796,59326055,0.0,1.0
2007-01-05,6.2037,6.33333,6.0463,6.14815,26479439,0.0,1.0
2007-01-08,6.14352,6.76389,6.10185,6.76389,38663189,0.0,1.0
2007-01-09,6.75,7.125,6.66667,6.82407,35397950,0.0,1.0
2007-01-10,6.80093,7.19907,6.75,7.08796,27467207,0.0,1.0
2007-01-11,7.08796,7.31018,6.85185,6.89815,28363069,0.0,1.0
2007-01-12,6.89815,7.02778,6.53704,6.55093,23623781,0.0,1.0
2007-01-15,6.51389,7.06944,6.50463,7.06018,22325705,0.0,1.0
2007-01-16,7.125,7.30093,6.99074,7.28704,32278395,0.0,1.0
2007-01-17,7.21296,7.24537,6.56018,6.56018,73801172,0.0,1.0
2007-01-18,6.15741,6.33333,5.90278,6.26389,50444000,0.0,1.0
2007-01-19,6.35648,6.65278,6.1713,6.64815,48988061,0.0,1.0
2007-01-22,6.85185,7.22222,6.6713,7.21296,60967413,0.0,1.0
2007-01-23,7.16667,7.70833,6.98148,7.53704,48237718,0.0,1.0
2007-01-24,7.53704,8.07407,7.5,7.8287,37445288,0.0,1.0
2007-01-25,7.75463,8.43056,7.40741,8.11574,42856110,0.0,1.0
2007-01-26,7.82407,8.34722,7.68518,8.21296,31351027,0.0,1.0
2007-01-29,8.24074,8.42593,8.00926,8.32407,21427067,0.0,1.0
2007-01-30,8.24074,8.24537,7.85648,7.87037,23353275,0.0,1.0
2007-01-31,7.64352,7.77778,7.21296,7.50463,29863526,0.0,1.0
2007-02-01,7.40278,7.59259,7.15278,7.43518,12761579,0.0,1.0
2007-02-02,7.36111,7.48611,6.98611,7.03704,12960193,0.0,1.0
2007-02-05,6.96296,7.02778,6.75926,6.93981,12757155,0.0,1.0
2007-02-06,6.98611,7.39815,6.80556,7.38889,14031598,0.0,1.0
2007-02-07,7.4213,7.59722,7.38889,7.46759,11691802,0.0,1.0
2007-02-08,7.46759,7.63889,7.27315,7.56944,10300466,0.0,1.0
2007-02-09,7.56944,7.70833,7.40741,7.62963,9659829,0.0,1.0
2007-02-12,7.68056,8.13889,7.63889,8.05556,14780321,0.0,1.0
2007-02-13,8.10185,8.23611,7.96759,8.10185,9440382,0.0,1.0
2007-02-14,8.10185,8.18518,8.01852,8.125,8124061,0.0,1.0
2007-02-15,8.1713,8.4537,8.14815,8.4213,16999341,0.0,1.0
2007-02-16,8.46296,8.49537,8.05556,8.1713,16430136,0.0,1.0
2007-02-26,8.13889,8.13889,7.63889,7.93056,14502094,0.0,1.0
2007-02-27,7.86111,8.24074,7.13889,7.14815,23391565,0.0,1.0
2007-02-28,7.12963,7.52778,7.12963,7.51852,11572425,0.0,1.0
2007-03-01,7.52315,7.58333,7.06018,7.18518,12275786,0.0,1.0
2007-03-02,7.22222,7.40741,7.08796,7.33796,10294085,0.0,1.0
2007-03-05,7.2963,7.62037,7.12963,7.52315,14982651,0.0,1.0
2007-03-06,7.40741,7.49074,7.26852,7.44907,6543934,0.0,1.0
2007-03-07,7.48148,7.71296,7.40741,7.68056,11381920,0.0,1.0
2007-03-08,7.68981,8.03241,7.5463,8.01389,17772291,0.0,1.0
2007-03-09,8.03241,8.09259,7.73148,7.74537,9584657,0.0,1.0
2007-03-12,7.77315,7.77778,7.49074,7.59259,7540800,0.0,1.0
2007-03-13,7.59259,7.73611,7.55556,7.625,8940793,0.0,1.0
2007-03-14,7.53704,7.53704,7.31944,7.43981,8129957,0.0,1.0
2007-03-15,7.45833,7.80556,7.45833,7.66667,13173635,0.0,1.0
2007-03-16,7.73148,7.78241,7.33796,7.35185,13678315,0.0,1.0
2007-03-19,7.03704,7.49074,6.99074,7.40741,13993848,0.0,1.0
2007-03-20,7.5,7.78704,7.3287,7.75926,25589456,0.0,1.0
2007-03-21,7.77315,8.53704,7.72222,8.53704,46824326,0.0,1.0
2007-03-22,8.77315,9.19444,8.56481,8.60648,59691380,0.0,1.0
2007-03-23,8.64352,9.11111,8.5463,8.96759,29598228,0.0,1.0
2007-03-26,8.75,8.93518,8.52315,8.89352,25029176,0.0,1.0
2007-03-27,8.86111,9.375,8.65741,9.21296,22255131,0.0,1.0
2007-03-28,9.15741,9.20833,8.56481,8.94444,17416776,0.0,1.0
2007-03-29,8.94444,9.02315,8.60648,8.73611,10611422,0.0,1.0
2007-03-30,8.72685,9.23611,8.59259,9.20833,20765964,0.0,1.0
2007-04-02,9.18518,9.47685,9.14352,9.33796,19469331,0.0,1.0
2007-04-03,9.375,10.1018,9.375,9.94907,27546509,0.0,1.0
2007-04-04,9.89815,9.94907,9.65741,9.89815,12125720,0.0,1.0
2007-04-05,9.84722,10.2778,9.71296,10.1111,11080191,0.0,1.0
2007-04-06,9.875,10.9722,9.875,10.8704,20352085,0.0,1.0
2007-04-09,10.6944,11.3333,10.6944,10.8611,20220255,0.0,1.0
2007-04-10,10.912,11.338,10.8657,11.2222,23093863,0.0,1.0
2007-04-11,11.2963,11.3426,10.6852,10.8194,28053856,0.0,1.0
2007-04-12,10.838,11.3194,10.6944,11.25,20958939,0.0,1.0
2007-04-13,11.2407,11.4815,10.9167,11.0232,17256999,0.0,1.0
2007-04-16,10.9306,11.287,10.9306,11.25,17435780,0.0,1.0
2007-04-17,11.5787,12.375,11.5093,12.375,37528364,0.0,1.0
2007-04-18,12.6991,13.1944,12.3565,12.5926,25178376,0.0,1.0
2007-04-19,12.4074,12.4074,11.3426,11.5972,28399774,0.0,1.0
2007-04-20,11.6898,12.3889,11.6898,12.2407,17486786,0.0,1.0
2007-04-23,12.5,12.7685,12.3148,12.5046,16452831,0.0,1.0
2007-04-24,12.1759,12.3982,11.9444,12.0741,20460305,0.0,1.0
2007-04-25,11.9907,11.9907,11.1574,11.7593,31748634,0.0,1.0
2007-04-26,11.6574,12.1667,11.5648,11.8565,17572851,0.0,1.0
2007-04-27,11.8056,11.8843,11.4907,11.6157,12720694,0.0,1.0
2007-04-30,11.6343,12.4306,11.6343,12.25,24268042,0.0,1.0
2007-05-03,11.6343,12.4306,11.6343,12.25,0,0.0,1.0
2007-05-04,11.6343,12.4306,11.6343,12.25,0,0.0,1.0
2007-05-08,12.5232,13.4537,12.3148,13.3982,31740704,0.0,1.0
2007-05-09,13.4259,13.4722,12.3148,12.9259,24785982,0.0,1.0
2007-05-10,12.8704,13.1944,12.4676,12.8935,14342308,0.0,1.0
2007-05-11,12.662,12.7268,12.338,12.4768,13517929,0.0,1.0
2007-05-14,12.037,12.7778,11.5741,12.3056,16504658,0.0,1.0
2007-05-15,12.3194,12.5,11.8056,11.8194,16171048,0.0,1.0
2007-05-16,11.8518,12.1759,11.5741,12.1482,12753662,0.0,1.0
2007-05-17,12.0833,12.5694,12.0833,12.4306,17060964,0.0,1.0
2007-05-18,12.3843,12.5046,12.1296,12.1667,12248378,0.0,1.0
2007-05-21,11.8194,12.6667,11.7546,12.5,21533341,0.0,1.0
2007-05-22,12.5046,13.3518,12.5046,12.9074,27838250,0.0,1.0
2007-05-23,12.963,13.7407,12.6389,13.4954,31609137,0.0,1.0
2007-05-24,13.5648,14.3518,13.3102,13.6759,41655943,0.0,1.0
2007-05-25,13.4954,14.1204,13.4259,14.0046,25961343,0.0,1.0
2007-05-28,14.3055,14.6065,13.9491,14.2083,23814740,0.0,1.0
2007-05-29,14.1204,14.7454,14.0046,14.6898,23102713,0.0,1.0
2007-05-30,13.6435,14.5833,13.2222,13.2222,30381233,0.0,1.0
2007-05-31,13.0787,13.7824,11.9444,13.412,30110760,0.0,1.0
2007-06-01,13.4259,13.6065,12.1898,12.3611,28328386,0.0,1.0
2007-06-04,12.3611,12.6389,11.125,11.125,14969090,0.0,1.0
2007-06-05,10.7407,11.412,10.0139,11.3611,26473315,0.0,1.0
2007-06-06,11.7593,12.4954,11.6204,12.4954,20551295,0.0,1.0
2007-06-07,13.0648,13.5093,12.7778,13.0324,40352357,0.0,1.0
2007-06-08,13.0139,13.5,12.7315,13.088,22640430,0.0,1.0
2007-06-11,13.162,13.8426,13.162,13.5648,26889567,0.0,1.0
2007-06-12,13.8472,14.0278,12.963,13.6018,25475922,0.0,1.0
2007-06-13,13.7593,14.1157,13.6018,13.875,24731694,0.0,1.0
2007-06-14,13.75,13.8194,13.287,13.3796,14511049,0.0,1.0
2007-06-15,13.2639,13.5648,13.1065,13.4306,12201385,0.0,1.0
2007-06-18,13.5139,14.0417,13.4306,13.9306,21462979,0.0,1.0
2007-06-19,13.6713,14.1111,13.4306,13.9259,18028693,0.0,1.0
2007-06-20,13.8657,13.9583,13.0324,13.1852,20716379,0.0,1.0
2007-06-21,12.963,13.3333,12.9537,13.0741,12894289,0.0,1.0
2007-06-22,13.0556,13.5926,12.4444,12.7407,16226001,0.0,1.0
2007-06-25,12.6343,12.8704,11.6296,11.7685,13215166,0.0,1.0
2007-06-26,11.4861,12.4028,11.4861,12.2361,11228642,0.0,1.0
2007-06-27,12.2778,12.4954,12.1806,12.3935,9802037,0.0,1.0
2007-06-28,12.3704,12.5556,11.588,11.7639,13604996,0.0,1.0
2007-06-29,11.7639,11.7639,11.7639,11.7639,0,0.0,1.0
2007-07-02,11.2639,11.5509,10.7407,11.125,11299129,0.0,1.0
2007-07-03,11.3472,11.4861,10.9167,11.2732,9110092,0.0,1.0
2007-07-04,11.2963,11.4352,11.0463,11.1806,7786956,0.0,1.0
2007-07-05,10.9768,10.9768,10.2315,10.2963,12042033,0.0,1.0
2007-07-06,10.3056,10.7732,10.037,10.7222,13733654,0.0,1.0
2007-07-09,10.9259,11.1759,10.6944,11.0556,12064145,0.0,1.0
2007-07-10,11.0185,11.2083,10.8148,10.8194,8574712,0.0,1.0
2007-07-11,10.8611,11.1991,10.7083,11.0324,7290758,0.0,1.0
2007-07-12,11.1111,11.3611,10.963,11.0741,6519101,0.0,1.0
2007-07-13,11.1018,11.1991,10.9259,11.0741,4287084,0.0,1.0
2007-07-16,11.0741,11.1065,10.5093,10.5093,5393354,0.0,1.0
2007-07-17,10.5093,11.4352,10.3009,11.1111,20620294,0.0,1.0
2007-07-18,10.963,11.8056,10.6482,11.4815,25776560,0.0,1.0
2007-07-19,11.3889,11.662,11.25,11.3241,11400956,0.0,1.0
2007-07-20,11.4722,12.3056,11.4352,12.2546,26499075,0.0,1.0
2007-07-23,12.3148,13.0232,12.3148,12.6018,29383166,0.0,1.0
2007-07-24,12.6018,13.0093,12.4074,12.5972,21710213,0.0,1.0
2007-07-25,12.5972,12.963,12.4167,12.8935,14339988,0.0,1.0
2007-07-26,12.8982,13.963,12.7315,13.6343,20561356,0.05317,1.0
2007-07-27,13.4259,13.6806,13.1991,13.4676,13159414,0.0,1.0
2007-07-30,13.3565,13.8843,13.338,13.4583,17372339,0.0,1.0
2007-07-31,13.3565,13.4167,12.9074,13.0741,17107062,0.0,1.0
2007-08-01,13.0926,13.4306,12.6157,12.6343,16816283,0.0,1.0
2007-08-02,12.8704,13.2639,12.5694,13.213,17088344,0.0,1.0
2007-08-03,13.3426,14.2315,13.287,14.0694,39261190,0.0,1.0
2007-08-06,14.1667,14.3426,13.5232,13.7917,19665805,0.0,1.0
2007-08-07,13.8009,14.7546,13.6574,14.2546,29449141,0.0,1.0
2007-08-08,13.9259,14.1204,13.4259,13.6898,15327879,0.0,1.0
2007-08-09,13.7037,13.9352,13.3796,13.8611,21309589,0.0,1.0
2007-08-10,13.7963,13.7963,12.9676,13.2546,15037847,0.0,1.0
2007-08-13,13.1435,13.1435,12.5,12.6482,18291388,0.0,1.0
2007-08-14,12.7083,13.0185,12.6111,12.9537,11135835,0.0,1.0
2007-08-15,12.9537,13.0741,12.662,12.8333,10234273,0.0,1.0
2007-08-16,12.6852,12.6852,12.3056,12.4259,15143599,0.0,1.0
2007-08-17,12.4537,12.6389,12.4074,12.4306,10431617,0.0,1.0
2007-08-20,12.7268,13.0093,12.5787,12.963,11633681,0.0,1.0
2007-08-21,12.9861,13.0972,12.7546,12.8518,10667919,0.0,1.0
2007-08-22,12.588,13.2639,12.5463,13.25,19294350,0.0,1.0
2007-08-23,13.3333,13.6574,13.0556,13.3287,14960638,0.0,1.0
2007-08-24,13.4074,13.787,13.1389,13.3426,15894909,0.0,1.0
2007-08-27,13.6111,14.5833,13.6111,14.4861,42762027,0.0,1.0
2007-08-28,14.3518,14.6204,13.8009,14.1667,23206978,0.0,1.0
2007-08-29,14.0278,15.5833,13.9028,15.2685,44159120,0.0,1.0
2007-08-30,15.1435,16.111099,15.1343,15.3055,36525891,0.0,1.0
2007-08-31,15.3704,15.3704,14.7593,14.9444,17132337,0.0,1.0
2007-09-03,14.963,15.2685,14.6667,14.9305,16177576,0.0,1.0
2007-09-04,14.8518,15.625,14.6759,14.9305,18193951,0.0,1.0
2007-09-05,14.9907,14.9907,14.2732,14.6018,14952951,0.0,1.0
2007-09-06,14.713,14.7222,14.3982,14.5,12910597,0.0,1.0
2007-09-07,14.3518,14.537,13.9815,14.0139,11504996,0.0,1.0
2007-09-10,13.8426,14.3982,13.75,14.287,10742087,0.0,1.0
2007-09-11,14.2593,14.4444,13.1944,13.6204,14972710,0.0,1.0
2007-09-12,13.4259,13.9352,13.1991,13.8704,10406258,0.0,1.0
2007-09-13,13.8935,14.3055,13.7083,13.9676,9941711,0.0,1.0
2007-09-14,13.9676,13.9676,13.9676,13.9676,0,0.0,1.0
2007-09-17,13.8935,14.1018,13.7037,13.9583,9510200,0.0,1.0
2007-09-18,14.0741,14.1204,13.4259,13.6204,9609724,0.0,1.0
2007-09-19,13.9815,14.9537,13.8426,14.3472,19513035,0.0,1.0
2007-09-20,14.5139,14.7546,14.0741,14.463,10887249,0.0,1.0
2007-09-21,14.3518,14.75,14.0185,14.1759,8685252,0.0,1.0
2007-09-24,14.1667,14.4444,13.4491,14.3565,12069402,0.0,1.0
2007-09-25,14.3518,14.588,13.7963,14.0324,7219969,0.0,1.0
2007-09-26,13.8889,13.9815,13.1713,13.4306,9941297,0.0,1.0
2007-09-27,13.3333,13.5139,12.9074,12.9676,11159189,0.0,1.0
2007-09-28,13.0324,13.5648,13.0324,13.25,13606422,0.0,1.0
2007-10-08,13.4259,13.8889,13.1759,13.6806,15759628,0.0,1.0
2007-10-09,13.6574,13.8148,13.3704,13.4583,9586186,0.0,1.0
2007-10-10,13.4259,13.6111,13.1018,13.125,14334739,0.0,1.0
2007-10-11,13.1528,13.3565,12.9028,12.912,12300403,0.0,1.0
2007-10-12,13.0093,13.0093,11.9444,12.338,19476598,0.0,1.0
2007-10-15,12.3611,12.4907,11.8056,12.2222,10219665,0.0,1.0
2007-10-16,12.3982,12.7176,12.2222,12.5926,9601116,0.0,1.0
2007-10-17,12.6343,12.6759,12.1389,12.1759,8320020,0.0,1.0
2007-10-18,12.162,12.3148,11.9444,11.9815,7305133,0.0,1.0
2007-10-19,12.1528,12.2454,11.5185,11.713,8951479,0.0,1.0
2007-10-22,11.7824,12.1759,11.5046,11.6574,5908062,0.0,1.0
2007-10-23,11.7361,12.0324,11.5741,11.8935,4660524,0.0,1.0
2007-10-24,11.8889,12.1574,11.6435,11.662,6479601,0.0,1.0
2007-10-25,11.7546,11.7824,10.7963,10.9167,9369527,0.0,1.0
2007-10-26,10.8796,11.3333,10.787,11.125,5305701,0.0,1.0
2007-10-29,11.1759,11.5602,11.125,11.2778,3939698,0.0,1.0
2007-10-30,11.3009,11.6574,11.2963,11.4907,4190262,0.0,1.0
2007-10-31,11.5694,12.2454,11.5694,12.2037,12633955,0.0,1.0
2007-11-01,12.2176,12.5,11.8333,12.1111,13853634,0.0,1.0
2007-11-02,11.7824,12.4306,11.5278,11.8518,6635885,0.0,1.0
2007-11-05,11.9676,12.037,11.5972,11.6204,4363719,0.0,1.0
2007-11-06,11.6204,11.8148,11.3518,11.4259,3341436,0.0,1.0
2007-11-07,11.5741,11.6806,11.2593,11.5232,2629446,0.0,1.0
2007-11-08,11.5741,11.5833,10.8796,10.9028,4034640,0.0,1.0
2007-11-09,10.8843,11.0648,10.787,10.8657,3425453,0.0,1.0
2007-11-12,10.6018,11.0185,10.1898,10.6528,3868960,0.0,1.0
2007-11-13,10.8565,11.1574,10.6713,10.7546,4033740,0.0,1.0
2007-11-14,10.8565,11.0417,10.6111,10.9907,3084068,0.0,1.0
2007-11-15,11.0185,11.1065,10.7454,10.7824,3148276,0.0,1.0
2007-11-16,10.7407,10.7407,10.3194,10.5324,4126233,0.0,1.0
2007-11-19,10.5324,11.088,10.5324,10.8287,2648981,0.0,1.0
2007-11-20,10.9028,11.3657,10.7176,11.2037,6034736,0.0,1.0
2007-11-21,11.3704,11.5648,11.0926,11.1018,3793915,0.0,1.0
2007-11-22,10.9954,11.1944,10.6482,10.7083,2779635,0.0,1.0
2007-11-23,10.5926,10.9491,10.4722,10.7268,3823779,0.0,1.0
2007-11-26,11.0185,11.1759,10.6991,10.713,3461653,0.0,1.0
2007-11-27,10.6482,10.8796,10.5926,10.6898,1889920,0.0,1.0
2007-11-28,10.7037,10.8241,10.3611,10.4352,3172578,0.0,1.0
2007-11-29,10.5463,10.7315,10.3611,10.6852,3654729,0.0,1.0
2007-11-30,10.6944,10.8796,10.6482,10.8194,3202608,0.0,1.0
2007-12-03,10.8333,11.1713,10.662,11.1065,5472773,0.0,1.0
2007-12-04,11.1111,11.2037,10.9768,11.1065,5095933,0.0,1.0
2007-12-05,11.1111,11.3056,10.963,11.2639,6748169,0.0,1.0
2007-12-06,11.3611,11.4352,11.162,11.2407,4355839,0.0,1.0
2007-12-07,11.2407,11.2639,11.0185,11.1759,4417464,0.0,1.0
2007-12-10,11.0185,11.3426,10.9028,11.287,7157787,0.0,1.0
2007-12-11,11.2732,11.7407,11.1111,11.4768,12109429,0.0,1.0
2007-12-12,11.3843,11.4722,11.0278,11.1435,7908894,0.0,1.0
2007-12-13,11.1065,11.2407,10.6482,10.7083,5077231,0.0,1.0
2007-12-14,10.5648,10.8518,10.5093,10.8194,4039081,0.0,1.0
2007-12-17,10.8102,10.9074,10.2639,10.3241,7453463,0.0,1.0
2007-12-18,10.2778,10.4167,10.1667,10.3241,4267061,0.0,1.0
2007-12-19,10.4398,10.8565,10.338,10.8426,5592335,0.0,1.0
2007-12-20,10.8796,11.0093,10.6018,10.9306,8786969,0.0,1.0
2007-12-21,10.7176,10.9722,10.6343,10.963,10140794,0.0,1.0
2007-12-24,11.0139,11.1065,10.875,11.0509,8743559,0.0,1.0
2007-12-25,11.0648,11.2037,10.9954,11.0741,5200306,0.0,1.0
2007-12-26,11.0972,11.1991,10.9259,11.1065,6529970,0.0,1.0
2007-12-27,11.1157,11.5741,11.0278,11.4491,13556405,0.0,1.0
2007-12-28,11.4491,11.5,11.3009,11.3518,8129454,0.0,1.0
2008-01-02,11.3982,11.912,11.2407,11.8565,11572503,0.0,1.0
2008-01-03,11.8426,12.0139,11.5787,11.8611,10294174,0.0,1.0
2008-01-04,11.8611,12.1435,11.713,12.0926,11768506,0.0,1.0
2008-01-07,12.1065,12.3056,11.9815,12.1157,10526594,0.0,1.0
2008-01-08,12.037,12.1157,11.5972,11.6944,14339837,0.0,1.0
2008-01-09,11.6482,12.0185,11.6018,11.963,6089779,0.0,1.0
2008-01-10,11.9676,12.2917,11.963,12.2083,9640426,0.0,1.0
2008-01-11,12.2917,12.3148,11.9213,11.9907,6414926,0.0,1.0
2008-01-14,12.037,12.4768,11.9352,12.463,20888834,0.0,1.0
2008-01-15,12.5463,12.8194,12.4537,12.5278,17795852,0.0,1.0
2008-01-16,12.3843,12.3889,11.8056,11.8056,10722398,0.0,1.0
2008-01-17,11.7593,11.912,10.8796,11.2778,10001863,0.0,1.0
2008-01-18,11.2824,11.4167,11.0833,11.3657,4392084,0.0,1.0
2008-01-21,11.3889,11.412,10.463,10.6435,7579123,0.0,1.0
2008-01-22,10.3565,10.3565,9.5787,9.58333,9867023,0.0,1.0
2008-01-23,9.58333,10.0926,9.58333,9.90741,4959263,0.0,1.0
2008-01-24,9.99074,10.0556,9.72222,9.95833,5393710,0.0,1.0
2008-01-25,9.9537,10.7639,9.72222,10.6296,10170665,0.0,1.0
2008-01-28,10.4444,10.463,9.71759,9.72222,4866605,0.0,1.0
2008-01-29,9.74537,10.1759,9.74537,9.90741,3158445,0.0,1.0
2008-01-30,9.9537,10.2732,9.72685,9.95833,3010869,0.0,1.0
2008-01-31,10.0417,10.2454,9.91204,9.91667,2687813,0.0,1.0
2008-02-01,10,10.1806,9.44444,9.68056,3471457,0.0,1.0
2008-02-04,9.97222,10.4398,9.87037,10.3843,3797243,0.0,1.0
2008-02-05,10.25,10.4352,10.1389,10.2454,2894821,0.0,1.0
2008-02-13,10.2315,10.2315,9.73611,9.99537,2124794,0.0,1.0
2008-02-14,10.0463,10.2222,10,10.0648,2311442,0.0,1.0
2008-02-15,9.91667,10.0463,9.83796,10.0093,2149200,0.0,1.0
2008-02-18,10.2778,10.2778,10.0463,10.1944,2886147,0.0,1.0
2008-02-19,10.1852,10.5,10.1852,10.4444,4443554,0.0,1.0
2008-02-20,10.463,10.787,10.4398,10.5602,9059021,0.0,1.0
2008-02-21,10.5833,10.9074,10.3287,10.8796,8677956,0.0,1.0
2008-02-22,10.8843,11.9676,10.8148,11.9352,32590343,0.0,1.0
2008-02-25,11.8056,12.4444,11.5185,11.8935,37276750,0.0,1.0
2008-02-26,12.2732,12.338,11.5046,11.9167,19224215,0.0,1.0
2008-02-27,11.9444,12.2685,11.7593,12.0833,11364041,0.0,1.0
2008-02-28,12.0741,12.9676,12.0278,12.4954,34502096,0.0,1.0
2008-02-29,12.5,12.7546,12.2315,12.6435,15225489,0.0,1.0
2008-03-03,12.5,12.8935,12.4398,12.7407,18145409,0.0,1.0
2008-03-04,12.963,13.2778,12.4074,12.4722,21489869,0.0,1.0
2008-03-05,12.3518,12.6852,11.8056,12.3796,14579584,0.0,1.0
2008-03-06,12.3518,12.963,12.213,12.7315,19454138,0.0,1.0
2008-03-07,12.9398,13.2639,12.6528,12.9444,20551159,0.0,1.0
2008-03-10,13.0278,13.1482,12.338,12.4491,13419493,0.0,1.0
2008-03-11,12.2685,12.9167,11.8426,12.7361,12903717,0.0,1.0
2008-03-12,12.9861,13.0926,11.9444,11.963,11566533,0.0,1.0
2008-03-13,11.875,11.875,11.1574,11.7037,12438086,0.0,1.0
2008-03-14,11.4815,11.6482,11.287,11.4676,5121643,0.0,1.0
2008-03-17,11.9444,12.6157,11.5648,11.5926,32194693,0.0,1.0
2008-03-18,11.1991,11.5741,10.4352,10.4954,16624328,0.0,1.0
2008-03-19,10.7176,11.0556,10.1898,10.8194,14869857,0.0,1.0
2008-03-20,10.6389,11.9028,10.3241,11.7222,31233135,0.0,1.0
2008-03-21,11.6898,12.2546,11.5602,11.838,17311277,0.0,1.0
2008-03-24,11.8982,12.3611,11.3889,11.4583,12837952,0.0,1.0
2008-03-25,11.2963,12.6065,11.125,12.6065,33057914,0.0,1.0
2008-03-26,12.787,13.088,12.3611,12.6713,31118786,0.0,1.0
2008-03-27,12.3148,13.1018,11.9491,12.4954,26122091,0.0,1.0
2008-03-28,12.2685,13.4213,12.1435,13.3148,35507004,0.0,1.0
2008-03-31,12.8472,13.287,11.9907,12.0139,23071352,0.0,1.0
2008-04-01,11.9815,12.1991,10.8148,11.088,21079875,0.0,1.0
2008-04-02,11.1806,11.412,10.338,10.9352,12727388,0.0,1.0
2008-04-03,10.8796,11.25,10.463,11.2083,9212573,0.0,1.0
2008-04-07,11.0556,11.9676,10.8935,11.8565,12420465,0.0,1.0
2008-04-08,11.7685,12.2685,11.4352,12.1204,13620226,0.0,1.0
2008-04-09,11.9444,12.2222,11.1204,11.2176,10731533,0.0,1.0
2008-04-10,10.5741,10.9722,10.0972,10.3333,29635523,0.0,1.0
2008-04-11,10.4398,10.6806,10.1018,10.6157,15588468,0.0,1.0
2008-04-14,10.2685,10.3056,9.55556,9.55556,17283347,0.0,1.0
2008-04-15,9.33796,9.39815,8.60185,8.89815,25898373,0.0,1.0
2008-04-16,8.91204,8.91204,8.34259,8.38426,9788751,0.0,1.0
2008-04-17,8.35648,8.68981,8.05556,8.26389,7833882,0.0,1.0
2008-04-18,8.10185,8.23148,7.5463,7.5787,8335520,0.0,1.0
2008-04-21,8.22685,8.22685,6.89815,7.03704,12094849,0.0,1.0
2008-04-22,6.93518,7.68518,6.54167,7.54167,10440324,0.0,1.0
2008-04-23,7.40741,7.82407,7.27315,7.73611,8761423,0.0,1.0
2008-04-24,8.47222,8.50926,8.10185,8.5,33646302,0.0,1.0
2008-04-25,8.44907,8.88426,8.18518,8.31481,19989272,0.0,1.0
2008-04-28,8.0463,8.28704,7.72685,7.7963,13359652,0.0,1.0
2008-04-29,7.75463,8.0787,7.73148,7.90741,6102724,0.0,1.0
2008-04-30,8,8.27315,7.875,8.23611,11213014,0.0,1.0
2008-05-05,8.38426,8.64352,8.14815,8.61574,12015640,0.0,1.0
2008-05-06,8.60648,8.60648,8.3287,8.37037,9335624,0.0,1.0
2008-05-07,8.125,8.55556,7.80093,7.81018,8155098,0.0,1.0
2008-05-08,7.7963,8.59259,7.75463,8.59259,17860123,0.0,1.0
2008-05-09,8.86574,9.37963,8.73148,8.77778,30413244,0.0,1.0
2008-05-12,8.61111,8.62963,7.93981,8.4213,15462620,0.0,1.0
2008-05-13,8.125,8.83333,7.98611,8.58796,15335627,0.0,1.0
2008-05-14,8.37963,8.7963,8.37963,8.70833,11218619,0.0,1.0
2008-05-15,8.80093,8.96759,8.61574,8.62037,9649682,0.0,1.0
2008-05-16,8.62037,8.62037,8.62037,8.62037,0,0.0,1.0
2008-05-19,8.60185,8.60185,8.26389,8.43056,6072888,0.0,1.0
2008-05-20,8.4213,8.58796,7.73148,7.8287,6948658,0.0,1.0
2008-05-21,7.81944,7.94907,7.59259,7.84259,6646640,0.0,1.0
2008-05-22,7.84722,8.09722,7.78704,7.83796,4426676,0.0,1.0
2008-05-23,7.83333,7.94444,7.62963,7.73148,3343153,0.0,1.0
2008-05-26,7.73611,7.9213,7.5463,7.66667,4116666,0.0,1.0
2008-05-27,7.7963,7.84722,7.64815,7.7963,2880326,0.0,1.0
2008-05-28,7.84722,8.05093,7.76852,8.00463,4653785,0.0,1.0
2008-05-29,8.00926,8.07407,7.625,7.64815,4388654,0.0,1.0
2008-05-30,7.69907,7.87037,7.54167,7.66667,3121449,0.0,1.0
2008-06-02,7.68518,7.73148,7.54167,7.68056,3059506,0.0,1.0
2008-06-03,7.60185,7.70833,7.53704,7.61574,2305701,0.0,1.0
2008-06-04,7.74537,8.10185,7.74537,7.89815,8617165,0.0,1.0
2008-06-05,7.85185,7.89352,7.68518,7.80093,3612790,0.0,1.0
2008-06-06,7.78241,7.87037,7.55093,7.65278,2892527,0.0,1.0
2008-06-10,7.31481,7.35185,6.88889,6.88889,4441479,0.0,1.0
2008-06-11,6.80556,6.80556,6.36574,6.40741,4836815,0.0,1.0
2008-06-12,6.48148,6.59259,6.24074,6.49074,4334235,0.0,1.0
2008-06-13,6.46296,6.60185,6.06481,6.10185,2717073,0.0,1.0
2008-06-16,6.1713,6.50463,6.01852,6.28241,7114360,0.0,1.0
2008-06-17,6.3287,6.78704,6.27778,6.42593,13146434,0.0,1.0
2008-06-18,6.33796,6.68981,5.88426,6.51852,13584212,0.0,1.0
2008-06-19,6.40741,6.40741,5.86574,5.86574,8380273,0.0,1.0
2008-06-20,5.97222,6.18056,5.49537,5.87963,8191137,0.0,1.0
2008-06-23,5.65278,5.78704,5.41667,5.50926,4634071,0.0,1.0
2008-06-24,5.53704,5.79167,5.5,5.69444,4266387,0.0,1.0
2008-06-25,5.74074,6.02315,5.73148,6.00463,6318264,0.0,1.0
2008-06-26,5.97685,6.56481,5.97222,6.23611,10938564,0.0,1.0
2008-06-27,5.92593,6.01389,5.63889,5.72685,7445823,0.0,1.0
2008-06-30,6.30093,6.30093,6.30093,6.30093,4881907,0.0,1.0
2008-07-01,6.38889,6.48148,6.00926,6.05556,16249717,0.0,1.0
2008-07-02,5.92593,6.5463,5.7963,6.34722,16135905,0.0,1.0
2008-07-03,6.08333,6.59722,5.99537,6.37963,13423370,0.06316,1.0
2008-07-04,6.34259,6.80093,6.25463,6.63426,17627333,0.0,1.0
2008-07-07,6.85185,7.2963,6.85185,7.2963,18565097,0.0,1.0
2008-07-08,7.36574,7.62037,7.17593,7.4213,25969798,0.0,1.0
2008-07-09,7.4213,7.76389,7.26852,7.50926,17726458,0.0,1.0
2008-07-10,7.40741,7.90741,7.3287,7.34722,17256588,0.0,1.0
2008-07-11,7.5,8.07407,7.31481,8,26419691,0.0,1.0
2008-07-14,7.8287,8.26389,7.73148,8.05093,22499444,0.0,1.0
2008-07-15,7.91667,8.14815,7.5463,7.55556,14644941,0.0,1.0
2008-07-16,7.40741,7.5463,6.85185,6.91667,11992340,0.0,1.0
2008-07-17,6.85185,7.40278,6.85185,7.02315,8118347,0.0,1.0
2008-07-18,7.06018,7.43056,6.85185,7.37037,9270424,0.0,1.0
2008-07-21,7.39352,8.10648,7.17593,8.10648,17286697,0.0,1.0
2008-07-22,8.24074,8.7037,7.99537,8.03704,42982937,0.0,1.0
2008-07-23,7.92593,8.42593,7.77778,8.30093,32418849,0.0,1.0
2008-07-24,8.24074,8.92593,8.15278,8.51389,34786838,0.0,1.0
2008-07-25,8.27778,8.56481,8.18518,8.19907,16618140,0.0,1.0
2008-07-28,8.28241,8.4213,8.10185,8.38426,12744767,0.0,1.0
2008-07-29,8.21296,8.375,8.10185,8.125,11161654,0.0,1.0
2008-07-30,8.24074,8.31018,7.69444,7.875,10938068,0.0,1.0
2008-07-31,7.87037,8.14815,7.64815,7.96296,12331482,0.0,1.0
2008-08-01,7.8287,8.16204,7.72222,8.03704,10927201,0.0,1.0
2008-08-04,7.875,8.13889,7.77778,7.79167,7298845,0.0,1.0
2008-08-05,7.80093,7.90741,7.1713,7.25,8686857,0.0,1.0
2008-08-06,7.375,7.47685,7.03704,7.19907,5852712,0.0,1.0
2008-08-07,7.27778,7.53241,7.22685,7.44444,6959404,0.0,1.0
2008-08-08,7.44444,7.53241,6.71759,6.81018,8060619,0.0,1.0
2008-08-11,6.66667,6.93518,6.34259,6.39352,10540332,0.0,1.0
2008-08-12,6.37963,6.57407,6.27315,6.44444,5310194,0.0,1.0
2008-08-13,6.46759,6.62037,6.13426,6.51852,8141118,0.0,1.0
2008-08-14,6.5463,6.93981,6.48148,6.91204,9027725,0.0,1.0
2008-08-15,6.80556,6.99074,6.64352,6.75,5623336,0.0,1.0
2008-08-18,6.8287,6.99074,6.40278,6.4537,9104655,0.0,1.0
2008-08-19,6.2963,6.74074,6.25,6.70833,6079180,0.0,1.0
2008-08-20,6.68981,7.37963,6.59722,7.37963,16920663,0.0,1.0
2008-08-21,7.26852,7.86574,7.15741,7.51389,19647840,0.0,1.0
2008-08-22,7.39815,7.80093,7.32407,7.51389,14004361,0.0,1.0
2008-08-25,7.5,7.68518,7.31481,7.40741,8754478,0.0,1.0
2008-08-26,7.25926,7.5463,6.75926,6.97685,11866898,0.0,1.0
2008-08-27,6.91204,7.24537,6.80556,6.98611,7701115,0.0,1.0
2008-08-28,6.98148,7.08333,6.85185,6.86111,4575221,0.0,1.0
2008-08-29,6.93518,7.36574,6.875,7.22222,10029351,0.0,1.0
2008-09-01,7.21296,7.30556,6.95833,7.0787,5987706,0.0,1.0
2008-09-02,7.08796,7.09722,6.85185,6.86111,5572118,0.0,1.0
2008-09-03,6.85185,6.9213,6.34259,6.5787,8808908,0.0,1.0
2008-09-04,6.58796,6.7037,6.57407,6.625,2985323,0.0,1.0
2008-09-05,6.34259,6.68981,6.25,6.43518,4054206,0.0,1.0
2008-09-08,6.49537,6.57407,6.25,6.31018,7433191,0.0,1.0
2008-09-09,6.38889,6.7037,6.34259,6.625,6216606,0.0,1.0
2008-09-10,6.53704,7,6.49537,6.86111,8609592,0.0,1.0
2008-09-11,6.875,6.87963,6.65741,6.67593,5283637,0.0,1.0
2008-09-12,6.69907,6.89815,6.62037,6.75926,3722862,0.0,1.0
2008-09-16,6.81018,6.83333,6.2963,6.36111,7198097,0.0,1.0
2008-09-17,6.38889,6.48148,6.2037,6.22222,5327694,0.0,1.0
2008-09-18,6.01389,6.07407,5.60185,5.7963,9799566,0.0,1.0
2008-09-19,6.36574,6.375,6.27315,6.375,5957498,0.0,1.0
2008-09-22,7.00463,7.00463,6.43518,6.69444,16315774,0.0,1.0
2008-09-23,6.43518,6.47685,6.09259,6.34722,8505920,0.0,1.0
2008-09-24,6.25,6.59722,6.125,6.59722,6355643,0.0,1.0
2008-09-25,6.59259,6.88889,6.48611,6.61574,11910305,0.0,1.0
2008-09-26,6.66204,6.87037,6.5,6.75463,11747139,0.0,1.0
2008-10-06,6.48148,6.57407,6.33333,6.41667,6160763,0.0,1.0
2008-10-07,6.24074,6.68981,6.12963,6.47685,5990855,0.0,1.0
2008-10-08,6.25,6.55093,6.13426,6.22685,9456187,0.0,1.0
2008-10-09,6.47222,6.48148,6.125,6.13426,4592808,0.0,1.0
2008-10-10,5.96296,5.97222,5.71759,5.7963,5584095,0.0,1.0
2008-10-13,5.7037,6.08796,5.65278,6.06944,5818219,0.0,1.0
2008-10-14,6.25463,6.375,6.01852,6.0463,6822142,0.0,1.0
2008-10-15,6.01852,6.25,5.97222,6.08333,3230805,0.0,1.0
2008-10-16,5.88889,6.1713,5.83333,5.92593,4107642,0.0,1.0
2008-10-17,6.04167,6.10185,5.90278,6,2071086,0.0,1.0
2008-10-20,6.01852,6.24074,6.01852,6.23148,3683904,0.0,1.0
2008-10-21,6.28704,6.29167,6.00926,6.03704,3287276,0.0,1.0
2008-10-22,5.96296,6.08333,5.89352,5.89815,2575960,0.0,1.0
2008-10-23,5.97222,6.18518,5.89352,6.08333,4692440,0.0,1.0
2008-10-24,6.08333,6.08796,5.82407,5.85185,3856892,0.0,1.0
2008-10-27,5.60185,5.64352,5.26852,5.26852,5895677,0.0,1.0
2008-10-28,5.09722,5.37037,4.9537,5.2963,4265607,0.0,1.0
2008-10-29,5.375,5.375,4.8287,4.83796,3742693,0.0,1.0
2008-10-30,5,5.06481,4.79167,4.92593,4252636,0.0,1.0
2008-10-31,4.92593,5.23148,4.86111,5.03704,5348208,0.0,1.0
2008-11-03,4.97685,5.11574,4.95833,5.00463,1901318,0.0,1.0
2008-11-04,4.99074,5.05556,4.69907,4.79167,2927362,0.0,1.0
2008-11-05,4.88426,5.14815,4.81481,5.11111,4856294,0.0,1.0
2008-11-06,4.93056,5.06944,4.90741,4.97685,1837030,0.0,1.0
2008-11-07,4.81944,5.10648,4.79167,5.04167,4051002,0.0,1.0
2008-11-10,5.18518,5.50926,5.10185,5.41667,6389995,0.0,1.0
2008-11-11,5.41667,5.6713,5.34722,5.43981,5796725,0.0,1.0
2008-11-12,5.39352,5.69444,5.37037,5.68981,4797980,0.0,1.0
2008-11-13,5.60185,5.98148,5.55093,5.84722,6862368,0.0,1.0
2008-11-14,5.90278,6.43056,5.83796,6.40741,15841663,0.0,1.0
2008-11-17,6.37963,6.89352,6.28704,6.88426,21563419,0.0,1.0
2008-11-18,6.7963,6.7963,6.19444,6.19444,16940285,0.0,1.0
2008-11-19,6.2037,6.81481,6.18056,6.81481,21433041,0.0,1.0
2008-11-20,7.40278,7.49537,7.31018,7.49537,12042636,0.0,1.0
2008-11-21,7.80093,8.10185,7.57407,7.85648,57300541,0.0,1.0
2008-11-24,7.40741,7.82407,7.06944,7.06944,24756986,0.0,1.0
2008-11-25,7.17593,7.26389,6.46296,6.74074,24846516,0.0,1.0
2008-11-26,6.62037,6.94444,6.51389,6.78704,14461963,0.0,1.0
2008-11-27,7.44907,7.46759,6.76389,6.78704,23755599,0.0,1.0
2008-11-28,6.75,7.03241,6.31018,6.96296,17135175,0.0,1.0
2008-12-01,6.73611,7.43056,6.68981,7.18518,22306463,0.0,1.0
2008-12-02,6.89815,7.21759,6.81018,6.94907,16991595,0.0,1.0
2008-12-03,6.97222,7.15741,6.97222,7.125,12265042,0.0,1.0
2008-12-04,7.31481,7.56018,7.17593,7.25463,21865489,0.0,1.0
2008-12-05,7.25463,7.59259,7.2037,7.42593,12554784,0.0,1.0
2008-12-08,7.47685,7.65278,7.35648,7.48148,21479138,0.0,1.0
2008-12-09,7.52778,7.87037,7.34722,7.5463,26936054,0.0,1.0
2008-12-10,7.4537,7.75463,7.35648,7.75,23735349,0.0,1.0
2008-12-11,7.70833,8.04167,7.49537,7.77778,26743209,0.0,1.0
2008-12-12,7.72685,7.72685,7.0463,7.14352,22714159,0.0,1.0
2008-12-15,7.21759,7.40741,6.94444,7.16204,16463575,0.0,1.0
2008-12-16,7.10185,7.29167,6.8287,7.19907,12558748,0.0,1.0
2008-12-17,7.29167,7.34259,7.16667,7.19444,15668785,0.0,1.0
2008-12-18,7.31481,7.35185,7.1713,7.27778,10011566,0.0,1.0
2008-12-19,7.2963,7.43981,7.25,7.26389,9440136,0.0,1.0
2008-12-22,7.29167,7.34722,6.93518,7.02778,10619519,0.0,1.0
2008-12-23,7.06018,7.125,6.61111,6.62037,8195695,0.0,1.0
2008-12-24,6.53241,6.76852,6.50463,6.60648,8121168,0.0,1.0
2008-12-25,6.66667,6.73148,6.39352,6.48148,5406595,0.0,1.0
2008-12-26,6.51852,6.53241,6.43518,6.43981,3621588,0.0,1.0
2008-12-29,6.47685,6.50926,6.31018,6.47222,4717315,0.0,1.0
2008-12-30,6.47222,6.50926,6.28704,6.30556,4595569,0.0,1.0
2008-12-31,6.33796,6.375,6.13426,6.14815,3795742,0.0,1.0
2009-01-05,6.2963,6.55093,6.18056,6.52315,10275328,0.0,1.0
2009-01-06,6.52778,7.08333,6.52778,6.98611,16198927,0.0,1.0
2009-01-07,6.99074,7.16667,6.85185,7.06018,13467058,0.0,1.0
2009-01-08,7.35185,7.76852,7.27315,7.3287,49074586,0.0,1.0
2009-01-09,7.19907,8.05556,7.02778,7.91204,45990981,0.0,1.0
2009-01-12,7.71759,8.3287,7.59722,7.83333,65232234,0.0,1.0
2009-01-13,7.61574,7.84259,7.36574,7.43981,29206489,0.0,1.0
2009-01-14,7.45833,7.80093,7.35185,7.71296,23430102,0.0,1.0
2009-01-15,7.56944,8.18981,7.4537,7.69444,31078410,0.0,1.0
2009-01-16,7.64352,7.76389,7.48148,7.54167,19970771,0.0,1.0
2009-01-19,7.63889,7.77315,7.5463,7.6713,13231078,0.0,1.0
2009-01-20,7.68981,7.84722,7.60648,7.68518,8888241,0.0,1.0
2009-01-21,7.58333,7.63426,7.44444,7.4537,11110807,0.0,1.0
2009-01-22,7.52315,7.5463,7.25926,7.38426,11400673,0.0,1.0
2009-01-23,7.40278,7.51852,7.37037,7.39352,8196589,0.0,1.0
2009-02-02,7.40741,8.13426,7.40741,8.13426,37096913,0.0,1.0
2009-02-03,8.16204,8.94444,8.05556,8.50926,39481771,0.0,1.0
2009-02-04,8.51389,8.73611,8.40278,8.625,21734022,0.0,1.0
2009-02-05,8.59722,8.61111,8.28704,8.43056,17287723,0.0,1.0
2009-02-06,8.51852,8.73611,8.47222,8.63889,19456665,0.0,1.0
2009-02-09,9.50463,9.50463,9.08796,9.50463,51102412,0.0,1.0
2009-02-10,9.62963,10.4537,9.50463,10.1898,61381794,0.0,1.0
2009-02-11,9.81481,9.99074,9.48148,9.68056,38117437,0.0,1.0
2009-02-12,9.52778,10,9.52778,9.94907,25230918,0.0,1.0
2009-02-13,9.94444,10.0741,9.66667,9.99537,22555369,0.0,1.0
2009-02-16,10.0139,10.0648,9.62963,9.84722,24586283,0.0,1.0
2009-02-17,9.81481,10.412,9.25463,9.83796,35210246,0.0,1.0
2009-02-18,9.49074,9.81481,9.25926,9.31944,16760752,0.0,1.0
2009-02-19,9.39815,9.58333,9.31944,9.48611,11226199,0.0,1.0
2009-02-20,9.48148,9.71296,9.3287,9.64815,13342383,0.0,1.0
2009-02-23,9.65741,10.1852,9.5,10.0324,21807357,0.0,1.0
2009-02-24,9.93056,10.5232,9.81481,9.97685,31842138,0.0,1.0
2009-02-25,10.0417,10.125,9.28241,9.63889,20795725,0.0,1.0
2009-02-26,9.57407,9.72222,8.68056,8.77315,13524540,0.0,1.0
2009-02-27,8.5463,8.78704,8.19444,8.65278,12502141,0.0,1.0
2009-03-02,8.61574,8.93518,8.52778,8.81481,9959562,0.0,1.0
2009-03-03,8.56944,8.89815,8.51852,8.76389,6476538,0.0,1.0
2009-03-04,8.75,9.33796,8.75,9.30093,14240405,0.0,1.0
2009-03-05,9.33796,9.69444,9.21296,9.35185,14986107,0.0,1.0
2009-03-06,9.21296,9.36574,9.13426,9.17593,7879786,0.0,1.0
2009-03-09,9.21296,9.49074,8.81944,8.97222,6957913,0.0,1.0
2009-03-10,8.81944,9.16667,8.7963,9.13426,5718395,0.0,1.0
2009-03-11,9.30556,9.35185,8.91204,8.9537,7600833,0.0,1.0
2009-03-12,8.97222,8.97222,8.5787,8.8287,8346389,0.0,1.0
2009-03-13,8.86574,8.93981,8.58796,8.63426,8017791,0.0,1.0
2009-03-16,8.65741,9.22685,8.5,9.06944,10442207,0.0,1.0
2009-03-17,9.00463,9.625,8.94444,9.43518,19468651,0.0,1.0
2009-03-18,9.52778,9.60648,9.35185,9.35648,12626846,0.0,1.0
2009-03-19,9.38889,10.2917,9.38889,10.2917,19647110,0.0,1.0
2009-03-20,10.7407,10.8102,10.0833,10.3935,37987518,0.0,1.0
2009-03-23,10.3472,10.787,10.1389,10.6667,27767322,0.0,1.0
2009-03-24,10.8102,11.5694,10.8102,11.3241,46440920,0.0,1.0
2009-03-25,11.2546,11.9074,11.0185,11.1343,42522334,0.0,1.0
2009-03-26,11.6528,11.75,11.2037,11.3935,47930510,0.0,1.0
2009-03-27,11.412,11.713,11.1944,11.3796,34709359,0.0,1.0
2009-03-30,11.3796,11.5185,11.1944,11.3333,19470589,0.0,1.0
2009-03-31,11.0185,12.375,10.8704,11.9213,46112989,0.0,1.0
2009-04-01,11.9861,12.1528,11.7824,11.8565,22037628,0.0,1.0
2009-04-02,11.8982,12.1296,11.7639,11.9861,28646394,0.0,1.0
2009-04-03,11.9954,12.0741,11.6343,11.6898,17624225,0.0,1.0
2009-04-07,11.7083,11.7824,11.3241,11.4907,19600018,0.0,1.0
2009-04-08,11.4352,11.5278,10.9583,11.0093,18137428,0.0,1.0
2009-04-09,11.0556,11.1991,10.8704,11.1898,15437490,0.0,1.0
2009-04-10,11.3056,11.5741,11.1157,11.537,15078896,0.0,1.0
2009-04-13,11.5787,11.875,11.4815,11.6898,24413747,0.0,1.0
2009-04-14,11.5602,11.8333,11.4167,11.6435,18258312,0.0,1.0
2009-04-15,11.5185,11.6343,11.3287,11.5232,15859505,0.0,1.0
2009-04-16,11.5278,11.7778,11.3982,11.6435,18234198,0.0,1.0
2009-04-17,11.6713,12.0278,11.537,11.6018,18639557,0.0,1.0
2009-04-20,11.4583,11.8056,11.4352,11.713,14666621,0.0,1.0
2009-04-21,11.4768,11.7732,11.2454,11.3565,17705020,0.0,1.0
2009-04-22,11.412,12.037,11.2546,11.3518,28265869,0.0,1.0
2009-04-23,11.3194,11.3241,10.8287,11.1898,15971900,0.0,1.0
2009-04-24,11.213,11.2732,10.9213,10.9861,9805098,0.0,1.0
2009-04-27,10.9259,11.0787,10.75,10.912,10238009,0.0,1.0
2009-04-28,10.8102,11.2546,10.8102,11.25,13289593,0.0,1.0
2009-04-29,11.4815,11.8472,11.4768,11.8333,26857748,0.0,1.0
2009-04-30,11.8611,12.1991,11.6296,11.8426,30762989,0.0,1.0
2009-05-04,11.8518,12.3102,11.662,12.1111,30266055,0.0,1.0
2009-05-05,12.1111,12.2176,11.9352,12.1944,22518701,0.0,1.0
2009-05-06,12.213,12.6574,12.037,12.25,28235493,0.0,1.0
2009-05-07,12.5463,12.6667,11.9583,12.0556,32679771,0.0,1.0
2009-05-08,12.037,12.2824,11.6574,12.0926,23443246,0.0,1.0
2009-05-11,12.1574,12.1713,11.5046,11.5232,17179952,0.0,1.0
2009-05-12,11.3611,11.8704,11.3472,11.8518,12951903,0.0,1.0
2009-05-13,11.8056,11.8287,11.6435,11.713,12309342,0.0,1.0
2009-05-14,11.6667,11.9398,11.5833,11.9213,17893514,0.0,1.0
2009-05-15,11.9213,11.9213,11.9213,11.9213,0,0.0,1.0
2009-05-18,11.9352,11.9352,11.4815,11.662,13468493,0.0,1.0
2009-05-19,11.7268,11.9213,11.5741,11.6759,11155081,0.0,1.0
2009-05-20,11.7037,11.7593,11.4861,11.5,13795946,0.0,1.0
2009-05-21,11.5046,11.6204,11.3194,11.3472,11614720,0.0,1.0
2009-05-22,11.3056,11.5602,11.2546,11.4444,6292752,0.0,1.0
2009-05-25,11.0648,11.338,10.963,11.3009,13005561,0.0,1.0
2009-05-26,11.3194,11.3889,11.0787,11.1018,9072201,0.0,1.0
2009-05-27,11.1389,11.2454,11.0139,11.162,10709782,0.0,1.0
2009-06-01,11.287,11.6389,11.287,11.5741,19806423,0.0,1.0
2009-06-02,11.6667,11.6898,11.3796,11.3982,17537969,0.0,1.0
2009-06-03,11.3935,11.6667,11.3472,11.5278,18307480,0.0,1.0
2009-06-04,11.5278,11.5278,11.037,11.1759,27753524,0.0,1.0
2009-06-05,11.2037,11.2732,11.0648,11.0926,12286035,0.0,1.0
2009-06-08,11.0556,11.3982,11.0185,11.125,12739367,0.0,1.0
2009-06-09,11.1343,11.1852,10.8287,10.9213,17100191,0.0,1.0
2009-06-10,11.0417,11.0417,10.875,11.0185,14914280,0.0,1.0
2009-06-11,11.0185,11.3518,10.8982,11.25,27349349,0.0,1.0
2009-06-12,11.2037,11.3056,10.8796,11.0694,13420251,0.0,1.0
2009-06-15,10.9861,11.1574,10.9861,11.1065,6900818,0.0,1.0
2009-06-16,11.0741,11.2732,11.0046,11.2037,12302289,0.0,1.0
2009-06-17,11.213,12.1435,11.1667,11.9676,46197844,0.0,1.0
2009-06-18,11.8472,12.0833,11.6713,11.9815,39464981,0.0,1.0
2009-06-19,11.9861,12.1111,11.7824,11.9583,21467122,0.0,1.0
2009-06-22,11.9907,12.0833,11.5139,11.625,20991790,0.0,1.0
2009-06-23,11.4583,11.6204,11.3935,11.4398,13693210,0.0,1.0
2009-06-24,11.4398,11.713,11.3426,11.6018,12686240,0.0,1.0
2009-06-25,11.6574,11.838,11.588,11.6111,12433347,0.0,1.0
2009-06-26,11.6111,11.875,11.4444,11.7222,15586383,0.0,1.0
2009-06-29,11.713,12.2407,11.6296,12.0556,30588997,0.0,1.0
2009-06-30,12.0833,12.287,11.7824,11.8287,23151881,0.0,1.0
2009-07-01,11.9074,12.7222,11.8056,12.5509,47093935,0.0,1.0
2009-07-02,12.5232,12.6157,12.3194,12.5139,23546822,0.08885,1.0
2009-07-03,12.4306,12.7315,12.3889,12.6111,38598996,0.0,1.0
2009-07-06,12.5,12.8009,12.1065,12.1204,34589961,0.0,1.0
2009-07-07,12.1204,12.2176,11.7963,11.8148,23824682,0.0,1.0
2009-07-08,11.8194,12.0324,11.7407,11.9444,18603752,0.0,1.0
2009-07-09,11.9028,12.0833,11.875,11.9491,16295654,0.0,1.0
2009-07-10,11.9028,12.2454,11.8518,12.1759,24596236,0.0,1.0
2009-07-13,12.037,12.6389,12,12.4815,32756133,0.0,1.0
2009-07-14,12.5,13.1343,12.3843,13.0324,46620971,0.0,1.0
2009-07-15,13.0185,13.1713,12.8704,13.125,33266153,0.0,1.0
2009-07-16,13.0926,13.1482,12.7917,12.8611,19560049,0.0,1.0
2009-07-17,12.7546,13.3148,12.6157,13.1157,30568384,0.0,1.0
2009-07-20,13.1296,13.2361,12.8056,12.9167,22490582,0.0,1.0
2009-07-21,12.8889,12.8935,12.5046,12.5556,22465634,0.0,1.0
2009-07-22,12.5,12.6806,12.4444,12.6157,14409952,0.0,1.0
2009-07-23,12.6065,12.9583,12.5509,12.8148,21650525,0.0,1.0
2009-07-24,12.9398,13.0046,12.4074,12.6528,25543278,0.0,1.0
2009-07-27,12.7315,13.6574,12.5926,13.3287,41609095,0.0,1.0
2009-07-28,13.3241,13.5046,12.9768,13.4676,22915542,0.0,1.0
2009-07-29,13.4676,13.4676,12.1204,12.5232,29662326,0.0,1.0
2009-07-30,12.5926,13.3565,12.4074,12.8704,27415561,0.0,1.0
2009-07-31,12.9167,13.3102,12.6898,13.1667,30378198,0.0,1.0
2009-08-03,13.287,13.6806,13.1898,13.4583,39227237,0.0,1.0
2009-08-04,13.5324,14.2824,13.1944,13.7824,43956207,0.0,1.0
2009-08-05,13.5648,13.6574,13.162,13.3518,32226292,0.0,1.0
2009-08-06,13.1898,13.5741,12.8704,13.375,23874827,0.0,1.0
2009-08-07,13.3102,13.75,13.1806,13.3333,29560575,0.0,1.0
2009-08-10,13.7037,14.125,13.3333,13.5556,27477514,0.0,1.0
2009-08-11,13.6018,14.3055,13.4352,14.1898,43155411,0.0,1.0
2009-08-12,14.2546,14.5324,13.5648,13.6482,41364712,0.0,1.0
2009-08-13,13.7824,13.9167,12.8426,13.1482,29253851,0.0,1.0
2009-08-14,13.4259,13.588,12.6389,12.662,29945351,0.0,1.0
2009-08-17,12.5046,12.7685,11.8333,11.8472,21595934,0.0,1.0
2009-08-18,11.8056,12.0463,11.5648,11.8148,16103196,0.0,1.0
2009-08-19,11.8287,11.9676,10.6343,10.662,34044191,0.0,1.0
2009-08-20,10.7315,11.2037,10.4306,11.0509,26520922,0.0,1.0
2009-08-21,11.1065,11.2963,10.8102,11.25,22813241,0.0,1.0
2009-08-24,11.3889,11.3935,11.162,11.2732,17987675,0.0,1.0
2009-08-25,11.2268,11.3426,10.5556,10.8565,18439925,0.0,1.0
2009-08-26,10.7732,11.3009,10.6482,11.2268,15765860,0.0,1.0
2009-08-27,11.1806,11.6667,11.0556,11.5324,23266234,0.0,1.0
2009-08-28,11.4815,11.6204,11.088,11.2222,14909731,0.0,1.0
2009-08-31,11.1111,11.1111,10.287,10.3241,13368768,0.0,1.0
2009-09-01,10.2778,10.713,10.162,10.3565,11067182,0.0,1.0
2009-09-02,10.3009,10.5046,9.89815,10.0648,16779401,0.0,1.0
2009-09-03,10.1435,10.7639,10.0833,10.7083,18670820,0.0,1.0
2009-09-04,10.6435,11.0046,10.5648,10.9861,16437663,0.0,1.0
2009-09-07,10.9722,11.1713,10.8565,10.9444,14296179,0.0,1.0
2009-09-08,10.9259,11.25,10.7176,11.2361,15836144,0.0,1.0
2009-09-09,11.2454,11.2917,11.125,11.2407,12082816,0.0,1.0
2009-09-10,12.037,12.3565,11.5602,11.6435,28336562,0.0,1.0
2009-09-11,11.4815,11.7917,11.3889,11.6667,15456639,0.0,1.0
2009-09-14,11.6667,11.8472,11.5926,11.787,15403743,0.0,1.0
2009-09-15,11.7454,11.9815,11.5556,11.8102,19901277,0.0,1.0
2009-09-16,11.8056,11.8426,11.5093,11.713,13953043,0.0,1.0
2009-09-17,11.7824,11.9259,11.7361,11.8565,10043335,0.0,1.0
2009-09-18,11.8889,11.9583,11.2639,11.4028,12736795,0.0,1.0
2009-09-21,11.2917,11.3426,10.9167,11.2963,11666996,0.0,1.0
2009-09-22,11.2546,11.3426,10.9722,10.9768,6501894,0.0,1.0
2009-09-23,10.9722,11.1574,10.8333,11.0232,8490736,0.0,1.0
2009-09-24,10.9259,11.3287,10.5093,11.1157,11769432,0.0,1.0
2009-09-25,10.9954,11.1111,10.8796,10.9259,4704007,0.0,1.0
2009-09-28,10.9306,11.2222,10.6389,10.662,5845982,0.0,1.0
2009-09-29,10.7778,10.8148,10.2778,10.4815,6034414,0.0,1.0
2009-09-30,10.5556,10.7315,10.4861,10.5463,5072946,0.0,1.0
2009-10-09,10.7454,11.0556,10.6944,11.0463,7046192,0.0,1.0
2009-10-12,11.0787,11.7037,10.9583,11.2222,11620254,0.0,1.0
2009-10-13,11.1157,11.3194,11.0417,11.3148,5172479,0.0,1.0
2009-10-14,11.3194,12.4444,11.3194,12.2824,60002230,0.0,1.0
2009-10-15,12.2685,12.4861,12.1296,12.3194,25774350,0.0,1.0
2009-10-16,12.3426,12.838,12.3148,12.6806,34111611,0.0,1.0
2009-10-19,12.6389,13.1852,12.5556,13.0833,27997578,0.0,1.0
2009-10-20,13.0833,13.1018,12.8565,13.0556,15946697,0.0,1.0
2009-10-21,13.0556,13.2361,12.7083,12.7315,21031335,0.0,1.0
2009-10-22,12.8333,13.0972,12.6204,12.7732,12350006,0.0,1.0
2009-10-23,12.9676,13.2639,12.963,13.0787,18309029,0.0,1.0
2009-10-26,13.2083,13.3472,12.7778,13.1296,15040266,0.0,1.0
2009-10-27,13.0556,13.9815,12.9213,13.6574,38400507,0.0,1.0
2009-10-28,13.6852,13.6852,13.1435,13.2407,20207887,0.0,1.0
2009-10-29,13.0556,13.4491,12.963,13.1343,15375952,0.0,1.0
2009-10-30,13.1852,13.2824,12.8241,12.9491,16370684,0.0,1.0
2009-11-02,13.1944,14.1204,13.0046,14.1065,45669847,0.0,1.0
2009-11-03,14.6204,14.6204,13.6574,13.7685,39970551,0.0,1.0
2009-11-04,13.8889,13.8889,13.2361,13.5046,51295155,0.0,1.0
2009-11-05,13.5093,13.713,13.287,13.4213,33313064,0.0,1.0
2009-11-06,13.4444,13.662,13.1898,13.6435,33999836,0.0,1.0
2009-11-09,13.4907,13.5972,13.2778,13.3889,17696075,0.0,1.0
2009-11-10,13.4352,13.5046,13.3287,13.3565,26323182,0.0,1.0
2009-11-11,13.3148,13.3148,13.0463,13.1991,32264239,0.0,1.0
2009-11-12,13.1852,13.2963,12.963,13.088,21565767,0.0,1.0
2009-11-13,13.0278,13.4074,12.963,13.3796,26976543,0.0,1.0
2009-11-16,13.4491,13.6574,13.4491,13.5972,40078629,0.0,1.0
2009-11-17,13.6343,13.6343,13.287,13.3287,27338454,0.0,1.0
2009-11-18,13.2315,13.3796,13.0509,13.1343,21261913,0.0,1.0
2009-11-19,13.1482,13.213,13.0324,13.2037,19220668,0.0,1.0
2009-11-20,13.1482,13.2778,13.037,13.1713,15168359,0.0,1.0
2009-11-23,13.1482,13.338,13.0648,13.287,19634712,0.0,1.0
2009-11-24,13.4259,13.5185,12.7315,12.7454,30850262,0.0,1.0
2009-11-25,12.7315,12.8982,12.4537,12.8472,20055443,0.0,1.0
2009-11-26,12.8472,13.1018,12.4537,12.4676,19547809,0.0,1.0
2009-11-27,12.3241,12.588,12.1759,12.2176,15553439,0.0,1.0
2009-11-30,12.3194,12.4907,12.2268,12.4907,15602396,0.0,1.0
2009-12-01,12.4722,12.5648,12.2917,12.5556,16758501,0.0,1.0
2009-12-02,12.5602,12.8611,12.5602,12.7593,18932323,0.0,1.0
2009-12-03,14.037,14.037,13.3704,13.5972,89010759,0.0,1.0
2009-12-04,13.3518,13.3518,12.7546,13.0093,48218745,0.0,1.0
2009-12-07,12.912,13.1482,12.8102,13.088,19565702,0.0,1.0
2009-12-08,13.0787,13.1898,12.8704,12.9537,16623944,0.0,1.0
2009-12-09,12.7778,12.9074,12.6482,12.713,14438758,0.0,1.0
2009-12-10,12.713,12.8287,12.5926,12.6806,12377643,0.0,1.0
2009-12-11,12.6991,12.7685,12.5833,12.6482,8788090,0.0,1.0
2009-12-14,12.6018,12.6944,12.3611,12.588,9410626,0.0,1.0
2009-12-15,12.5046,12.5046,12.3194,12.3611,13038614,0.0,1.0
2009-12-16,12.3565,12.4398,12.2361,12.3102,9121918,0.0,1.0
2009-12-17,12.4028,12.6852,12.2732,12.2917,12457651,0.0,1.0
2009-12-18,12.1296,12.1389,11.412,11.4352,15587949,0.0,1.0
2009-12-21,11.3889,11.5741,11.3426,11.5463,7969811,0.0,1.0
2009-12-22,11.6204,11.6204,11.0463,11.0556,8766149,0.0,1.0
2009-12-23,11.0972,11.213,10.9722,11.1065,6919969,0.0,1.0
2009-12-24,11.1343,11.3889,11.0694,11.3796,9960270,0.0,1.0
2009-12-25,11.3796,11.3889,11.1482,11.2917,7927742,0.0,1.0
2009-12-28,11.2268,11.5139,11.2176,11.4074,7687948,0.0,1.0
2009-12-29,11.412,11.6713,11.3472,11.6018,10144402,0.0,1.0
2009-12-30,11.6157,11.6991,11.4907,11.6852,10294971,0.0,1.0
2009-12-31,11.6389,11.8056,11.5602,11.7037,9557154,0.0,1.0
2010-01-04,11.7222,11.7917,11.537,11.537,8165098,0.0,1.0
2010-01-05,11.5324,11.6111,11.2268,11.3704,10286201,0.0,1.0
2010-01-06,11.3657,11.5046,11.2222,11.4722,9143079,0.0,1.0
2010-01-07,11.3935,11.5509,11.2685,11.3194,9630572,0.0,1.0
2010-01-08,11.3148,11.6204,11.287,11.6157,8676535,0.0,1.0
2010-01-11,11.6806,11.7083,11.3426,11.3889,11547399,0.0,1.0
2010-01-12,11.3889,11.4861,11.162,11.4815,11104964,0.0,1.0
2010-01-13,11.2315,11.2824,11.0324,11.0463,14613193,0.0,1.0
2010-01-14,11.1018,11.2176,11.0324,11.1713,7484843,0.0,1.0
2010-01-15,11.2176,11.3935,11.1759,11.3333,11060851,0.0,1.0
2010-01-18,11.3796,11.6944,11.3241,11.6898,18040770,0.0,1.0
2010-01-19,11.6898,11.8056,11.4583,11.5926,15758717,0.0,1.0
2010-01-20,11.6204,11.6435,11.1667,11.1852,12002859,0.0,1.0
2010-01-21,11.2593,11.6111,11.1574,11.5278,12772335,0.0,1.0
2010-01-22,11.3935,11.75,11.3426,11.6944,23681967,0.0,1.0
2010-01-25,11.5833,11.7222,11.2546,11.2778,10794663,0.0,1.0
2010-01-26,11.2639,11.338,10.5556,10.5602,13695958,0.0,1.0
2010-01-27,10.5926,10.662,10.4306,10.4722,6739950,0.0,1.0
2010-01-28,10.463,10.5602,10.2685,10.3935,5620273,0.0,1.0
2010-01-29,10.4213,10.5833,10.3472,10.3657,5880702,0.0,1.0
2010-02-01,10.375,10.4537,10.1111,10.3889,6481568,0.0,1.0
2010-02-02,10.4676,10.6111,10.2407,10.2593,5414252,0.0,1.0
2010-02-03,10.3102,10.4583,10.0509,10.4167,5699355,0.0,1.0
2010-02-04,10.4028,10.6296,10.3009,10.5093,6868658,0.0,1.0
2010-02-05,10.3241,10.4074,10.1296,10.1713,6969802,0.0,1.0
2010-02-08,10.1574,10.2778,10.1157,10.213,3103972,0.0,1.0
2010-02-09,10.2315,10.4167,10.1667,10.2546,4022290,0.0,1.0
2010-02-10,10.3056,10.3843,10.287,10.3704,3050931,0.0,1.0
2010-02-11,10.3657,10.5324,10.3657,10.4213,4637771,0.0,1.0
2010-02-12,10.4537,10.5556,10.4352,10.5185,5236449,0.0,1.0
2010-02-22,10.5093,10.5185,10.375,10.3982,4453739,0.0,1.0
2010-02-23,10.3982,10.412,10.1296,10.2778,5570597,0.0,1.0
2010-02-24,10.2732,10.4768,10.1667,10.4583,5016201,0.0,1.0
2010-02-25,10.5046,10.7639,10.463,10.7546,10558862,0.0,1.0
2010-02-26,10.7639,10.8148,10.6157,10.6574,7304870,0.0,1.0
2010-03-01,10.6944,10.7268,10.5556,10.7083,7238400,0.0,1.0
2010-03-02,10.6713,10.7361,10.6157,10.6528,5575857,0.0,1.0
2010-03-03,10.6343,10.787,10.5787,10.7593,7026964,0.0,1.0
2010-03-04,10.7361,10.8241,10.4722,10.5046,8095594,0.0,1.0
2010-03-05,10.5093,10.625,10.4213,10.5509,5805095,0.0,1.0
2010-03-08,10.5232,11.5602,10.5232,11.3009,28606197,0.0,1.0
2010-03-09,11.1528,11.3889,10.9676,11.1991,18843754,0.0,1.0
2010-03-10,11.2037,11.2732,10.9722,11.0185,10221671,0.0,1.0
2010-03-11,11.0417,11.0417,10.7037,10.7917,8137837,0.0,1.0
2010-03-12,10.8148,10.8518,10.625,10.6389,5786169,0.0,1.0
2010-03-15,10.6482,10.7639,10.5648,10.7222,5629943,0.0,1.0
2010-03-16,10.6898,10.838,10.6852,10.7778,5938268,0.0,1.0
2010-03-17,10.8009,10.9907,10.8009,10.9444,7266569,0.0,1.0
2010-03-18,10.9768,11.0972,10.8982,10.9537,8001059,0.0,1.0
2010-03-19,10.912,11.1435,10.912,11.0139,6592735,0.0,1.0
2010-03-22,11.0232,11.0648,10.8796,10.9537,5980630,0.0,1.0
2010-03-23,10.9537,10.9907,10.8148,10.8982,5503903,0.0,1.0
2010-03-24,10.8843,11.0602,10.8611,11,5947815,0.0,1.0
2010-03-25,11,11,10.662,10.6667,6475060,0.0,1.0
2010-03-26,10.6852,10.9815,10.662,10.8472,6035997,0.0,1.0
2010-03-29,10.9074,11.0787,10.8796,11.0046,9021845,0.0,1.0
2010-03-30,11,11.2083,11,11.0602,8432312,0.0,1.0
2010-03-31,11.1065,11.1574,11.0278,11.0926,5721966,0.0,1.0
2010-04-01,11.1806,11.25,11.0185,11.2454,12067571,0.0,1.0
2010-04-02,11.25,11.2732,11.1204,11.1713,9677079,0.0,1.0
2010-04-06,11.1806,11.25,10.9444,11.0046,9150212,0.0,1.0
2010-04-07,11.0046,11.0278,10.8611,10.9074,7694473,0.0,1.0
2010-04-08,10.9028,10.9028,10.7222,10.7639,7211257,0.0,1.0
2010-04-09,10.7732,10.912,10.7685,10.838,6124587,0.0,1.0
2010-04-12,10.8472,10.8843,10.5556,10.5741,12372617,0.0,1.0
2010-04-13,10.5602,10.7593,10.463,10.6944,8187701,0.0,1.0
2010-04-14,10.7037,10.7222,10.5648,10.7176,5583438,0.0,1.0
2010-04-15,10.8287,10.9259,10.7593,10.8241,13220248,0.0,1.0
2010-04-16,10.7639,10.787,10.5741,10.6111,5087306,0.0,1.0
2010-04-19,10.4907,10.4954,9.72222,9.75926,12102351,0.0,1.0
2010-04-20,9.75926,9.81018,9.23611,9.30093,10719558,0.0,1.0
2010-04-21,9.2963,9.71296,9.24074,9.5463,8493565,0.0,1.0
2010-04-22,9.39815,9.4213,9.26389,9.31018,8154711,0.0,1.0
2010-04-23,9.31018,9.39815,9.27778,9.3287,5045199,0.0,1.0
2010-04-26,9.26852,9.43518,9.26852,9.35185,4555317,0.0,1.0
2010-04-27,9.35648,9.35648,8.72685,8.94907,7506149,0.0,1.0
2010-04-28,8.91204,8.97222,8.71759,8.7963,4801682,0.0,1.0
2010-04-29,9.07407,9.67593,9.07407,9.61111,28880698,0.0,1.0
2010-04-30,9.58796,9.58796,8.98611,9.23148,18313515,0.0,1.0
2010-05-04,8.98148,9.21296,8.80093,8.89815,6729791,0.0,1.0
2010-05-05,8.77778,9.19444,8.72685,9.14352,7873643,0.0,1.0
2010-05-06,9.12037,9.12037,8.75,8.77315,6520481,0.0,1.0
2010-05-07,8.33333,8.76389,8.33333,8.46759,5417945,0.0,1.0
2010-05-10,8.52315,8.7037,8.44907,8.66204,5113826,0.0,1.0
2010-05-11,8.88889,8.93056,8.44907,8.52315,4917359,0.0,1.0
2010-05-12,8.4537,8.63889,8.34722,8.61111,3899193,0.0,1.0
2010-05-13,8.625,8.73611,8.47222,8.72685,5149453,0.0,1.0
2010-05-14,8.69444,8.74074,8.61111,8.65741,4302143,0.0,1.0
2010-05-17,8.7037,8.93518,8.48148,8.51389,11494870,0.0,1.0
2010-05-18,8.52315,8.88889,8.14815,8.81944,12650652,0.0,1.0
2010-05-19,8.81944,8.81944,8.81944,8.81944,0,0.0,1.0
2010-05-20,8.63426,8.79167,8.41667,8.4213,7576047,0.0,1.0
2010-05-21,8.19444,8.6713,8.10185,8.59259,8258076,0.0,1.0
2010-05-24,8.69444,9.01852,8.69444,8.92593,10899788,0.0,1.0
2010-05-25,8.88889,8.88889,8.625,8.69907,8420168,0.0,1.0
2010-05-26,8.63426,8.76852,8.52778,8.65741,4885266,0.0,1.0
2010-05-27,8.61111,8.79167,8.46296,8.77315,8232415,0.0,1.0
2010-05-28,8.86574,8.88889,8.63889,8.68981,5194442,0.0,1.0
2010-05-31,8.56481,8.67593,8.39352,8.40278,4842023,0.0,1.0
2010-06-01,8.33333,8.49537,8.24537,8.30093,4087144,0.0,1.0
2010-06-02,8.26389,8.40278,8.22222,8.38889,4520481,0.0,1.0
2010-06-03,8.39352,8.63889,8.33796,8.39815,6162277,0.0,1.0
2010-06-04,8.39815,8.47222,8.30093,8.4537,4118636,0.0,1.0
2010-06-07,8.28704,8.46759,8.2037,8.33796,3789716,0.0,1.0
2010-06-08,8.31018,8.43518,8.24074,8.31481,3357137,0.0,1.0
2010-06-09,8.34722,8.60185,8.21759,8.55093,8236897,0.0,1.0
2010-06-10,8.46759,8.54167,8.4213,8.43518,4586691,0.0,1.0
2010-06-11,8.4537,8.49537,8.39352,8.41667,3335932,0.0,1.0
2010-06-15,8.41667,8.41667,8.41667,8.41667,0,0.0,1.0
2010-06-17,8.44907,8.51852,8.41667,8.42593,3904995,0.0,1.0
2010-06-18,8.43056,8.6713,8.38889,8.45833,7480739,0.0,1.0
2010-06-21,8.48148,8.85648,8.41667,8.78241,14882442,0.0,1.0
2010-06-22,8.74074,9.00926,8.65278,8.88426,12415784,0.0,1.0
2010-06-23,8.83796,8.83796,8.60185,8.68056,8104085,0.0,1.0
2010-06-24,8.63426,8.73148,8.59259,8.625,3584736,0.11557,1.0
2010-06-25,8.56481,8.61111,8.42593,8.46296,4066913,0.0,1.0
2010-06-28,8.55556,8.63426,8.4537,8.5,3293583,0.0,1.0
2010-06-29,8.50926,8.58333,8.00926,8.00926,6406590,0.0,1.0
2010-06-30,7.98611,7.99074,7.77778,7.77778,3536607,0.0,1.0
2010-07-01,7.77778,7.86574,7.55556,7.57407,3573979,0.0,1.0
2010-07-02,7.55556,7.77315,7.31944,7.72222,6470088,0.0,1.0
2010-07-05,7.56944,7.65741,7.43518,7.56944,3405720,0.0,1.0
2010-07-06,7.58333,7.9213,7.56018,7.83796,7246360,0.0,1.0
2010-07-07,7.81018,8.12963,7.80093,7.96759,7391872,0.0,1.0
2010-07-08,7.99537,8.03704,7.8287,7.85648,4235186,0.0,1.0
2010-07-09,7.90741,8.13426,7.87037,8.10185,9166310,0.0,1.0
2010-07-12,8.14352,8.37963,8.01852,8.22685,8687091,0.0,1.0
2010-07-13,8.0787,8.09259,7.8287,7.96296,6565994,0.0,1.0
2010-07-14,7.93981,8.18981,7.93981,7.98611,5112802,0.0,1.0
2010-07-15,7.97222,8.14815,7.91204,7.93518,5119114,0.0,1.0
2010-07-16,7.93981,8.00926,7.76389,7.91667,3886773,0.0,1.0
2010-07-19,7.79167,8.125,7.76852,8.08333,5680234,0.0,1.0
2010-07-20,8.09722,8.27778,8.09259,8.26852,9506528,0.0,1.0
2010-07-21,8.27778,8.31944,8.19444,8.21296,7002999,0.0,1.0
2010-07-22,8.21296,8.41667,8.14815,8.41667,10403768,0.0,1.0
2010-07-23,8.47685,8.50463,8.24074,8.37037,9571509,0.0,1.0
2010-07-26,8.33796,8.4213,8.24074,8.38889,7389002,0.0,1.0
2010-07-27,8.37037,8.43981,8.26389,8.29167,5301254,0.0,1.0
2010-07-28,8.28704,9.10185,8.27315,8.84722,24296076,0.0,1.0
2010-07-29,8.80556,8.85648,8.65278,8.75463,15032417,0.0,1.0
2010-07-30,8.74074,9.02778,8.65741,9.00463,21318635,0.0,1.0
2010-08-02,8.89815,9.06944,8.87963,9.00463,17707914,0.0,1.0
2010-08-03,9.02778,9.06481,8.75926,8.77315,12384551,0.0,1.0
2010-08-04,8.77315,8.85648,8.56481,8.77315,9567526,0.0,1.0
2010-08-05,8.75,8.79167,8.55556,8.61574,7447112,0.0,1.0
2010-08-06,8.625,8.79167,8.48611,8.72685,9346664,0.0,1.0
2010-08-09,8.68056,8.85648,8.63426,8.82407,10246669,0.0,1.0
2010-08-10,8.81481,8.86574,8.48611,8.51852,9593195,0.0,1.0
2010-08-11,8.50926,8.73148,8.49537,8.65278,5691237,0.0,1.0
2010-08-12,8.56944,8.81944,8.54167,8.76852,11592980,0.0,1.0
2010-08-13,8.76389,8.94907,8.65278,8.93981,13080537,0.0,1.0
2010-08-16,8.91204,8.98148,8.76852,8.92593,12111209,0.0,1.0
2010-08-17,8.94907,9.14815,8.93056,9.00463,12723109,0.0,1.0
2010-08-18,8.98148,9.00463,8.81481,8.91667,8380224,0.0,1.0
2010-08-19,8.93518,8.9537,8.74537,8.86574,9135897,0.0,1.0
2010-08-20,8.7963,8.7963,8.56944,8.58796,8667322,0.0,1.0
2010-08-23,8.58796,8.58796,8.58796,8.58796,0,0.0,1.0
2010-08-24,8.58796,8.81944,8.47222,8.68518,5589953,0.0,1.0
2010-08-25,8.64815,8.78704,8.57407,8.59259,6921556,0.0,1.0
2010-08-26,8.60185,8.72685,8.55556,8.58796,4033364,0.0,1.0
2010-08-27,8.64815,8.73611,8.60185,8.66204,3717522,0.0,1.0
2010-08-30,8.68518,8.81018,8.68056,8.78241,6912316,0.0,1.0
2010-08-31,8.74074,8.74074,8.55093,8.58796,8097184,0.0,1.0
2010-09-01,8.58796,8.64352,8.33333,8.38889,6744419,0.0,1.0
2010-09-02,8.47222,8.55556,8.375,8.44444,8310425,0.0,1.0
2010-09-03,8.4537,8.47685,8.33333,8.39352,6101687,0.0,1.0
2010-09-06,8.41667,8.52315,8.40741,8.50926,6843373,0.0,1.0
2010-09-07,8.5,8.52778,8.41667,8.4537,5147362,0.0,1.0
2010-09-08,8.4537,8.47222,8.38426,8.41204,4701957,0.0,1.0
2010-09-09,8.43981,8.47222,8.19444,8.19907,8503925,0.0,1.0
2010-09-10,8.19907,8.27315,8.01389,8.08796,5019136,0.0,1.0
2010-09-13,8.08796,8.26852,8.05556,8.23148,5245685,0.0,1.0
2010-09-14,8.23611,8.25926,8.08796,8.125,4271279,0.0,1.0
2010-09-15,8.13426,8.47222,8.0463,8.2963,10318979,0.0,1.0
2010-09-16,8.3287,8.3287,7.875,7.90741,6562888,0.0,1.0
2010-09-17,7.9213,8.14352,7.87037,7.9537,4818466,0.0,1.0
2010-09-20,7.9537,8.05556,7.84722,7.85185,4161597,0.0,1.0
2010-09-21,7.87963,8.0463,7.85648,7.97685,3544593,0.0,1.0
2010-09-27,7.97685,8,7.83333,7.97222,4376555,0.0,1.0
2010-09-28,7.97222,7.97222,7.80556,7.81018,3559157,0.0,1.0
2010-09-29,7.80093,7.86111,7.68518,7.69444,4031238,0.0,1.0
2010-09-30,7.65741,7.97685,7.62037,7.92593,5664132,0.0,1.0
2010-10-08,7.87037,8.0787,7.82407,8.01389,6688607,0.0,1.0
2010-10-11,8.01852,8.375,7.98611,8.26852,12582949,0.0,1.0
2010-10-12,8.21759,8.31018,8.14815,8.25,7313523,0.0,1.0
2010-10-13,8.25,8.61111,8.19907,8.44444,17288306,0.0,1.0
2010-10-14,8.625,8.62963,8.46296,8.60185,30785838,0.0,1.0
2010-10-15,8.56481,8.78704,8.47685,8.70833,16803997,0.0,1.0
2010-10-18,8.78704,9.14352,8.7037,8.85648,24119669,0.0,1.0
2010-10-19,8.84722,9.11574,8.57407,8.93518,21001206,0.0,1.0
2010-10-20,8.56481,8.83796,8.46296,8.65278,18637999,0.0,1.0
2010-10-21,8.63889,8.7963,8.50463,8.53241,11487125,0.0,1.0
2010-10-22,8.53241,8.60648,8.38426,8.4213,10572246,0.0,1.0
2010-10-25,8.46296,8.625,8.46296,8.58333,8884232,0.0,1.0
2010-10-26,8.64352,8.84259,8.57407,8.72685,12757766,0.0,1.0
2010-10-27,8.72685,8.72685,8.72685,8.72685,0,0.0,1.0
2010-10-28,8.64352,8.72685,8.47222,8.56481,8795568,0.0,1.0
2010-10-29,8.64352,8.72685,8.47222,8.51389,7651098,0.0,1.0
2010-11-01,8.56018,8.92593,8.56018,8.87037,18965669,0.0,1.0
2010-11-02,8.81481,9.00926,8.78704,8.97685,19322888,0.0,1.0
2010-11-03,9.00926,9.39815,8.93518,9.2037,31740141,0.0,1.0
2010-11-04,9.39815,9.52315,9.01852,9.11574,26440710,0.0,1.0
2010-11-05,9.3287,10.0278,9.25926,10.0278,59549427,0.0,1.0
2010-11-08,10.4167,11.0278,10.4074,10.5093,69600955,0.0,1.0
2010-11-09,10.3472,10.4444,10.1435,10.2407,28739291,0.0,1.0
2010-11-10,10.1806,10.1806,9.78241,9.90278,28300816,0.0,1.0
2010-11-11,9.80556,10.0232,9.75926,9.80093,18855040,0.0,1.0
2010-11-12,9.75,9.75,8.81944,9,27299649,0.0,1.0
2010-11-15,8.99537,9.18056,8.84722,9.17593,12277959,0.0,1.0
2010-11-16,9.14815,9.14815,8.59259,8.6713,13623401,0.0,1.0
2010-11-17,8.60648,9.02778,8.52778,8.87963,15379360,0.0,1.0
2010-11-18,8.98148,9.02778,8.74074,8.83796,18318544,0.0,1.0
2010-11-19,8.84722,8.87963,8.53241,8.7963,13145668,0.0,1.0
2010-11-22,8.65741,8.79167,8.60185,8.74074,10996463,0.0,1.0
2010-11-23,8.75,8.75,8.20833,8.37037,11928525,0.0,1.0
2010-11-24,8.33333,8.51852,8.27778,8.47685,7333682,0.0,1.0
2010-11-25,8.55556,8.74074,8.42593,8.66667,12378796,0.0,1.0
2010-11-26,8.63426,8.63426,8.41204,8.45833,8631501,0.0,1.0
2010-11-29,8.44444,8.60648,8.34259,8.51389,7335673,0.0,1.0
2010-11-30,8.47222,8.50463,8.01389,8.2037,10632829,0.0,1.0
2010-12-01,8.21759,8.26389,8.14352,8.19444,4094038,0.0,1.0
2010-12-02,8.3287,8.3287,8.19444,8.19444,5536761,0.0,1.0
2010-12-03,8.19444,8.46759,8.17593,8.37963,9154037,0.0,1.0
2010-12-06,8.34722,8.37963,8.13889,8.16667,6396173,0.0,1.0
2010-12-07,8.20833,8.37963,8.06481,8.31018,7306773,0.0,1.0
2010-12-08,8.26389,8.32407,8.18518,8.20833,5511461,0.0,1.0
2010-12-09,8.18981,8.18981,7.92593,7.9537,6942430,0.0,1.0
2010-12-10,7.9537,8.0787,7.92593,8.03241,3157732,0.0,1.0
2010-12-13,8.10185,8.25926,8.08333,8.23148,6146747,0.0,1.0
2010-12-14,8.24074,8.39815,8.1713,8.31481,7200721,0.0,1.0
2010-12-15,8.32407,8.43056,8.24074,8.375,6897511,0.0,1.0
2010-12-16,8.37037,8.40278,8.26389,8.30093,4708228,0.0,1.0
2010-12-17,8.30556,8.35648,8.24537,8.26389,3787314,0.0,1.0
2010-12-20,8.31481,8.33333,7.99074,8.13889,5046328,0.0,1.0
2010-12-21,8.1713,8.60185,8.0787,8.47222,12983253,0.0,1.0
2010-12-22,8.44907,8.5,8.21296,8.23611,7589629,0.0,1.0
2010-12-23,8.25,8.3287,8.14815,8.19444,4074380,0.0,1.0
2010-12-24,8.18981,8.3287,8.10648,8.25926,5089006,0.0,1.0
2010-12-27,8.10648,8.25463,7.86111,7.90278,6001716,0.0,1.0
2010-12-28,7.87037,7.94907,7.73148,7.74074,4850736,0.0,1.0
2010-12-29,7.77315,7.83333,7.72222,7.78241,3085638,0.0,1.0
2010-12-30,7.77778,7.82407,7.62963,7.69907,4095924,0.0,1.0
2010-12-31,7.71296,7.78241,7.66667,7.77778,3257092,0.0,1.0
2011-01-04,7.81481,8.10185,7.74074,7.99074,7330755,0.0,1.0
2011-01-05,8.00926,8.05093,7.93981,8.00926,4690010,0.0,1.0
2011-01-06,8.10648,8.31944,8.10185,8.13889,6745734,0.0,1.0
2011-01-07,8.18518,8.28241,8.10185,8.16667,7247444,0.0,1.0
2011-01-10,8.17593,8.23148,7.9213,7.92593,4174919,0.0,1.0
2011-01-11,7.91667,8.0463,7.88426,8.00926,3412943,0.0,1.0
2011-01-12,8.03704,8.19444,8,8.125,4883335,0.0,1.0
2011-01-13,8.09722,8.19444,7.98611,7.98611,3683809,0.0,1.0
2011-01-14,7.98611,7.98611,7.85185,7.87037,3873919,0.0,1.0
2011-01-17,7.81481,7.93056,7.55556,7.58333,4578757,0.0,1.0
2011-01-18,7.59259,7.62037,7.50463,7.57407,2446001,0.0,1.0
2011-01-19,7.57407,7.68518,7.52315,7.67593,2881794,0.0,1.0
2011-01-20,7.71296,8.14815,7.65278,7.72222,7877717,0.0,1.0
2011-01-21,7.63889,7.93981,7.54167,7.77315,5305569,0.0,1.0
2011-01-24,7.74074,7.79167,7.53241,7.58333,3282651,0.0,1.0
2011-01-25,7.58796,7.73148,7.58796,7.63889,2584626,0.0,1.0
2011-01-26,7.6713,7.71759,7.61574,7.67593,1813568,0.0,1.0
2011-01-27,7.61574,7.69444,7.41204,7.68518,5011174,0.0,1.0
2011-01-28,7.62963,7.76852,7.62963,7.6713,3093695,0.0,1.0
2011-01-31,7.6713,7.74074,7.59259,7.6713,3428251,0.0,1.0
2011-02-01,7.67593,7.87037,7.65741,7.84259,4860460,0.0,1.0
2011-02-09,7.73148,7.85185,7.63889,7.65278,3487936,0.0,1.0
2011-02-10,7.59722,7.77315,7.56944,7.76852,3012945,0.0,1.0
2011-02-11,7.81018,8.06481,7.73611,7.99074,9401994,0.0,1.0
2011-02-14,7.95833,8.09722,7.87037,8.0787,8943171,0.0,1.0
2011-02-15,8.0787,8.1713,8.02315,8.07407,9018955,0.0,1.0
2011-02-16,8.0787,8.12963,8.00926,8.125,6505793,0.0,1.0
2011-02-17,8.15278,8.22685,8.03704,8.15741,7859450,0.0,1.0
2011-02-18,8.14815,8.33333,8.0787,8.24074,9460688,0.0,1.0
2011-02-21,8.18518,8.22685,8.10185,8.21296,6932464,0.0,1.0
2011-02-22,8.20833,8.23611,7.86574,7.87037,8296556,0.0,1.0
2011-02-23,7.86574,7.98611,7.79167,7.91667,4875898,0.0,1.0
2011-02-24,7.89815,7.98611,7.82407,7.94444,5161029,0.0,1.0
2011-02-25,7.9537,7.98148,7.86574,7.94444,3308844,0.0,1.0
2011-02-28,7.93981,8.0463,7.88889,8.01852,4629317,0.0,1.0
2011-03-01,8.02778,8.13889,7.98611,8.08796,7991437,0.0,1.0
2011-03-02,8.0463,8.06481,7.88889,8.00926,5141867,0.0,1.0
2011-03-03,7.98611,8.14815,7.96759,8.03241,6649107,0.0,1.0
2011-03-04,8.06944,8.77778,8.06944,8.68056,34773379,0.0,1.0
2011-03-07,8.68518,8.75926,8.56481,8.60185,19791096,0.0,1.0
2011-03-08,8.62963,8.81018,8.53704,8.66667,14842676,0.0,1.0
2011-03-09,8.7037,8.72685,8.56481,8.64815,7843176,0.0,1.0
2011-03-10,8.7037,8.91204,8.65741,8.75,19407452,0.0,1.0
2011-03-11,8.64352,8.75926,8.47222,8.48611,10785025,0.0,1.0
2011-03-14,8.40278,8.61111,8.34259,8.57407,7773162,0.0,1.0
2011-03-15,8.50926,8.50926,8.18056,8.31018,12673617,0.0,1.0
2011-03-16,8.24074,8.36574,8.18981,8.32407,5013848,0.0,1.0
2011-03-17,8.24074,8.28241,8.125,8.18981,5136348,0.0,1.0
2011-03-18,8.25926,8.45833,8.18056,8.42593,9507666,0.0,1.0
2011-03-21,8.4213,8.5463,8.35648,8.50926,8591361,0.0,1.0
2011-03-22,8.50926,8.56481,8.37963,8.52778,4664693,0.0,1.0
2011-03-23,8.50926,8.72222,8.46296,8.60185,6737626,0.0,1.0
2011-03-24,8.61111,8.75,8.54167,8.5463,4732411,0.0,1.0
2011-03-25,8.64352,8.64352,8.5,8.53241,6622411,0.0,1.0
2011-03-28,8.5463,8.60648,8.37037,8.39815,6746201,0.0,1.0
2011-03-29,8.37037,8.50463,8.33333,8.35185,5873652,0.0,1.0
2011-03-30,8.35185,8.39815,8.18518,8.19444,4938948,0.0,1.0
2011-03-31,8.21759,8.23148,8.05556,8.08333,4762697,0.0,1.0
2011-04-01,8.10185,8.3287,8.10185,8.28241,4258766,0.0,1.0
2011-04-06,8.56481,8.86574,8.3287,8.47685,21396807,0.0,1.0
2011-04-07,8.48148,8.5,8.25,8.49074,12655788,0.0,1.0
2011-04-08,8.49537,8.59722,8.33333,8.40278,18233034,0.0,1.0
2011-04-11,8.4213,8.44444,8.19907,8.20833,9012272,0.0,1.0
2011-04-12,8.21296,8.26389,8.15278,8.24537,8775491,0.0,1.0
2011-04-13,8.21296,8.51852,8.15741,8.46759,13221097,0.0,1.0
2011-04-14,8.42593,8.42593,8.23148,8.35648,9622630,0.0,1.0
2011-04-15,8.33333,8.35648,8.22222,8.30093,9611093,0.0,1.0
2011-04-18,8.24537,8.41204,8.23148,8.36111,8971299,0.0,1.0
2011-04-19,8.31018,8.31018,8.19907,8.24537,6671523,0.0,1.0
2011-04-20,8.24074,8.37037,8.22222,8.29167,5849416,0.0,1.0
2011-04-21,8.29167,8.4537,8.28704,8.37037,9495451,0.0,1.0
2011-04-22,8.39352,8.39815,8.20833,8.25463,5745844,0.0,1.0
2011-04-25,8.125,8.125,7.7037,7.70833,12874860,0.0,1.0
2011-04-26,7.71759,7.79167,7.61574,7.67593,5203587,0.0,1.0
2011-04-27,7.68981,7.76852,7.48148,7.55556,5368380,0.0,1.0
2011-04-28,7.56018,7.68518,7.44444,7.4537,4414887,0.0,1.0
2011-04-29,7.4537,7.56481,7.4537,7.5463,2401266,0.0,1.0
2011-05-03,7.56944,7.58333,7.40278,7.51852,3738332,0.0,1.0
2011-05-04,7.48148,7.50926,7.25,7.27778,5509216,0.0,1.0
2011-05-05,7.27315,7.40278,7.26389,7.32407,3226368,0.0,1.0
2011-05-06,7.21759,7.28704,7.18056,7.25463,4194396,0.0,1.0
2011-05-09,7.25,7.37037,7.24537,7.31018,2667518,0.0,1.0
2011-05-10,7.35648,7.38426,7.31018,7.35648,2006407,0.0,1.0
2011-05-11,7.37037,7.40741,7.31944,7.40278,3252837,0.0,1.0
2011-05-12,7.37037,7.46759,7.35185,7.41204,5752136,0.0,1.0
2011-05-13,7.41667,7.47222,7.36574,7.45833,2997778,0.0,1.0
2011-05-16,7.4537,7.46759,7.38426,7.40278,2517722,0.0,1.0
2011-05-17,7.36574,7.43056,7.31018,7.375,2749106,0.0,1.0
2011-05-19,7.41667,7.47685,7.35185,7.36574,2481058,0.0,1.0
2011-05-20,7.2963,7.38426,7.21296,7.21759,3666527,0.0,1.0
2011-05-23,7.21759,7.24074,6.88889,6.90278,4711494,0.0,1.0
2011-05-24,6.90741,7.51389,6.90741,7.2963,11158262,0.0,1.0
2011-05-25,7.22222,7.44444,7.09259,7.18981,7887880,0.0,1.0
2011-05-26,7.1713,7.24074,7.06018,7.12037,4457586,0.0,1.0
2011-05-27,7.12037,7.15278,6.94444,6.98148,3308271,0.0,1.0
2011-05-30,6.95833,7.02778,6.74074,6.76389,3346533,0.0,1.0
2011-05-31,6.78241,6.87037,6.66667,6.77778,5242819,0.0,1.0
2011-06-01,6.77778,6.80093,6.71759,6.7963,3201174,0.0,1.0
2011-06-02,6.72222,6.89815,6.7037,6.77315,3939654,0.0,1.0
2011-06-03,6.75926,6.83796,6.71296,6.8287,2374471,0.0,1.0
2011-06-07,6.81944,6.89352,6.76389,6.84722,1904286,0.0,1.0
2011-06-08,6.82407,6.875,6.73611,6.86574,2984932,0.0,1.0
2011-06-09,6.875,7.17593,6.8287,6.88426,5777573,0.0,1.0
2011-06-10,6.87037,6.95833,6.75926,6.86111,2960373,0.0,1.0
2011-06-13,6.80093,6.83796,6.58333,6.65741,3946528,0.0,1.0
2011-06-14,6.65741,6.81018,6.62963,6.73148,4072525,0.0,1.0
2011-06-15,6.71759,6.77315,6.65741,6.66204,3527608,0.0,1.0
2011-06-16,6.62037,6.64352,6.47222,6.49074,4033258,0.0,1.0
2011-06-17,6.48148,6.59722,6.42593,6.43056,3058737,0.0,1.0
2011-06-20,6.44444,6.44907,6.18981,6.30556,3584987,0.0,1.0
2011-06-21,6.27778,6.28704,6.14815,6.23148,3478596,0.12089,1.0
2011-06-22,6.21296,6.26852,6.18518,6.20833,3261881,0.0,1.0
2011-06-23,6.21759,6.31944,6.15741,6.31481,3624530,0.0,1.0
2011-06-24,6.2963,6.46296,6.25463,6.42593,5594098,0.0,1.0
2011-06-27,6.44907,6.5,6.40278,6.43518,4778082,0.0,1.0
2011-06-28,6.41204,6.43518,6.33796,6.41667,5638399,0.0,1.0
2011-06-29,6.70833,6.875,6.50926,6.52778,14593090,0.0,1.0
2011-06-30,6.45833,6.59259,6.38889,6.47222,10839440,0.0,1.0
2011-07-01,6.51852,6.56481,6.45833,6.51852,5389645,0.0,1.0
2011-07-04,6.55093,6.61574,6.52778,6.61111,9063630,0.0,1.0
2011-07-05,6.60648,6.7037,6.5787,6.62963,6724000,0.0,1.0
2011-07-06,6.63889,6.65278,6.57407,6.61574,3866927,0.0,1.0
2011-07-07,6.62963,6.63426,6.53241,6.55556,4898265,0.0,1.0
2011-07-08,6.5463,6.62037,6.51389,6.57407,3292525,0.0,1.0
2011-07-11,6.56481,6.56481,6.49537,6.53241,5198375,0.0,1.0
2011-07-12,6.50463,6.5463,6.38889,6.39352,4403892,0.0,1.0
2011-07-13,6.4213,6.50463,6.40278,6.48611,3836465,0.0,1.0
2011-07-14,6.49537,6.53704,6.47222,6.53241,4244165,0.0,1.0
2011-07-15,6.50463,6.53704,6.43981,6.53704,4496887,0.0,1.0
2011-07-18,6.51389,6.66204,6.51389,6.63889,8510625,0.0,1.0
2011-07-19,6.60185,6.60185,6.51389,6.54167,4517962,0.0,1.0
2011-07-20,6.59722,6.65278,6.51852,6.5787,4789234,0.0,1.0
2011-07-21,6.5787,6.5787,6.41667,6.4213,4435374,0.0,1.0
2011-07-22,6.4213,6.46759,6.39815,6.41204,2308057,0.0,1.0
2011-07-25,6.41667,6.42593,6.08796,6.12963,5267651,0.0,1.0
2011-07-26,6.14352,6.16667,6.10648,6.13889,2497746,0.0,1.0
2011-07-27,6.11574,6.22685,6.11111,6.22222,2633379,0.0,1.0
2011-07-28,6.18056,6.33796,6.15741,6.30556,3178434,0.0,1.0
2011-07-29,6.30556,6.33333,6.17593,6.21296,2808912,0.0,1.0
2011-08-01,6.21759,6.22222,6.13889,6.19444,1956275,0.0,1.0
2011-08-02,6.1713,6.1713,6.05556,6.10648,2952992,0.0,1.0
2011-08-03,6.05556,6.15278,6.05556,6.12963,1621972,0.0,1.0
2011-08-04,6.15278,6.19907,6.12963,6.14815,1780568,0.0,1.0
2011-08-05,5.99537,6.01852,5.93056,5.95833,3249018,0.0,1.0
2011-08-08,5.84722,5.875,5.50926,5.59259,5651636,0.0,1.0
2011-08-09,5.43056,5.67593,5.32407,5.66204,5640875,0.0,1.0
2011-08-10,5.71759,5.95833,5.6713,5.78241,8979714,0.0,1.0
2011-08-11,5.56944,5.83333,5.56944,5.81018,4983040,0.0,1.0
2011-08-12,5.83333,5.9213,5.80556,5.87963,4137262,0.0,1.0
2011-08-15,5.87963,5.93518,5.85185,5.92593,2857453,0.0,1.0
2011-08-16,5.94907,6.00926,5.87963,5.88426,3900558,0.0,1.0
2011-08-17,5.88426,6.03704,5.75,5.88889,5335425,0.0,1.0
2011-08-18,5.77778,5.88889,5.68056,5.68056,3178490,0.0,1.0
2011-08-19,5.5463,5.60185,5.5,5.59722,3286563,0.0,1.0
2011-08-22,5.59722,5.65278,5.55556,5.59259,2176904,0.0,1.0
2011-08-23,5.60648,5.70833,5.60185,5.69444,2731927,0.0,1.0
2011-08-24,5.71759,5.74074,5.62963,5.6713,2306748,0.0,1.0
2011-08-25,5.69444,5.87963,5.65741,5.84722,5231002,0.0,1.0
2011-08-26,5.81018,5.96759,5.81018,5.94444,5246951,0.0,1.0
2011-08-29,5.91204,5.91204,5.77778,5.83333,3310963,0.0,1.0
2011-08-30,5.85185,5.90278,5.76389,5.76389,2633079,0.0,1.0
2011-08-31,5.81481,5.81481,5.69907,5.73611,1892264,0.0,1.0
2011-09-01,5.74537,5.79167,5.68981,5.69907,1881135,0.0,1.0
2011-09-02,5.69907,5.74537,5.625,5.63889,1981692,0.0,1.0
2011-09-05,5.60648,5.62037,5.52315,5.54167,2053406,0.0,1.0
2011-09-06,5.55093,5.625,5.52315,5.58333,1518532,0.0,1.0
2011-09-07,5.60185,5.69907,5.58333,5.68518,1683657,0.0,1.0
2011-09-08,5.72222,5.73611,5.61111,5.61574,1568195,0.0,1.0
2011-09-09,5.61574,5.66667,5.55093,5.58796,1181954,0.0,1.0
2011-09-13,5.53704,5.57407,5.47685,5.50463,1540361,0.0,1.0
2011-09-14,5.53241,5.57407,5.46296,5.56481,1401378,0.0,1.0
2011-09-15,5.5787,5.63426,5.56018,5.58796,1958625,0.0,1.0
2011-09-16,5.62037,5.65278,5.57407,5.57407,1302145,0.0,1.0
2011-09-19,5.57407,5.57407,5.43056,5.44444,1452710,0.0,1.0
2011-09-20,5.46296,5.5,5.43056,5.44907,749511,0.0,1.0
2011-09-21,5.49074,5.74074,5.43981,5.64815,3488422,0.0,1.0
2011-09-22,5.62037,5.63889,5.49074,5.5,2033705,0.0,1.0
2011-09-23,5.4537,5.55556,5.38889,5.53241,1593506,0.0,1.0
2011-09-26,5.46759,5.54167,5.4213,5.43981,1203263,0.0,1.0
2011-09-27,5.48611,5.54167,5.44444,5.49074,1830773,0.0,1.0
2011-09-28,5.49074,5.56018,5.43056,5.44907,1384087,0.0,1.0
2011-09-29,5.44907,5.60648,5.39815,5.49074,4597860,0.0,1.0
2011-09-30,5.47222,5.99537,5.47222,5.84259,14721241,0.0,1.0
2011-10-10,5.8287,5.95833,5.75,5.9537,9874745,0.0,1.0
2011-10-11,6.01852,6.07407,5.85648,5.95833,6693039,0.0,1.0
2011-10-12,5.92593,6.23148,5.83333,6.17593,11821341,0.0,1.0
2011-10-13,6.12037,6.2963,6.0463,6.16667,10064112,0.0,1.0
2011-10-14,6.12037,6.23611,6,6.14815,8314112,0.0,1.0
2011-10-17,6.12037,6.18981,6.04167,6.08796,4856177,0.0,1.0
2011-10-18,6.01852,6.08796,5.9213,5.95833,4983554,0.0,1.0
2011-10-19,6.01852,6.36574,6.01852,6.15741,13331017,0.0,1.0
2011-10-20,6.11111,6.23148,6.0463,6.13426,12168540,0.0,1.0
2011-10-21,6.12963,6.15741,5.92593,6.05093,7484011,0.0,1.0
2011-10-24,6.08333,6.57407,5.92593,6.49074,17870238,0.0,1.0
2011-10-25,6.39815,6.57407,6.39352,6.51852,17437841,0.0,1.0
2011-10-26,6.4537,6.56481,6.43518,6.46759,12728451,0.0,1.0
2011-10-27,6.57407,6.62037,6.46759,6.49537,9370627,0.0,1.0
2011-10-28,6.57407,6.7963,6.49537,6.59259,13295477,0.0,1.0
2011-10-31,6.53241,6.55093,6.38889,6.48148,10418715,0.0,1.0
2011-11-01,6.43981,6.59722,6.41204,6.50463,8594128,0.0,1.0
2011-11-02,6.42593,6.60648,6.33333,6.59722,9020197,0.0,1.0
2011-11-03,6.60185,6.64815,6.53241,6.56481,10316404,0.0,1.0
2011-11-04,6.55093,6.63889,6.48611,6.52315,7065434,0.0,1.0
2011-11-07,6.49537,6.49537,6.34722,6.36574,7344061,0.0,1.0
2011-11-08,6.36574,6.46759,6.34259,6.36111,5443617,0.0,1.0
2011-11-09,6.37963,6.43056,6.27778,6.39815,5540612,0.0,1.0
2011-11-10,6.31481,6.37037,6.2963,6.30556,3619186,0.0,1.0
2011-11-11,6.31944,6.61111,6.31944,6.375,6776786,0.0,1.0
2011-11-14,6.38889,6.47685,6.34722,6.47222,6302055,0.0,1.0
2011-11-15,6.43981,6.48611,6.41667,6.43056,3631245,0.0,1.0
2011-11-16,6.43056,6.45833,6.2037,6.22685,4916975,0.0,1.0
2011-11-17,6.23611,6.2963,6.1713,6.19907,2364662,0.0,1.0
2011-11-18,6.18056,6.22685,6.01852,6.03241,3092036,0.0,1.0
2011-11-21,6.02315,6.0787,6.01852,6.06944,1909647,0.0,1.0
2011-11-22,6.03241,6.09722,6,6.09259,1581250,0.0,1.0
2011-11-23,6.12037,6.12037,5.96296,5.96759,2169806,0.0,1.0
2011-11-24,5.88889,6.00926,5.83333,5.90741,2449924,0.0,1.0
2011-11-25,5.90278,5.95833,5.86111,5.87037,1721304,0.0,1.0
2011-11-28,5.86111,5.94907,5.8287,5.84722,1356232,0.0,1.0
2011-11-29,5.87963,5.96296,5.86111,5.9537,2670376,0.0,1.0
2011-11-30,5.9537,5.9537,5.68056,5.68518,2975776,0.0,1.0
2011-12-01,5.81018,5.91667,5.76852,5.77315,3914972,0.0,1.0
2011-12-02,5.75,5.75463,5.625,5.69444,3587723,0.0,1.0
2011-12-05,5.66667,5.75,5.60648,5.68518,2152028,0.0,1.0
2011-12-06,5.66667,5.77778,5.64815,5.75463,2164899,0.0,1.0
2011-12-07,5.75463,5.89815,5.74537,5.80556,2625493,0.0,1.0
2011-12-08,5.79167,5.9213,5.76852,5.8287,2312274,0.0,1.0
2011-12-09,5.78704,5.87037,5.78704,5.8287,1585172,0.0,1.0
2011-12-12,5.85185,5.85185,5.67593,5.68056,2270866,0.0,1.0
2011-12-13,5.64815,5.64815,5.5463,5.5463,1730078,0.0,1.0
2011-12-14,5.60648,5.69444,5.56944,5.58796,2661740,0.0,1.0
2011-12-15,5.55556,5.60185,5.50463,5.50926,1614321,0.0,1.0
2011-12-16,5.51852,5.625,5.46296,5.61574,2362448,0.0,1.0
2011-12-19,5.57407,5.58333,5.46759,5.55556,2167210,0.0,1.0
2011-12-20,5.56018,5.64815,5.55556,5.60648,2135033,0.0,1.0
2011-12-21,5.64352,5.68518,5.50926,5.50926,1971115,0.0,1.0
2011-12-22,5.47685,5.51389,5.09259,5.26389,3314950,0.0,1.0
2011-12-23,5.28241,5.36111,5.26852,5.31481,1498500,0.0,1.0
2011-12-26,5.31481,5.34722,5.2963,5.31481,737208,0.0,1.0
2011-12-27,5.26852,5.32407,5.19907,5.20833,1063189,0.0,1.0
2011-12-28,5.18981,5.21296,5.09259,5.19444,1766422,0.0,1.0
2011-12-29,5.18981,5.24537,5.17593,5.21296,1062569,0.0,1.0
2011-12-30,5.21296,5.26852,5.21296,5.24537,1078119,0.0,1.0
2012-01-04,5.27778,5.29167,5.10648,5.11574,1102823,0.0,1.0
2012-01-05,5.09259,5.10648,4.99074,5,1451205,0.0,1.0
2012-01-06,5.03704,5.06018,4.96296,5.03241,1336459,0.0,1.0
2012-01-09,5.05556,5.2037,4.93518,5.19907,2488858,0.0,1.0
2012-01-10,5.19444,5.36111,5.16204,5.34722,4618521,0.0,1.0
2012-01-11,5.33333,5.35185,5.28241,5.28704,2449568,0.0,1.0
2012-01-12,5.3287,5.5463,5.3287,5.36574,4786495,0.0,1.0
2012-01-13,5.35185,5.39815,5.11111,5.18056,3370155,0.0,1.0
2012-01-16,5.18056,5.24074,5.09259,5.10185,1531414,0.0,1.0
2012-01-17,5.13426,5.38889,5.09259,5.33796,4111891,0.0,1.0
2012-01-18,5.32407,5.43518,5.22685,5.25,3221275,0.0,1.0
2012-01-19,5.27778,5.38889,5.24074,5.34722,2737848,0.0,1.0
2012-01-20,5.34722,5.43518,5.34722,5.41667,2932645,0.0,1.0
2012-01-30,5.48611,5.49074,5.34722,5.40278,4309341,0.0,1.0
2012-01-31,5.48611,5.51852,5.37037,5.41667,4153125,0.0,1.0
2012-02-01,5.41667,5.47222,5.33333,5.34722,3043678,0.0,1.0
2012-02-02,5.37037,5.42593,5.32407,5.4213,2117094,0.0,1.0
2012-02-03,5.4213,5.46759,5.40741,5.45833,5532605,0.0,1.0
2012-02-06,5.43518,5.46296,5.37963,5.43056,3060902,0.0,1.0
2012-02-07,5.41667,5.41667,5.30093,5.31944,2868862,0.0,1.0
2012-02-08,5.30556,5.46296,5.30093,5.45833,4509860,0.0,1.0
2012-02-09,5.44907,5.59259,5.4213,5.47222,5981118,0.0,1.0
2012-02-10,5.48148,5.58333,5.4537,5.48148,6618424,0.0,1.0
2012-02-13,5.41204,5.55093,5.34722,5.51852,6323113,0.0,1.0
2012-02-14,5.50463,5.50463,5.39815,5.43981,4995000,0.0,1.0
2012-02-15,5.43981,5.51852,5.40278,5.50463,11435453,0.0,1.0
2012-02-16,5.51389,5.54167,5.40741,5.45833,8170380,0.0,1.0
2012-02-17,5.5,5.50926,5.37037,5.42593,6616180,0.0,1.0
2012-02-20,5.47222,5.50463,5.44907,5.45833,8045588,0.0,1.0
2012-02-21,5.44444,5.50463,5.40278,5.49537,5283041,0.0,1.0
2012-02-22,5.51852,5.69444,5.51852,5.64352,17179537,0.0,1.0
2012-02-23,5.61574,5.66204,5.56944,5.61574,9141231,0.0,1.0
2012-02-24,5.62037,5.92593,5.58333,5.84722,21821537,0.0,1.0
2012-02-27,5.84722,5.9213,5.79167,5.7963,16128587,0.0,1.0
2012-02-28,5.79167,5.85185,5.65278,5.71296,9936707,0.0,1.0
2012-02-29,5.66204,5.66204,5.56018,5.58796,8613469,0.0,1.0
2012-03-01,5.59259,5.66204,5.59259,5.61574,4319713,0.0,1.0
2012-03-02,5.61111,5.86111,5.59259,5.81944,14226901,0.0,1.0
2012-03-05,5.83333,5.84722,5.73148,5.75,9863653,0.0,1.0
2012-03-06,5.72685,5.77778,5.62037,5.65278,6442116,0.0,1.0
2012-03-07,5.62037,5.70833,5.60648,5.61574,5707185,0.0,1.0
2012-03-08,5.63426,5.7963,5.63426,5.75,9864319,0.0,1.0
2012-03-09,5.78241,6.12963,5.76389,6.02315,30595269,0.0,1.0
2012-03-12,5.97222,6.01852,5.87963,5.97222,12873931,0.0,1.0
2012-03-13,5.96759,6.06944,5.92593,6.06481,11418961,0.0,1.0
2012-03-14,6.02315,6.03241,5.625,5.69444,14884917,0.0,1.0
2012-03-15,5.68981,5.72222,5.50463,5.5463,6710954,0.0,1.0
2012-03-16,5.58796,5.64815,5.5,5.62037,5612136,0.0,1.0
2012-03-19,5.59259,5.66667,5.5463,5.65278,4826518,0.0,1.0
2012-03-20,5.625,5.64815,5.54167,5.55556,3785124,0.0,1.0
2012-03-21,5.55556,5.62037,5.51389,5.58796,2788057,0.0,1.0
2012-03-22,5.58333,5.61574,5.51852,5.56481,2950115,0.0,1.0
2012-03-23,5.56481,5.56481,5.39352,5.4213,4030292,0.0,1.0
2012-03-26,5.42593,5.44907,5.37037,5.41204,1876561,0.0,1.0
2012-03-27,5.44444,5.48611,5.37963,5.39352,1883021,0.0,1.0
2012-03-28,5.41204,5.41204,5.1713,5.17593,4541908,0.0,1.0
2012-03-29,5.17593,5.24074,5.13426,5.1713,2588652,0.0,1.0
2012-03-30,5.18518,5.24537,5.15741,5.21296,1911196,0.0,1.0
2012-04-05,5.23148,5.32407,5.22222,5.30556,3350322,0.0,1.0
2012-04-06,5.30556,5.34259,5.23611,5.26389,2872932,0.0,1.0
2012-04-09,5.26389,5.27315,5.1713,5.1713,1702272,0.0,1.0
2012-04-10,5.17593,5.3287,5.1713,5.30093,3942408,0.0,1.0
2012-04-11,5.23148,5.46296,5.22685,5.39352,5275092,0.0,1.0
2012-04-12,5.4537,5.50926,5.37037,5.49074,6195535,0.0,1.0
2012-04-13,5.53241,5.64815,5.47222,5.55556,6488180,0.0,1.0
2012-04-16,5.55556,5.55556,5.55556,5.55556,0,0.0,1.0
2012-04-17,5.69444,6.11111,5.64815,5.86111,41082206,0.0,1.0
2012-04-18,5.78704,5.87037,5.61574,5.80556,25783355,0.0,1.0
2012-04-19,5.74074,5.94907,5.74074,5.8287,15642682,0.0,1.0
2012-04-20,5.81481,6.0787,5.74074,5.94444,19629647,0.0,1.0
2012-04-23,5.93518,6.19907,5.90278,6,22356822,0.0,1.0
2012-04-24,5.92593,5.99074,5.69907,5.94907,14725317,0.0,1.0
2012-04-25,5.93056,6.24074,5.89352,6.23148,29007568,0.0,1.0
2012-04-26,6.25463,6.25463,6.05093,6.15278,17222821,0.0,1.0
2012-04-27,6.71296,6.71296,6.01852,6.11111,22764850,0.0,1.0
2012-05-02,6.11111,6.14352,5.93056,6.03704,15101595,0.0,1.0
2012-05-03,5.97222,6.02778,5.90741,5.98611,8774229,0.0,1.0
2012-05-04,5.96759,6.01852,5.91204,5.99074,5971785,0.0,1.0
2012-05-07,5.9537,5.99074,5.86111,5.90741,9052342,0.0,1.0
2012-05-08,5.93518,6.01852,5.92593,5.94444,8016566,0.0,1.0
2012-05-09,5.91667,5.9213,5.79167,5.79167,6890048,0.0,1.0
2012-05-10,5.78704,5.84722,5.77778,5.81018,3896930,0.0,1.0
2012-05-11,5.79167,5.85648,5.76389,5.82407,4296575,0.0,1.0
2012-05-14,5.87037,5.90278,5.7963,5.81018,4671143,0.0,1.0
2012-05-15,5.78241,5.78241,5.71296,5.75926,3129322,0.0,1.0
2012-05-16,5.73611,5.80093,5.73611,5.75926,2119831,0.0,1.0
2012-05-17,5.75463,5.88426,5.75463,5.875,4526961,0.0,1.0
2012-05-18,5.83333,5.83333,5.6713,5.68056,5274206,0.0,1.0
2012-05-21,5.68518,5.73611,5.64815,5.69444,1802691,0.0,1.0
2012-05-22,5.6713,5.75463,5.65278,5.74537,2668257,0.12754,1.0
2012-05-23,5.73611,5.7963,5.7037,5.76852,2684532,0.0,1.0
2012-05-24,5.75926,5.84722,5.72685,5.74537,3059336,0.0,1.0
2012-05-25,5.75463,5.7963,5.71759,5.76389,3038751,0.0,1.0
2012-05-28,5.76389,5.86574,5.65278,5.85185,4518591,0.0,1.0
2012-05-29,5.95833,6.06481,5.94444,6,12680801,0.0,1.0
2012-05-30,5.98611,6.08333,5.98148,6.04167,7958328,0.0,1.0
2012-05-31,6.02778,6.05093,5.9213,5.97222,5979012,0.0,1.0
2012-06-01,5.94907,6.00926,5.9213,5.92593,4010863,0.0,1.0
2012-06-04,5.85185,5.85185,5.62963,5.64352,7229814,0.0,1.0
2012-06-05,5.65278,5.7037,5.56018,5.59722,4285146,0.0,1.0
2012-06-06,5.61111,5.64815,5.49074,5.50926,4738708,0.0,1.0
2012-06-07,5.56944,5.61111,5.50926,5.52315,2203347,0.0,1.0
2012-06-08,5.58333,5.625,5.32407,5.39815,7012505,0.0,1.0
2012-06-11,5.39815,5.53241,5.36111,5.5,4648629,0.0,1.0
2012-06-12,5.5,5.53241,5.40741,5.48148,4582972,0.0,1.0
2012-06-13,5.51389,5.5787,5.46296,5.55556,3966443,0.0,1.0
2012-06-14,5.55556,5.56944,5.49074,5.49537,3680135,0.0,1.0
2012-06-15,5.49537,5.57407,5.44907,5.5463,3115172,0.0,1.0
2012-06-18,5.5787,5.66204,5.55556,5.64815,5134253,0.0,1.0
2012-06-19,5.61111,5.63426,5.56481,5.60185,3106067,0.0,1.0
2012-06-20,5.57407,5.71759,5.56944,5.65278,2361403,0.0,1.0
2012-06-21,5.61111,5.64815,5.48148,5.61111,4058642,0.0,1.0
2012-06-25,5.59722,5.60185,5.41667,5.48148,2210993,0.0,1.0
2012-06-26,5.41667,5.51852,5.40741,5.47685,1995261,0.0,1.0
2012-06-27,5.48148,5.51852,5.46296,5.50926,1634319,0.0,1.0
2012-06-28,5.82407,6.02315,5.54167,5.55556,13343048,0.0,1.0
2012-06-29,5.48611,5.68518,5.31481,5.68056,9188273,0.0,1.0
2012-07-02,5.66204,5.67593,5.56018,5.64352,4525457,0.0,1.0
2012-07-03,5.62963,5.73611,5.60185,5.64815,4571055,0.0,1.0
2012-07-04,5.6713,5.69444,5.51389,5.55556,3046445,0.0,1.0
2012-07-05,5.54167,5.55556,5.43981,5.44444,2645436,0.0,1.0
2012-07-06,5.49537,5.57407,5.43056,5.55093,4318391,0.0,1.0
2012-07-09,5.50926,5.53241,5.39815,5.39815,3301178,0.0,1.0
2012-07-10,5.39815,5.41667,5.27778,5.36111,3181509,0.0,1.0
2012-07-11,5.36111,5.38426,5.30556,5.35648,1798889,0.0,1.0
2012-07-12,5.37037,5.48611,5.33796,5.46296,2550880,0.0,1.0
2012-07-13,5.44907,5.49074,5.40741,5.41667,1790597,0.0,1.0
2012-07-16,5.43056,5.45833,5.18518,5.20833,3487975,0.0,1.0
2012-07-17,5.20833,5.33796,5.19907,5.30093,1655232,0.0,1.0
2012-07-18,5.29167,5.37037,5.20833,5.33333,2238253,0.0,1.0
2012-07-19,5.41667,5.625,5.35648,5.5,6734301,0.0,1.0
2012-07-20,5.53241,5.60185,5.46296,5.56481,5120291,0.0,1.0
2012-07-23,5.50926,5.51852,5.39815,5.50926,2700007,0.0,1.0
2012-07-24,5.46759,5.54167,5.43056,5.49074,1370654,0.0,1.0
2012-07-25,5.47222,5.49537,5.37037,5.37963,2154976,0.0,1.0
2012-07-26,5.32407,5.4537,5.22222,5.37963,5007414,0.0,1.0
2012-07-27,5.37963,5.41667,5.27315,5.36574,2394215,0.0,1.0
2012-07-30,5.38426,5.40278,5.23148,5.23148,2408605,0.0,1.0
2012-07-31,5.26389,5.26389,5.18518,5.19444,2043276,0.0,1.0
2012-08-01,5.18981,5.27778,5.18518,5.23148,1432026,0.0,1.0
2012-08-02,5.23148,5.25463,5.10648,5.11111,2255509,0.0,1.0
2012-08-03,5.13889,5.18056,5.11574,5.1713,1612980,0.0,1.0
2012-08-06,5.17593,5.26852,5.16667,5.25926,1892391,0.0,1.0
2012-08-07,5.25926,5.44444,5.25926,5.39352,5983319,0.0,1.0
2012-08-08,5.375,5.39352,5.27315,5.31018,3114161,0.0,1.0
2012-08-09,5.30093,5.36574,5.28704,5.33796,2313034,0.0,1.0
2012-08-10,5.34722,5.36111,5.26852,5.27778,3050019,0.0,1.0
2012-08-13,5.2963,5.2963,5.18981,5.18981,2977392,0.0,1.0
2012-08-14,5.19444,5.23611,5.16204,5.22685,1626104,0.0,1.0
2012-08-15,5.22222,5.23611,5.15278,5.16204,1518186,0.0,1.0
2012-08-16,5.16204,5.18056,5.12963,5.14352,1168560,0.0,1.0
2012-08-17,5.16667,5.19907,5.10648,5.14815,1026821,0.0,1.0
2012-08-20,5.13889,5.18056,5.10185,5.14352,1202558,0.0,1.0
2012-08-21,5.16204,5.19907,5.14815,5.17593,1650538,0.0,1.0
2012-08-22,5.17593,5.17593,5.10648,5.12963,1726255,0.0,1.0
2012-08-23,5.16204,5.18518,5.12963,5.16667,1295287,0.0,1.0
2012-08-24,5.16667,5.17593,5.125,5.12963,1066802,0.0,1.0
2012-08-27,5.11574,5.11574,5,5.01852,2125604,0.0,1.0
2012-08-28,5.03241,5.06481,5,5.04167,1099617,0.0,1.0
2012-08-29,5.02778,5.0463,4.93981,4.95833,1281859,0.0,1.0
2012-08-30,4.9537,5.03704,4.94444,4.97685,2374166,0.0,1.0
2012-08-31,4.96296,5.01389,4.9537,4.97222,1043589,0.0,1.0
2012-09-03,4.97222,5.09722,4.97222,5.09722,3402350,0.0,1.0
2012-09-04,5.09259,5.09259,4.98611,5.00463,1726477,0.0,1.0
2012-09-05,5.02315,5.06018,4.98148,5.02315,870117,0.0,1.0
2012-09-06,5.01389,5.0787,5.01389,5.05093,1158892,0.0,1.0
2012-09-07,5.06944,5.25463,5.03241,5.16667,5975154,0.0,1.0
2012-09-10,5.18056,5.18518,5.13426,5.15278,4202302,0.0,1.0
2012-09-11,5.15741,5.15741,5.01852,5.06944,4083733,0.0,1.0
2012-09-12,5.10185,5.14815,5.07407,5.125,3245083,0.0,1.0
2012-09-13,5.125,5.16667,5.07407,5.08333,3161279,0.0,1.0
2012-09-14,5.11574,5.125,5.03704,5.07407,1990602,0.0,1.0
2012-09-17,5.0463,5.0787,4.89815,4.89815,4508322,0.0,1.0
2012-09-18,4.90741,4.93056,4.84259,4.86111,2465770,0.0,1.0
2012-09-19,4.86574,4.88426,4.84722,4.87037,1979113,0.0,1.0
2012-09-20,4.87037,4.90278,4.70833,4.71296,2852820,0.0,1.0
2012-09-21,4.71296,4.78704,4.71296,4.77315,2634131,0.0,1.0
2012-09-24,4.72685,4.79167,4.67593,4.77315,1838817,0.0,1.0
2012-09-25,4.76852,4.76852,4.72685,4.72685,1235747,0.0,1.0
2012-09-26,4.76852,4.76852,4.63889,4.65278,1277975,0.0,1.0
2012-09-27,4.67593,4.76389,4.62963,4.71759,2863579,0.0,1.0
2012-09-28,4.69907,4.77315,4.67593,4.76389,2696103,0.0,1.0
2012-10-08,4.77315,4.78704,4.72685,4.73611,1383201,0.0,1.0
2012-10-09,4.75,4.83796,4.75,4.83333,2083782,0.0,1.0
2012-10-10,4.7963,4.88426,4.7963,4.86574,2002882,0.0,1.0
2012-10-11,4.89815,4.93056,4.81481,4.8287,2090342,0.0,1.0
2012-10-12,4.7963,4.87963,4.77778,4.80556,1662038,0.0,1.0
2012-10-15,4.81481,4.89815,4.75,4.88889,3559974,0.0,1.0
2012-10-16,4.87037,4.92593,4.85648,4.88426,2398179,0.0,1.0
2012-10-17,4.86111,4.90278,4.82407,4.85648,1034303,0.0,1.0
2012-10-18,4.85648,4.93981,4.85648,4.9213,2575580,0.0,1.0
2012-10-19,4.9213,5.07407,4.91667,4.92593,4919379,0.0,1.0
2012-10-22,4.85185,4.93518,4.84259,4.91667,2071168,0.0,1.0
2012-10-23,4.92593,5.00926,4.88889,4.90741,3118042,0.0,1.0
2012-10-24,4.875,4.91667,4.87037,4.87963,1303052,0.0,1.0
2012-10-25,4.92593,4.92593,4.85648,4.86111,1340135,0.0,1.0
2012-10-26,4.88889,4.88889,4.67593,4.69907,3137026,0.0,1.0
2012-10-29,4.69907,4.74074,4.67593,4.69907,1442249,0.0,1.0
2012-10-30,4.69907,4.76389,4.65278,4.68981,1554334,0.0,1.0
2012-10-31,4.69907,4.71296,4.6713,4.7037,946670,0.0,1.0
2012-11-01,4.69907,4.86111,4.69907,4.84259,4617869,0.0,1.0
2012-11-02,4.84259,4.96759,4.81481,4.94444,4833843,0.0,1.0
2012-11-05,4.9213,4.94907,4.83796,4.875,2480652,0.0,1.0
2012-11-06,4.86111,4.875,4.76389,4.81944,1837100,0.0,1.0
2012-11-07,4.84722,4.85648,4.81018,4.81481,1120915,0.0,1.0
2012-11-08,4.78241,4.81018,4.72222,4.72222,1602072,0.0,1.0
2012-11-09,4.71759,4.76389,4.7037,4.72685,1086480,0.0,1.0
2012-11-12,4.74537,4.83333,4.69907,4.81944,3241849,0.0,1.0
2012-11-13,4.78241,4.80093,4.67593,4.67593,2760316,0.0,1.0
2012-11-14,4.7037,4.7037,4.63426,4.65278,1626480,0.0,1.0
2012-11-15,4.64352,4.68518,4.62037,4.62037,1660604,0.0,1.0
2012-11-16,4.61574,4.65278,4.56019,4.62963,1236706,0.0,1.0
2012-11-19,4.625,4.85185,4.62037,4.66667,1477734,0.0,1.0
2012-11-20,4.68518,4.69444,4.65741,4.66204,853159,0.0,1.0
2012-11-21,4.66204,4.71296,4.625,4.70833,2705022,0.0,1.0
2012-11-22,4.70833,4.70833,4.62963,4.62963,1386336,0.0,1.0
2012-11-23,4.63889,4.68518,4.63889,4.65741,739003,0.0,1.0
2012-11-26,4.7037,4.82407,4.7037,4.70833,4378497,0.0,1.0
2012-11-27,4.65278,4.76389,4.61111,4.62963,3849837,0.0,1.0
2012-11-28,4.62037,4.64352,4.44444,4.47222,4272614,0.0,1.0
2012-11-29,4.44907,4.5,4.42593,4.42593,1735076,0.0,1.0
2012-11-30,4.48611,4.53704,4.43056,4.49074,2797565,0.0,1.0
2012-12-03,4.49074,4.53704,4.4537,4.45833,2118440,0.0,1.0
2012-12-04,4.46759,4.46759,4.33333,4.44444,2798215,0.0,1.0
2012-12-05,4.43981,4.625,4.41667,4.5787,5120777,0.0,1.0
2012-12-06,4.58333,4.59259,4.51389,4.55556,2192553,0.0,1.0
2012-12-07,4.56019,4.63889,4.54167,4.625,3631237,0.0,1.0
2012-12-10,4.66204,4.68518,4.60648,4.66667,4165549,0.0,1.0
2012-12-11,4.64352,4.70833,4.64352,4.67593,3909831,0.0,1.0
2012-12-12,4.66667,4.6713,4.58333,4.625,2866964,0.0,1.0
2012-12-13,4.61111,4.65741,4.58333,4.60185,1897538,0.0,1.0
2012-12-14,4.59722,4.79167,4.58333,4.78241,8588998,0.0,1.0
2012-12-17,4.75463,4.83796,4.75,4.81481,5903222,0.0,1.0
2012-12-18,4.79167,4.875,4.75463,4.80093,4174449,0.0,1.0
2012-12-19,4.79167,4.80556,4.76389,4.7963,2953111,0.0,1.0
2012-12-20,4.80093,4.81944,4.74074,4.7963,3451077,0.0,1.0
2012-12-21,4.80093,4.91204,4.76389,4.83796,6867975,0.0,1.0
2012-12-24,4.80556,4.94907,4.76389,4.90278,7284730,0.0,1.0
2012-12-25,4.87037,5.03704,4.82407,4.99074,13199538,0.0,1.0
2012-12-26,5,5.49074,5,5.49074,36258139,0.0,1.0
2012-12-27,5.64815,5.7037,5.30093,5.32407,35936382,0.0,1.0
2012-12-28,5.27778,5.63889,5.27778,5.5787,30702168,0.0,1.0
2012-12-31,5.55556,5.69444,5.42593,5.50926,21751264,0.0,1.0
2013-01-04,5.54167,5.64815,5.47685,5.50463,13818065,0.0,1.0
2013-01-07,5.48148,5.48611,5.36574,5.45833,10188154,0.0,1.0
2013-01-08,5.48148,5.57407,5.4213,5.50463,10612919,0.0,1.0
2013-01-09,5.53241,5.66204,5.42593,5.49074,12511842,0.0,1.0
2013-01-10,5.49074,5.625,5.4537,5.53241,10433520,0.0,1.0
2013-01-11,5.51389,5.52778,5.31018,5.31481,8281903,0.0,1.0
2013-01-14,5.30556,5.5,5.28704,5.49537,9454716,0.0,1.0
2013-01-15,5.47685,5.53241,5.45833,5.5,7705878,0.0,1.0
2013-01-16,5.47222,5.50926,5.36111,5.37963,7878870,0.0,1.0
2013-01-17,5.36111,5.44907,5.32407,5.37963,5465934,0.0,1.0
2013-01-18,5.39352,5.56018,5.37037,5.53704,10200486,0.0,1.0
2013-01-21,5.58796,5.63889,5.49537,5.50926,13824858,0.0,1.0
2013-01-22,5.48611,5.98148,5.40741,5.69907,23837856,0.0,1.0
2013-01-23,5.68981,5.81018,5.55556,5.72222,17789787,0.0,1.0
2013-01-24,5.68518,5.73611,5.46296,5.50463,11126072,0.0,1.0
2013-01-25,5.50926,5.55556,5.39352,5.40278,5482871,0.0,1.0
2013-01-28,5.48148,5.61111,5.4537,5.60648,8050683,0.0,1.0
2013-01-29,5.62037,5.66667,5.56944,5.61574,6552736,0.0,1.0
2013-01-30,5.62037,5.68056,5.60185,5.6713,7287251,0.0,1.0
2013-01-31,5.66667,5.73148,5.50926,5.5463,7387431,0.0,1.0
2013-02-01,5.5463,5.60185,5.48148,5.5463,4282960,0.0,1.0
2013-02-04,5.57407,5.625,5.48611,5.56481,5072246,0.0,1.0
2013-02-05,5.51389,5.65741,5.49537,5.63889,7933019,0.0,1.0
2013-02-06,5.64815,5.73611,5.60648,5.64352,5919971,0.0,1.0
2013-02-07,5.69444,5.77778,5.60648,5.71759,7596193,0.0,1.0
2013-02-08,5.68518,5.80556,5.67593,5.75463,7882102,0.0,1.0
2013-02-18,5.79167,5.7963,5.7037,5.78241,5818483,0.0,1.0
2013-02-19,5.77315,5.77315,5.5,5.52315,8805402,0.0,1.0
2013-02-20,5.53704,5.53704,5.46296,5.52778,4063582,0.0,1.0
2013-02-21,5.50463,5.53241,5.32407,5.40741,7522049,0.0,1.0
2013-02-22,5.41204,5.6713,5.37037,5.47685,7008777,0.0,1.0
2013-02-25,5.46296,5.58796,5.45833,5.51389,4424430,0.0,1.0
2013-02-26,5.46296,5.52315,5.35185,5.37037,5351389,0.0,1.0
2013-02-27,5.39815,5.63889,5.38426,5.625,11603767,0.0,1.0
2013-02-28,5.59259,5.84259,5.5463,5.81018,21646221,0.0,1.0
2013-03-01,5.80093,5.80093,5.64815,5.75,9278263,0.0,1.0
2013-03-04,5.58796,5.58796,5.27778,5.31944,13843674,0.0,1.0
2013-03-05,5.23148,5.39352,5.23148,5.34722,4819690,0.0,1.0
2013-03-06,5.34722,5.55093,5.31481,5.4537,7130424,0.0,1.0
2013-03-07,5.43518,5.55093,5.40741,5.46759,5323679,0.0,1.0
2013-03-08,5.46759,5.5,5.3287,5.33796,7100994,0.0,1.0
2013-03-11,5.375,5.43056,5.33796,5.36574,3012714,0.0,1.0
2013-03-12,5.34722,5.40278,5.25,5.29167,4098885,0.0,1.0
2013-03-13,5.31481,5.32407,5.14815,5.18981,3073077,0.0,1.0
2013-03-14,5.16667,5.23148,5.16204,5.18056,1717500,0.0,1.0
2013-03-15,5.20833,5.23148,5.10185,5.13889,3193510,0.0,1.0
2013-03-18,5.13426,5.18518,5.09259,5.09722,2349888,0.0,1.0
2013-03-19,5.125,5.13889,5.06018,5.13426,2285697,0.0,1.0
2013-03-20,5.13426,5.24074,5.13426,5.23611,3454654,0.0,1.0
2013-03-21,5.23148,5.25463,5.18518,5.21759,2623365,0.0,1.0
2013-03-22,5.23148,5.2963,5.2037,5.24074,2890789,0.0,1.0
2013-03-25,5.23611,5.27778,5.18518,5.21759,2747401,0.0,1.0
2013-03-26,5.20833,5.27315,5.14352,5.17593,2655167,0.0,1.0
2013-03-27,5.1713,5.37037,5.16204,5.32407,6523911,0.0,1.0
2013-03-28,5.27778,5.27778,5.08333,5.10185,4932980,0.0,1.0
2013-03-29,5.14352,5.34259,5.06018,5.19444,5386139,0.0,1.0
2013-04-01,5.11574,5.22222,5.11574,5.15278,2610492,0.0,1.0
2013-04-02,5.15278,5.30093,5.13426,5.22685,4421583,0.0,1.0
2013-04-03,5.23148,5.27315,5.13889,5.15278,2714237,0.0,1.0
2013-04-08,5.09259,5.09259,4.98611,5.02778,3287341,0.0,1.0
2013-04-09,5.05556,5.08796,5.02778,5.0463,2877546,0.0,1.0
2013-04-10,5.05093,5.0787,5,5.03704,2145090,0.0,1.0
2013-04-11,5.0463,5.06944,5.01389,5.01389,1316293,0.0,1.0
2013-04-12,5.02778,5.08796,4.99537,5,1917706,0.0,1.0
2013-04-15,5.00926,5.11574,5.00463,5.06481,3754432,0.0,1.0
2013-04-16,5.02315,5.11574,4.96759,5.10648,3827926,0.0,1.0
2013-04-17,5.12963,5.46296,5.10648,5.30093,12378470,0.0,1.0
2013-04-18,5.22222,5.3287,5.22222,5.27315,5862495,0.0,1.0
2013-04-19,5.25,5.61574,5.25,5.40741,13795296,0.0,1.0
2013-04-22,5.37037,5.44444,5.32407,5.43981,7895649,0.0,1.0
2013-04-23,5.43518,5.43518,5.21296,5.23148,7647556,0.0,1.0
2013-04-24,5.23611,5.30093,5.22222,5.28704,4108361,0.0,1.0
2013-04-25,5.31018,5.3287,5.23148,5.24074,4687799,0.0,1.0
2013-04-26,5.27778,5.27778,5.13889,5.15278,2828807,0.0,1.0
2013-05-02,5.14815,5.22222,5.09259,5.18518,2552446,0.0,1.0
2013-05-03,5.18981,5.31018,5.18981,5.27778,3071008,0.0,1.0
2013-05-06,5.27315,5.36111,5.27315,5.34722,4333103,0.0,1.0
2013-05-07,5.34259,5.36111,5.28241,5.30093,2434892,0.0,1.0
2013-05-08,5.31481,5.38426,5.24537,5.26852,3691384,0.0,1.0
2013-05-09,5.25926,5.2963,5.17593,5.21759,3609680,0.0,1.0
2013-05-10,5.20833,5.30093,5.18518,5.29167,4316985,0.0,1.0
2013-05-13,5.27778,5.31944,5.23611,5.30093,3513750,0.0,1.0
2013-05-14,5.31944,5.43981,5.31481,5.36574,9922373,0.0,1.0
2013-05-15,5.30093,5.41667,5.27778,5.41667,5220791,0.0,1.0
2013-05-16,5.40741,5.55556,5.37963,5.54167,10422629,0.0,1.0
2013-05-17,5.52778,5.62963,5.48148,5.54167,9006017,0.0,1.0
2013-05-20,5.53704,5.59259,5.50926,5.51389,8847375,0.0,1.0
2013-05-21,5.54167,5.54167,5.44907,5.46759,8012602,0.0,1.0
2013-05-22,5.46296,5.62037,5.46296,5.53241,9938804,0.0,1.0
2013-05-23,5.50926,5.53704,5.44444,5.44907,5728525,0.0,1.0
2013-05-24,5.4213,5.46296,5.38889,5.46296,3111415,0.14149,1.0
2013-05-27,5.48611,5.5,5.43518,5.48611,4021490,0.0,1.0
2013-05-28,5.47222,5.58796,5.47222,5.58333,6952464,0.0,1.0
2013-05-29,5.59259,5.60185,5.51389,5.53704,6119101,0.0,1.0
2013-05-30,5.52315,5.53241,5.47222,5.51389,4119505,0.0,1.0
2013-05-31,5.52778,5.54167,5.4537,5.46296,3718177,0.0,1.0
2013-06-03,5.48611,5.53704,5.4537,5.5,4713159,0.0,1.0
2013-06-04,5.49537,5.49537,5.35648,5.37037,4191858,0.0,1.0
2013-06-05,5.375,5.54167,5.33796,5.53704,4696603,0.0,1.0
2013-06-06,5.46296,5.51852,5.40741,5.42593,3172869,0.0,1.0
2013-06-07,5.46296,5.48148,5.35648,5.39815,3787126,0.0,1.0
2013-06-13,5.28241,5.30093,5.10648,5.15278,5529803,0.0,1.0
2013-06-14,5.14352,5.18981,5.14352,5.1713,2324255,0.0,1.0
2013-06-17,5.17593,5.20833,5.03704,5.12037,2526930,0.0,1.0
2013-06-18,5.10648,5.16204,5.06944,5.11111,1384515,0.0,1.0
2013-06-19,5.11111,5.11111,4.96296,5.01852,1925804,0.0,1.0
2013-06-20,5.03241,5.05093,4.94907,4.9537,2347795,0.0,1.0
2013-06-21,4.88426,4.96296,4.83333,4.94444,2242871,0.0,1.0
2013-06-24,4.9537,5.07407,4.83333,4.90278,6524213,0.0,1.0
2013-06-25,4.81944,4.87037,4.46759,4.75463,5401333,0.0,1.0
2013-06-26,4.74537,4.86574,4.73611,4.80093,3615801,0.0,1.0
2013-06-27,4.81018,4.875,4.74537,4.77778,3513689,0.0,1.0
2013-06-28,4.77778,5.02315,4.74074,4.875,5440729,0.0,1.0
2013-07-01,4.93056,5.10185,4.88426,5.09259,7322288,0.0,1.0
2013-07-02,5.03704,5.26852,5.00926,5.18518,7770250,0.0,1.0
2013-07-03,5.15741,5.15741,4.97685,5.0463,4848684,0.0,1.0
2013-07-04,5.18518,5.22222,5.06481,5.11111,8957196,0.0,1.0
2013-07-05,5.11111,5.18056,5,5,4744715,0.0,1.0
2013-07-08,4.9537,4.9537,4.73611,4.74074,4590862,0.0,1.0
2013-07-09,4.74537,4.78241,4.71296,4.77778,2239255,0.0,1.0
2013-07-10,4.76852,4.88426,4.76852,4.875,2409173,0.0,1.0
2013-07-11,4.87963,5.06944,4.875,5.01852,4168835,0.0,1.0
2013-07-12,5,5.01852,4.89815,4.90741,2976050,0.0,1.0
2013-07-15,4.93056,5.00463,4.91204,4.98148,2021842,0.0,1.0
2013-07-16,4.99074,5,4.90741,4.98148,2287282,0.0,1.0
2013-07-17,4.98611,5.125,4.95833,5.01852,5576213,0.0,1.0
2013-07-18,5.04167,5.04167,4.89815,4.90278,2807825,0.0,1.0
2013-07-19,4.89352,4.93518,4.77315,4.78241,3325108,0.0,1.0
2013-07-22,4.77778,4.88889,4.75,4.84259,2046859,0.0,1.0
2013-07-23,4.84722,4.94907,4.82407,4.93981,3012718,0.0,1.0
2013-07-24,4.9213,4.93981,4.83796,4.87963,2580945,0.0,1.0
2013-07-25,4.87963,4.91204,4.84259,4.86111,1687066,0.0,1.0
2013-07-26,4.87037,4.89352,4.84259,4.86574,1281342,0.0,1.0
2013-07-29,4.86574,4.86574,4.75926,4.77315,2487754,0.0,1.0
2013-07-30,4.77778,4.8287,4.74537,4.78704,1744410,0.0,1.0
2013-07-31,4.82407,4.93981,4.81944,4.83333,2689243,0.0,1.0
2013-08-01,4.83333,4.90741,4.7963,4.90741,2661319,0.0,1.0
2013-08-02,4.93981,4.99074,4.89815,4.90741,3718801,0.0,1.0
2013-08-05,4.89815,4.93981,4.86574,4.93518,2320047,0.0,1.0
2013-08-06,4.93518,4.97685,4.89352,4.9537,2900327,0.0,1.0
2013-08-07,4.9537,5.01852,4.93518,4.9537,3355625,0.0,1.0
2013-08-08,4.95833,5.01852,4.95833,4.97685,2276485,0.0,1.0
2013-08-09,5.00926,5.00926,4.93056,4.97222,2065602,0.0,1.0
2013-08-12,4.97685,5.09722,4.96759,5.0787,5925625,0.0,1.0
2013-08-13,5.11574,5.11574,5.06481,5.0787,3099782,0.0,1.0
2013-08-14,5.0787,5.53241,5.07407,5.33796,13339424,0.0,1.0
2013-08-15,5.28241,5.4537,5.21759,5.24074,13009369,0.0,1.0
2013-08-16,5.20833,5.76389,5.15278,5.26389,12536381,0.0,1.0
2013-08-19,5.2037,5.53704,5.19907,5.46759,11461732,0.0,1.0
2013-08-20,5.42593,5.53241,5.36574,5.39815,6479810,0.0,1.0
2013-08-21,5.37037,5.43981,5.30556,5.36574,4869455,0.0,1.0
2013-08-22,5.38426,5.4537,5.33333,5.35185,5345385,0.0,1.0
2013-08-23,5.50926,5.77315,5.40741,5.55093,23019801,0.0,1.0
2013-08-26,5.5463,6.10648,5.46296,6.10648,48844674,0.0,1.0
2013-08-27,6.18518,6.71759,6.18518,6.71759,75296987,0.0,1.0
2013-08-28,6.75926,7.38889,6.57407,7.38889,76857991,0.0,1.0
2013-08-29,7.5463,8.12963,7.37037,8.12963,95416423,0.0,1.0
2013-08-30,8.52315,8.94444,8.37037,8.94444,78038205,0.0,1.0
2013-09-02,9.46296,9.83796,8.10648,8.34259,128468187,0.0,1.0
2013-09-03,8.59722,8.87037,8.28704,8.59259,92324106,0.0,1.0
2013-09-04,8.47222,9.16667,8.33333,8.69444,101607897,0.0,1.0
2013-09-05,8.35648,8.49074,8.12037,8.3287,68244308,0.0,1.0
2013-09-06,8.26852,9.16204,8.26852,9.16204,114828019,0.0,1.0
2013-09-09,9.16204,9.16204,8.62037,8.79167,85873460,0.0,1.0
2013-09-10,8.65741,9.6713,8.52315,9.375,108554120,0.0,1.0
2013-09-11,9.3287,9.3287,8.71759,9.13889,76864175,0.0,1.0
2013-09-12,9.0463,9.22222,8.83333,8.99537,47259499,0.0,1.0
2013-09-13,9.01389,9.15741,8.55093,8.6713,44180164,0.0,1.0
2013-09-16,8.64352,9.53704,8.56944,9.125,101706786,0.0,1.0
2013-09-17,8.91204,8.98148,8.57407,8.64815,53381540,0.0,1.0
2013-09-18,8.52778,9.51389,8.43981,9.51389,101143985,0.0,1.0
2013-09-23,9.93056,10.4676,9.90741,10.4676,56192242,0.0,1.0
2013-09-24,11.5139,11.5139,11.3935,11.5139,58379359,0.0,1.0
2013-09-25,12.6667,12.6667,12.1204,12.6667,66402211,0.0,1.0
2013-09-26,12.5926,13.5139,12.037,12.4583,161601165,0.0,1.0
2013-09-27,12.3611,12.7732,11.213,11.213,132926766,0.0,1.0
2013-09-30,10.9722,11.3241,10.6898,11.0833,92495969,0.0,1.0
2013-10-08,10.9722,11.2268,10.4722,11.2037,76874664,0.0,1.0
2013-10-09,10.9954,11.4398,10.8565,11.2222,78150758,0.0,1.0
2013-10-10,11.1111,11.3518,10.4815,10.6852,68151247,0.0,1.0
2013-10-11,10.9074,11.7546,10.7685,11.7546,72088819,0.0,1.0
2013-10-14,12.8241,12.9306,11.9259,12.1157,134064725,0.0,1.0
2013-10-15,11.6204,11.9444,11.4722,11.7222,72751393,0.0,1.0
2013-10-16,11.4722,11.5046,10.5509,10.5509,60808577,0.0,1.0
2013-10-17,10.5648,10.7732,9.72222,9.89815,58090513,0.0,1.0
2013-10-18,9.94444,10.088,9.5463,10.0509,31853158,0.0,1.0
2013-10-21,10.0463,10.4583,9.93518,10.3102,39951908,0.0,1.0
2013-10-22,10.1852,10.2222,9.62963,10.0185,42244478,0.0,1.0
2013-10-23,10.037,10.4398,9.72222,10.1435,44159061,0.0,1.0
2013-10-24,10.25,10.5556,9.93056,9.93518,39823224,0.0,1.0
2013-10-25,9.72222,9.72222,8.93981,9.00463,62384250,0.0,1.0
2013-10-28,9.00463,9.26852,8.83333,9.13426,38321678,0.0,1.0
2013-10-29,9.10648,9.10648,8.35648,8.95833,49090119,0.0,1.0
2013-10-30,8.80556,8.91204,8.72222,8.85648,28014590,0.0,1.0
2013-10-31,9.02778,9.43981,8.79167,8.80556,49855543,0.0,1.0
2013-11-01,8.53704,9.16667,8.37037,8.88426,37042718,0.0,1.0
2013-11-04,8.75926,8.87963,8.60185,8.71759,20048557,0.0,1.0
2013-11-05,8.65741,8.98611,8.58796,8.97685,29539066,0.0,1.0
2013-11-06,8.93981,9.13426,8.55093,8.59722,34049135,0.0,1.0
2013-11-07,8.42593,8.79167,8.34259,8.52778,24390807,0.0,1.0
2013-11-08,8.55093,9.2037,8.42593,8.89352,53133304,0.0,1.0
2013-11-11,8.69907,8.75926,8.09259,8.11111,37558501,0.0,1.0
2013-11-12,8.125,8.41667,8.02778,8.31481,23239095,0.0,1.0
2013-11-13,8.15278,8.38889,8.09722,8.10648,19211602,0.0,1.0
2013-11-14,8.00463,8.18518,7.80093,8.18056,29329889,0.0,1.0
2013-11-15,8.15741,8.60185,8.13889,8.34259,42230136,0.0,1.0
2013-11-18,8.37963,8.58796,8.2037,8.5787,34697485,0.0,1.0
2013-11-19,8.54167,9.12037,8.48611,8.91204,55827014,0.0,1.0
2013-11-20,8.86574,8.86574,8.64815,8.81944,25359323,0.0,1.0
2013-11-21,8.83796,9.00463,8.75,8.88426,28585076,0.0,1.0
2013-11-22,8.89352,8.91667,8.54167,8.59722,23296204,0.0,1.0
2013-11-25,8.46759,8.63426,8.29167,8.4537,18360774,0.0,1.0
2013-11-26,8.40741,8.51852,8.33333,8.37963,13760363,0.0,1.0
2013-11-27,8.37963,8.61111,8.36574,8.47222,15729715,0.0,1.0
2013-11-28,8.56018,8.58796,8.44907,8.49537,14974190,0.0,1.0
2013-11-29,8.52778,8.63426,8.4537,8.60185,17497610,0.0,1.0
2013-12-02,8.38426,8.41667,7.81481,7.89352,28312860,0.0,1.0
2013-12-03,7.97222,8.125,7.92593,8.0787,14519816,0.0,1.0
2013-12-04,8.08796,8.88889,8.03241,8.88889,42368218,0.0,1.0
2013-12-05,8.88889,9.07407,8.75463,8.91204,56497975,0.0,1.0
2013-12-06,8.83333,8.83333,8.56944,8.68056,20087169,0.0,1.0
2013-12-09,8.74074,8.86111,8.59259,8.81481,15853869,0.0,1.0
2013-12-10,8.7963,9.25,8.76852,9.02778,31261930,0.0,1.0
2013-12-11,9.01852,9.01852,8.66204,8.81481,17609079,0.0,1.0
2013-12-12,8.75463,8.88889,8.7037,8.71759,13884589,0.0,1.0
2013-12-13,8.63426,8.81481,8.625,8.75926,14332370,0.0,1.0
2013-12-16,8.7963,8.84259,8.39352,8.47685,15688061,0.0,1.0
2013-12-17,8.4537,8.65278,8.4213,8.48611,7465386,0.0,1.0
2013-12-18,8.43981,8.55093,8.1713,8.23148,10668690,0.0,1.0
2013-12-19,8.31018,8.33333,8.01852,8.05556,9101741,0.0,1.0
2013-12-20,8.06018,8.19444,7.96759,8.01389,8129651,0.0,1.0
2013-12-23,8.01852,8.09259,7.74537,7.81944,8409980,0.0,1.0
2013-12-24,7.86574,7.91204,7.22222,7.71759,8804990,0.0,1.0
2013-12-25,7.75463,7.84259,7.58333,7.83796,6976602,0.0,1.0
2013-12-26,7.82407,8.00926,7.66667,7.72222,11634644,0.0,1.0
2013-12-27,7.66667,7.87037,7.61574,7.80556,7558700,0.0,1.0
2013-12-30,7.81944,7.89352,7.78241,7.81018,6210130,0.0,1.0
2013-12-31,7.80093,7.89815,7.65741,7.86574,6398240,0.0,1.0
2014-01-02,7.87037,7.99537,7.83796,7.9537,8018784,0.0,1.0
2014-01-03,7.91667,7.91667,7.67593,7.76389,9683101,0.0,1.0
2014-01-06,7.72685,7.72685,7.22685,7.25926,12407460,0.0,1.0
2014-01-07,7.24537,7.80093,7.2037,7.55093,19062573,0.0,1.0
2014-01-08,7.46296,7.62037,7.31481,7.40278,9851464,0.0,1.0
2014-01-09,7.35185,8.05556,7.35185,7.61111,15687761,0.0,1.0
2014-01-10,7.52315,7.71296,7.45833,7.61111,8929464,0.0,1.0
2014-01-13,7.66204,7.83333,7.52315,7.66204,9239634,0.0,1.0
2014-01-14,7.72685,7.81018,7.56481,7.78704,10007972,0.0,1.0
2014-01-15,7.75926,7.80093,7.60648,7.7037,7659585,0.0,1.0
2014-01-16,7.73148,7.80556,7.61574,7.69907,10754226,0.0,1.0
2014-01-17,7.62963,7.62963,7.38889,7.40741,10193377,0.0,1.0
2014-01-20,7.37037,7.47685,7.36111,7.38426,4347763,0.0,1.0
2014-01-21,7.36111,7.51852,7.36111,7.48148,7492094,0.0,1.0
2014-01-22,7.51389,7.90741,7.51389,7.86574,20483244,0.0,1.0
2014-01-23,7.85648,7.85648,7.71759,7.76389,12605238,0.0,1.0
2014-01-24,7.70833,8.09259,7.68981,7.87963,17031318,0.0,1.0
2014-01-27,7.81481,8.01852,7.77778,7.93056,12677721,0.0,1.0
2014-01-28,7.9213,8.39352,7.90278,8.24537,26108671,0.0,1.0
2014-01-29,8.16204,8.25,8.08796,8.19444,13021200,0.0,1.0
2014-01-30,8.24537,8.37963,8.125,8.20833,13263865,0.0,1.0
2014-02-07,8.10185,8.10185,7.87037,8.05093,12263003,0.0,1.0
2014-02-10,8.10185,8.3287,8.06018,8.27315,14622969,0.0,1.0
2014-02-11,8.33333,8.44907,8.18981,8.41204,21584570,0.0,1.0
2014-02-12,8.43518,8.43518,8.25,8.36111,14388698,0.0,1.0
2014-02-13,8.33333,8.69907,8.26389,8.48611,24008995,0.0,1.0
2014-02-14,8.40278,8.65278,8.40278,8.59722,16278255,0.0,1.0
2014-02-17,8.625,8.68981,8.43518,8.5463,15743567,0.0,1.0
2014-02-18,8.52778,8.53241,8.28704,8.31481,17299175,0.0,1.0
2014-02-19,8.37037,8.46296,8.30093,8.37037,12487388,0.0,1.0
2014-02-20,8.37037,8.56018,8.1713,8.35648,17926415,0.0,1.0
2014-02-21,8.31018,8.31481,8.03241,8.09259,10897308,0.0,1.0
2014-02-24,8.04167,8.04167,7.43518,7.61574,18119346,0.0,1.0
2014-02-25,7.625,7.65278,7.30093,7.35185,13345165,0.0,1.0
2014-02-26,7.25926,7.38426,7.13889,7.36574,7954738,0.0,1.0
2014-02-27,7.40741,7.66667,7.26389,7.31944,11355557,0.0,1.0
2014-02-28,7.24537,7.37963,7.22222,7.36574,6028508,0.0,1.0
2014-03-03,7.36574,7.61111,7.3287,7.51389,9331902,0.0,1.0
2014-03-04,7.48148,7.56944,7.37963,7.50463,7627494,0.0,1.0
2014-03-05,7.5787,7.60648,7.4537,7.47222,5924993,0.0,1.0
2014-03-06,7.5,7.68518,7.49074,7.58333,10126651,0.0,1.0
2014-03-07,7.58796,7.61111,7.43981,7.49537,7238253,0.0,1.0
2014-03-10,7.40278,7.40278,7.13426,7.2037,7339192,0.0,1.0
2014-03-11,7.14815,7.27315,7.125,7.19444,4896511,0.0,1.0
2014-03-12,7.19444,7.26852,7.13889,7.23611,4993886,0.0,1.0
2014-03-13,7.22222,7.53241,7.18981,7.46759,11352066,0.0,1.0
2014-03-14,7.38889,7.44907,7.25463,7.31481,5011529,0.0,1.0
2014-03-17,7.40278,7.48611,7.3287,7.46296,6360114,0.0,1.0
2014-03-18,7.50463,7.63889,7.47685,7.48611,5428864,0.0,1.0
2014-03-19,7.45833,7.51389,7.36111,7.48611,5599785,0.0,1.0
2014-03-20,7.51389,7.55093,7.34259,7.4213,6863135,0.0,1.0
2014-03-21,7.40278,7.63426,7.31481,7.58796,10894589,0.0,1.0
2014-03-24,7.59259,7.6713,7.52315,7.61574,11339437,0.0,1.0
2014-03-25,7.63426,8.37963,7.63426,8.37963,53551755,0.0,1.0
2014-03-26,8.5463,8.60185,8.10185,8.15278,43551952,0.0,1.0
2014-03-27,8.15278,8.31944,8,8.1713,21907963,0.0,1.0
2014-03-28,8.125,8.36574,7.83333,7.93056,20285371,0.0,1.0
2014-03-31,7.89815,8.00926,7.5,7.5463,14894730,0.0,1.0
2014-04-01,7.53704,7.66204,7.45833,7.62037,9101843,0.0,1.0
2014-04-02,7.61574,7.81481,7.61574,7.72222,11254017,0.0,1.0
2014-04-03,7.76389,7.76389,7.51389,7.59722,9043270,0.0,1.0
2014-04-04,7.58796,8.10185,7.54167,7.93518,18876331,0.0,1.0
2014-04-08,7.84722,8.00463,7.80556,7.95833,13355600,0.0,1.0
2014-04-09,8.0787,8.14815,7.92593,7.99074,11761658,0.0,1.0
2014-04-10,7.96296,8.05093,7.94444,7.99537,10978805,0.0,1.0
2014-04-11,7.96296,7.99537,7.81944,7.88426,8587901,0.0,1.0
2014-04-14,7.90741,7.95833,7.87037,7.9213,5886478,0.0,1.0
2014-04-15,7.89352,8.25926,7.87037,7.99537,15990066,0.0,1.0
2014-04-16,7.89352,8.02315,7.875,7.9213,7254956,0.0,1.0
2014-04-17,7.94907,8.31481,7.94907,8.1713,30114302,0.0,1.0
2014-04-18,8.10185,8.26389,8.02315,8.25463,13603858,0.0,1.0
2014-04-21,8.17593,8.75,8.12037,8.2963,36013321,0.0,1.0
2014-04-22,8.46759,8.93056,8.33333,8.88889,53565596,0.0,1.0
2014-04-23,8.78704,8.90741,8.54167,8.66204,32737033,0.0,1.0
2014-04-24,8.56944,8.65741,8.22222,8.22685,22583801,0.0,1.0
2014-04-25,8.26389,8.26852,8.00926,8.02778,16642652,0.0,1.0
2014-04-28,7.95833,8,7.40741,7.49074,19296017,0.0,1.0
2014-04-29,7.53704,7.75926,7.53704,7.68056,11496259,0.0,1.0
2014-04-30,7.63889,7.81481,7.58333,7.72685,8571176,0.0,1.0
2014-05-05,7.70833,7.73148,7.50463,7.66667,8411883,0.0,1.0
2014-05-06,7.68981,7.81944,7.62037,7.74537,9729466,0.0,1.0
2014-05-07,7.66667,7.72222,7.55093,7.5787,7745870,0.0,1.0
2014-05-08,7.55093,7.73611,7.52315,7.59722,6540932,0.0,1.0
2014-05-09,7.61574,7.63426,7.50463,7.55093,5461197,0.0,1.0
2014-05-12,7.64815,7.76852,7.60185,7.73148,9094749,0.0,1.0
2014-05-13,7.75463,7.80556,7.64352,7.76389,6591782,0.0,1.0
2014-05-14,7.77778,7.85185,7.71759,7.73148,6936223,0.0,1.0
2014-05-15,7.74537,7.84722,7.71296,7.76852,10635836,0.0,1.0
2014-05-16,7.74537,7.77778,7.61574,7.73148,6359431,0.0,1.0
2014-05-19,7.70833,7.75463,7.50926,7.58333,6533685,0.0,1.0
2014-05-20,7.66667,7.70833,7.56018,7.58333,5782556,0.0,1.0
2014-05-21,7.5463,7.59722,7.46296,7.59259,6551809,0.0,1.0
2014-05-22,7.59722,7.81481,7.55093,7.62963,9701234,0.0,1.0
2014-05-23,7.61574,7.75463,7.56944,7.74074,7451378,0.0,1.0
2014-05-26,7.75926,7.81944,7.63889,7.70833,8357073,0.0,1.0
2014-05-27,7.68518,7.74074,7.62963,7.65741,3976917,0.0,1.0
2014-05-28,7.68981,7.73148,7.66667,7.72222,5122894,0.0,1.0
2014-05-29,7.72222,8.0463,7.66204,7.86574,18454609,0.0,1.0
2014-05-30,7.80556,7.81481,7.68056,7.73611,7685142,0.0,1.0
2014-06-03,7.72685,7.75926,7.68518,7.68981,4943968,0.0,1.0
2014-06-04,7.70833,7.81018,7.60185,7.66667,5074339,0.0,1.0
2014-06-05,7.66204,7.71759,7.60185,7.68518,5160664,0.0,1.0
2014-06-06,7.70833,7.86574,7.63889,7.69444,12579354,0.0,1.0
2014-06-09,7.63889,7.76852,7.60185,7.61111,9227788,0.0,1.0
2014-06-10,7.62037,7.69444,7.58796,7.6713,6774650,0.0,1.0
2014-06-11,7.68056,7.68981,7.63889,7.67593,4064604,0.0,1.0
2014-06-12,7.61574,7.63889,7.52315,7.55093,13023155,0.19858,1.0
2014-06-13,7.52778,7.59259,7.50926,7.56481,7491247,0.0,1.0
2014-06-16,7.56481,7.58333,7.51389,7.55556,6842245,0.0,1.0
2014-06-17,7.55556,7.56018,7.4537,7.48611,6810366,0.0,1.0
2014-06-18,7.46296,7.5,7.31481,7.34259,8989562,0.0,1.0
2014-06-19,7.34259,7.53241,7.31481,7.34722,7899693,0.0,1.0
2014-06-20,7.35185,7.35185,7.2037,7.27778,5283717,0.0,1.0
2014-06-23,7.28241,7.35185,7.25463,7.28704,3381171,0.0,1.0
2014-06-24,7.27315,7.36111,7.25,7.35185,4061880,0.0,1.0
2014-06-25,7.32407,7.39815,7.28241,7.30093,2723354,0.0,1.0
2014-06-26,7.31018,7.38426,7.30556,7.36574,3894839,0.0,1.0
2014-06-27,7.35648,7.37037,7.27778,7.31944,6015792,0.0,1.0
2014-06-30,7.3287,7.35648,7.29167,7.33333,4393390,0.0,1.0
2014-07-01,7.35648,7.38889,7.30556,7.38889,5460949,0.0,1.0
2014-07-02,7.42593,7.43981,7.31018,7.375,4412694,0.0,1.0
2014-07-03,7.33796,7.5463,7.33796,7.46759,11322947,0.0,1.0
2014-07-04,7.45833,7.47685,7.38426,7.42593,6035710,0.0,1.0
2014-07-07,7.44444,7.52315,7.36574,7.41667,5874250,0.0,1.0
2014-07-08,7.41667,7.41667,7.25,7.375,5196902,0.0,1.0
2014-07-09,7.39815,7.39815,7.2037,7.21759,7921386,0.0,1.0
2014-07-10,7.21759,7.32407,7.21759,7.26852,4326061,0.0,1.0
2014-07-11,7.31018,7.31018,7.11574,7.22685,12473350,0.0,1.0
2014-07-14,7.21296,7.24074,7.11111,7.22222,9402735,0.0,1.0
2014-07-15,7.22685,7.2963,7.19907,7.26389,9918677,0.0,1.0
2014-07-16,7.27778,7.35648,7.22222,7.28704,7322696,0.0,1.0
2014-07-17,7.31944,7.36111,7.24074,7.27778,5755165,0.0,1.0
2014-07-18,7.25,7.40741,7.23148,7.31481,10982682,0.0,1.0
2014-07-21,7.37037,7.375,7.27315,7.31944,6106968,0.0,1.0
2014-07-22,7.33333,7.36574,7.29167,7.3287,8764913,0.0,1.0
2014-07-23,7.3287,7.34722,7.29167,7.30556,6349487,0.0,1.0
2014-07-24,7.31481,7.4537,7.2037,7.37963,11434673,0.0,1.0
2014-07-25,7.40741,7.49074,7.34722,7.48611,14939574,0.0,1.0
2014-07-28,7.68518,7.76852,7.5463,7.65278,25660533,0.0,1.0
2014-07-29,7.63426,8.41667,7.59722,8.09722,44987486,0.0,1.0
2014-07-30,7.91667,8.02778,7.89815,8,23259626,0.0,1.0
2014-07-31,8.04167,8.0787,7.96296,8.05556,15118385,0.0,1.0
2014-08-01,8.0463,8.08796,7.91667,7.92593,14996418,0.0,1.0
2014-08-04,7.93981,8.05093,7.91204,7.97222,15012791,0.0,1.0
2014-08-05,7.93981,7.99074,7.83796,7.89352,11262107,0.0,1.0
2014-08-06,7.87037,7.93056,7.84722,7.89352,7397298,0.0,1.0
2014-08-07,7.91667,7.93056,7.77315,7.78704,9854314,0.0,1.0
2014-08-08,7.78704,7.84259,7.73148,7.80556,7649375,0.0,1.0
2014-08-11,7.84722,7.97222,7.81481,7.9537,12538984,0.0,1.0
2014-08-12,7.93056,7.96296,7.86111,7.93056,9391071,0.0,1.0
2014-08-13,7.9213,8.18518,7.875,8.11574,29857988,0.0,1.0
2014-08-14,8.05556,8.10185,7.87963,7.89352,17621510,0.0,1.0
2014-08-15,7.91204,8.05093,7.83333,7.97222,11344560,0.0,1.0
2014-08-18,8.00926,8.03704,7.96296,8,8648169,0.0,1.0
2014-08-19,8.00926,8.03704,7.91667,7.99537,12813835,0.0,1.0
2014-08-20,7.99537,8.0787,7.95833,8.02315,9673210,0.0,1.0
2014-08-21,8.00926,8.05093,7.91667,8.03704,12351338,0.0,1.0
2014-08-22,8.03704,8.18518,8.02778,8.14352,22123142,0.0,1.0
2014-08-25,8.11574,8.1713,8.00926,8.02778,10271859,0.0,1.0
2014-08-26,8.02315,8.03704,7.76389,7.81481,11195021,0.0,1.0
2014-08-27,7.82407,7.86111,7.7037,7.73611,9530046,0.0,1.0
2014-08-28,7.73148,8.00926,7.63426,7.81944,16425950,0.0,1.0
2014-08-29,7.76389,7.82407,7.70833,7.78704,6085167,0.0,1.0
2014-09-01,7.80556,7.88889,7.79167,7.87037,7037131,0.0,1.0
2014-09-02,7.87037,7.96296,7.84722,7.95833,13566185,0.0,1.0
2014-09-03,7.95833,8.03704,7.93981,8.01389,10932957,0.0,1.0
2014-09-04,8.00463,8.08333,7.98611,8.07407,12750059,0.0,1.0
2014-09-05,8.09722,8.40278,8.0463,8.24074,31142968,0.0,1.0
2014-09-09,8.23611,8.27778,8.12963,8.24074,15321114,0.0,1.0
2014-09-10,8.24074,8.24074,8.12037,8.18518,11132848,0.0,1.0
2014-09-11,8.18518,8.26852,8.06018,8.08796,13857949,0.0,1.0
2014-09-12,8.10185,8.18981,8.05556,8.15741,8717218,0.0,1.0
2014-09-15,8.15741,8.35185,8.10648,8.30556,22098032,0.0,1.0
2014-09-16,8.41667,8.93518,8.33333,8.40278,53820135,0.0,1.0
2014-09-17,8.56481,8.56481,8.18518,8.44907,24492870,0.0,1.0
2014-09-18,8.44907,8.52778,8.35648,8.47222,18627862,0.0,1.0
2014-09-19,8.47222,8.49074,8.29167,8.37963,17199860,0.0,1.0
2014-09-22,8.34722,8.34722,8.12037,8.14815,13322818,0.0,1.0
2014-09-23,8.16667,8.23611,8.14352,8.1713,10783835,0.0,1.0
2014-09-24,8.16667,8.36574,8.13889,8.28241,14060324,0.0,1.0
2014-09-25,8.3287,8.37963,8.21759,8.24537,13982478,0.0,1.0
2014-09-26,8.22222,8.31018,8.2037,8.25926,7709634,0.0,1.0
2014-09-29,8.39352,8.51389,8.31944,8.37037,17478299,0.0,1.0
2014-09-30,8.375,8.41204,8.33796,8.36574,12686799,0.0,1.0
2014-10-08,8.40278,8.48611,8.37963,8.4537,16706132,0.0,1.0
2014-10-09,8.46296,8.56481,8.375,8.45833,18910306,0.0,1.0
2014-10-10,8.42593,8.50926,8.26389,8.48611,19775051,0.0,1.0
2014-10-13,8.44907,8.70833,8.42593,8.59259,24499555,0.0,1.0
2014-10-14,8.59259,8.67593,8.51852,8.56018,14891172,0.0,1.0
2014-10-15,8.56481,8.625,8.52315,8.56944,10945699,0.0,1.0
2014-10-16,8.5,8.59259,8.40278,8.40741,13391612,0.0,1.0
2014-10-17,8.375,8.43518,8.19907,8.28241,12566703,0.0,1.0
2014-10-20,8.27778,8.37037,8.27315,8.30556,7609393,0.0,1.0
2014-10-21,8.3287,8.34722,8.22685,8.23148,6914404,0.0,1.0
2014-10-22,8.20833,8.26852,8.15278,8.1713,6367047,0.0,1.0
2014-10-23,8.15278,8.26389,7.96296,8.02315,7592597,0.0,1.0
2014-10-24,8.09259,8.54167,8.05556,8.40278,22276349,0.0,1.0
2014-10-27,8.34259,8.47222,8.19444,8.24074,16376462,0.0,1.0
2014-10-28,8.31944,8.51389,8.29167,8.46759,19828248,0.0,1.0
2014-10-29,8.5,9.25463,8.46759,9.02778,57931548,0.0,1.0
2014-10-30,9.1713,9.93056,9.10185,9.93056,80917863,0.0,1.0
2014-10-31,9.76852,10.125,9.60648,9.85185,58465269,0.0,1.0
2014-11-03,9.84259,10.3704,9.75926,9.97685,48181288,0.0,1.0
2014-11-04,9.86111,10.0787,9.68981,9.92593,31340601,0.0,1.0
2014-11-05,9.76852,10.0278,9.71759,9.72222,24224541,0.0,1.0
2014-11-06,9.72685,9.99074,9.64352,9.91667,26464524,0.0,1.0
2014-11-07,9.875,10.463,9.7963,10.1111,41615210,0.0,1.0
2014-11-10,10.1157,10.588,9.99074,10.4537,33685743,0.0,1.0
2014-11-11,10.5741,10.9259,10.0926,10.338,51814765,0.0,1.0
2014-11-12,10.3518,11.3704,10.2778,11.3704,35312087,0.0,1.0
2014-11-13,12.2176,12.5093,12.0833,12.5093,108355452,0.0,1.0
2014-11-14,12.2176,13.6018,12.213,12.625,115279647,0.0,1.0
2014-11-17,12.5926,13.8889,12.037,13.5556,120222937,0.0,1.0
2014-11-18,13.0185,14.1204,12.9815,13.6574,87926404,0.0,1.0
2014-11-19,13.5648,13.9352,13.3009,13.5648,59378953,0.0,1.0
2014-11-20,13.3611,13.8241,13.3426,13.4259,52438897,0.0,1.0
2014-11-21,13.5185,14.0648,13.3796,13.5833,77010304,0.0,1.0
2014-11-24,13.8565,14.9398,13.3843,14.9398,113402674,0.0,1.0
2014-11-25,14.7593,16.3657,14.6065,15.412,116092747,0.0,1.0
2014-11-26,15.2778,15.787,15.0926,15.5741,75131138,0.0,1.0
2014-11-27,15.4167,15.625,15.1759,15.4491,55894854,0.0,1.0
2014-11-28,15.2963,16.2917,15.2685,15.3148,74901954,0.0,1.0
2014-12-01,14.963,15.1389,14.0185,14.1065,88593067,0.0,1.0
2014-12-02,14.0278,14.7407,13.8935,14.4398,65138306,0.0,1.0
2014-12-03,14.4583,14.7454,14.162,14.5787,64141114,0.0,1.0
2014-12-04,14.4491,15.2639,14.3518,15.1944,72639550,0.0,1.0
2014-12-05,15.0463,15.0926,14.0833,14.4444,65482904,0.0,1.0
2014-12-08,14.75,15.4352,14.4954,14.8982,71644144,0.0,1.0
2014-12-09,14.6296,16.018499,14.1805,14.9583,111222794,0.0,1.0
2014-12-10,15.0926,16.453699,15.0463,16.453699,97384012,0.0,1.0
2014-12-11,16.6667,17.4074,16.287001,16.9259,85901886,0.0,1.0
2014-12-12,16.944401,16.9491,16.203699,16.513901,52985869,0.0,1.0
2014-12-15,16.712999,17.2593,16.111099,16.7407,55519016,0.0,1.0
2014-12-16,16.3426,16.629601,16.254601,16.5093,41514456,0.0,1.0
2014-12-17,16.481501,17.0972,16.245399,16.5417,46339074,0.0,1.0
2014-12-18,16.611099,17.0278,16.3426,16.662001,46992122,0.0,1.0
2014-12-19,16.4167,18.138901,16.4167,17.5926,72629322,0.0,1.0
2014-12-22,17.2917,17.5093,16.162001,16.3472,60523038,0.0,1.0
2014-12-23,16.356501,16.8657,15.7407,15.8287,42082025,0.0,1.0
2014-12-24,15.9167,16.1667,15.4167,16,35364722,0.0,1.0
2014-12-25,15.9213,16.1343,15.7268,16.1019,33693809,0.0,1.0
2014-12-26,16.1805,17.712999,16.069401,17.462999,72879874,0.0,1.0
2014-12-29,17.9167,18.6481,16.981501,17.138901,84908227,0.0,1.0
2014-12-30,16.8981,17.0648,16.4028,16.6852,38385837,0.0,1.0
2014-12-31,16.736099,17.5926,16.5741,17.361099,36555911,0.0,1.0
2015-01-05,17.2222,17.7731,17.2222,17.356501,39196509,0.0,1.0
2015-01-06,17.037001,17.837999,16.8981,17.2269,34613362,0.0,1.0
2015-01-07,17,17.8241,17,17.513901,42907693,0.0,1.0
2015-01-08,17.5741,17.9907,17.037001,17.143499,43245619,0.0,1.0
2015-01-09,16.9028,17.0278,15.5093,16.4167,44144682,0.0,1.0
2015-01-12,16.203699,16.245399,15.787,16.162001,29590632,0.0,1.0
2015-01-13,16.138901,16.3426,15.8241,15.9305,20720686,0.0,1.0
2015-01-14,15.9676,16.111099,15.6157,15.7268,17938060,0.0,1.0
2015-01-15,15.6944,16.171301,15.6713,16.0555,20171016,0.0,1.0
2015-01-16,16.111099,16.4074,15.9722,16.3519,22593281,0.0,1.0
2015-01-19,15.6944,16.0278,14.7176,14.912,41543474,0.0,1.0
2015-01-20,15.0972,15.4583,14.9537,15.2407,26883501,0.0,1.0
2015-01-21,15.338,16.1991,15.1852,16.1528,39657152,0.0,1.0
2015-01-22,16.7778,17.3055,16.703699,16.9167,55562825,0.0,1.0
2015-01-23,17.2222,17.361099,16.5926,16.9907,38814357,0.0,1.0
2015-01-26,16.944401,17.962999,16.643499,17.703699,69086112,0.0,1.0
2015-01-27,17.5602,17.5602,16.7917,17.1898,42402558,0.0,1.0
2015-01-28,16.9769,17.1157,16.6667,16.7917,22993225,0.0,1.0
2015-01-29,16.5509,16.662001,16.2176,16.296301,20517184,0.0,1.0
2015-01-30,16.5278,16.629601,15.8565,15.912,21661325,0.0,1.0
2015-02-02,15.5093,16.319401,15.463,15.9815,17872296,0.0,1.0
2015-02-03,16.194401,16.296301,15.9167,16.120399,16413394,0.0,1.0
2015-02-04,16.018499,16.0741,15.7546,15.8055,21117157,0.0,1.0
2015-02-05,16.1157,16.1852,15.5232,15.5417,19821487,0.0,1.0
2015-02-06,15.4167,15.7732,15.1713,15.2685,16633493,0.0,1.0
2015-02-09,15.2778,15.4398,15.1389,15.2222,12394363,0.0,1.0
2015-02-10,15.2778,15.625,15.1898,15.5555,12531714,0.0,1.0
2015-02-11,15.537,15.6713,15.4954,15.5833,11290433,0.0,1.0
2015-02-12,15.5926,16.1528,15.5926,16.004601,18901033,0.0,1.0
2015-02-13,16.1574,16.4583,15.9768,16,19796790,0.0,1.0
2015-02-16,16.0093,16.1019,15.8287,15.9028,14967930,0.0,1.0
2015-02-17,15.9768,16.388901,15.9305,16.1528,20600305,0.0,1.0
2015-02-25,16.1805,16.3102,15.75,16.0324,16645939,0.0,1.0
2015-02-26,15.9815,16.203699,15.7454,16.162001,17187002,0.0,1.0
2015-02-27,16.162001,16.3657,16.0648,16.1991,16063715,0.0,1.0
2015-03-02,16.3657,16.4583,16.1343,16.4491,22239501,0.0,1.0
2015-03-03,16.388901,16.388901,15.8148,15.8333,27365035,0.0,1.0
2015-03-04,15.838,16.2222,15.8241,15.9907,20140653,0.0,1.0
2015-03-05,16.0417,16.162001,15.6852,15.9815,16852766,0.0,1.0
2015-03-06,16.1157,16.1805,15.9537,15.963,16448429,0.0,1.0
2015-03-09,15.8843,15.9028,15.5555,15.8287,17914829,0.0,1.0
2015-03-10,15.8333,15.9954,15.7083,15.8287,14140350,0.0,1.0
2015-03-11,15.8241,15.9722,15.6065,15.6898,14872484,0.0,1.0
2015-03-12,15.7546,15.9722,15.6482,15.8426,16494659,0.0,1.0
2015-03-13,15.7963,15.8704,15.6204,15.7639,14850839,0.0,1.0
2015-03-16,15.7546,17.3426,15.7454,17.3426,72255647,0.0,1.0
2015-03-17,17.569401,17.9074,17.0417,17.356501,64839664,0.0,1.0
2015-03-18,17.1481,17.5926,17.1481,17.4167,35522411,0.0,1.0
2015-03-19,17.2778,17.3843,16.9722,17.2917,32497497,0.0,1.0
2015-03-20,17.2731,17.4722,17.0833,17.2593,30929106,0.0,1.0
2015-03-23,17.319401,17.462999,17.138901,17.3843,34578819,0.0,1.0
2015-03-24,17.4676,18.3102,17.231501,18.0602,68379887,0.0,1.0
2015-03-25,18.0555,18.5,17.5093,17.5231,51950817,0.0,1.0
2015-03-26,17.356501,17.356501,16.8102,16.837999,36298380,0.0,1.0
2015-03-27,16.875,17.120399,16.8333,17.0324,21003668,0.0,1.0
2015-03-30,17.143499,17.8657,17.037001,17.7176,42062144,0.0,1.0
2015-03-31,18.013901,18.370399,17.319401,17.3657,42312877,0.0,1.0
2015-04-01,17.5417,17.819401,17.375,17.5972,27773748,0.0,1.0
2015-04-02,17.638901,17.8657,17.4074,17.662001,29442492,0.0,1.0
2015-04-03,17.587999,18.143499,17.481501,18.0555,40503520,0.0,1.0
2015-04-07,18.125,18.9259,17.870399,18.6991,53734078,0.0,1.0
2015-04-08,18.6852,19.3981,18.0324,19.194401,59769146,0.0,1.0
2015-04-09,18.944401,19.212999,18.2778,18.6852,43926153,0.0,1.0
2015-04-10,18.7917,19.1667,18.4722,18.9074,30249700,0.0,1.0
2015-04-13,19.0972,20.25,18.8241,20.0509,53538095,0.0,1.0
2015-04-14,19.856501,21.6157,19.7222,20.7593,56303189,0.0,1.0
2015-04-15,20.703699,20.703699,19.3981,19.444401,38062141,0.0,1.0
2015-04-16,19.037001,19.754601,18.754601,19.4028,29693629,0.0,1.0
2015-04-17,19.3981,20.087999,19.319401,19.3472,37936535,0.0,1.0
2015-04-20,19.388901,19.856501,18.606501,18.662001,47122218,0.0,1.0
2015-04-21,18.6343,19.1667,18.6157,19.0231,25061993,0.0,1.0
2015-04-22,19.2824,19.694401,19.0509,19.486099,33562498,0.0,1.0
2015-04-23,19.5231,20.087999,19.3519,19.4259,35000888,0.0,1.0
2015-04-24,19.0741,20.0833,18.9583,20.0093,48526700,0.0,1.0
2015-04-27,20.231501,20.4398,19.5093,19.7593,40749313,0.0,1.0
2015-04-28,19.9259,20.1852,19.1898,19.2269,33903439,0.0,1.0
2015-04-29,19.046301,19.671301,19.0278,19.3426,21056856,0.0,1.0
2015-04-30,19.444401,19.768499,19.3102,19.3241,24012097,0.0,1.0
2015-05-04,18.9907,19.194401,18.518499,18.606501,30506381,0.0,1.0
2015-05-05,18.5231,18.5231,17.6759,17.736099,27484413,0.0,1.0
2015-05-06,17.8843,18.2593,17.4676,17.5602,23085651,0.0,1.0
2015-05-07,17.513901,18.0093,17.5,17.7176,18586969,0.0,1.0
2015-05-08,18.1481,18.1852,17.7222,17.995399,20012273,0.0,1.0
2015-05-11,18.194401,18.6528,18,18.504601,29422571,0.0,1.0
2015-05-12,18.875,20.356501,18.875,20.356501,46868071,0.0,1.0
2015-05-13,22.361099,22.393499,20.9769,22.393499,120154752,0.0,1.0
2015-05-14,22.2222,22.2222,21.3657,21.736099,56607405,0.0,1.0
2015-05-15,21.5278,23.912001,20.9722,23.912001,71750814,0.0,1.0
2015-05-18,23.888901,25.462999,23.393499,24.4305,68928532,0.0,1.0
2015-05-19,23.8426,25.5926,23.1481,23.2824,96201170,0.0,1.0
2015-05-20,22.870399,23.4676,22.3843,22.8009,70965740,0.0,1.0
2015-05-21,22.8102,23.004601,22.412001,22.837999,44758396,0.0,1.0
2015-05-22,23.078699,23.4259,22.8102,23.162001,44467524,0.0,1.0
2015-05-25,22.9491,23.8333,22.8241,23.6574,48364996,0.0,1.0
2015-05-26,23.662001,26.0231,23.662001,26.0231,68935308,0.0,1.0
2015-05-27,26.481501,28.203699,25.504601,27.5648,86596751,0.0,1.0
2015-05-28,28.194401,28.4583,24.8102,24.8102,71976795,0.0,1.0
2015-05-29,24.9676,27.143499,23.611099,26.236099,57697063,0.0,1.0
2015-06-01,26.25,28.143499,26.25,27.8981,50124234,0.0,1.0
2015-06-02,28.5972,30.6898,28.245399,30.6898,63540556,0.0,1.0
2015-06-03,31.111099,32.222198,29.578699,31.143499,58048205,0.0,1.0
2015-06-04,31.1898,31.3426,28.0926,30.0555,42058841,0.0,1.0
2015-06-05,30.356501,30.995399,28.8519,29.8843,37073598,0.38550,1.0
2015-06-08,29.629601,30.9676,28.7083,30.263901,41868759,0.0,1.0
2015-06-09,30.0926,31.7917,29.6343,30.5278,39980355,0.0,1.0
2015-06-10,30.962999,33.578701,30.7407,33.338001,57660703,0.0,1.0
2015-06-11,33.338001,33.606499,32.671299,33.1343,39373417,0.0,1.0
2015-06-12,34.722198,35.393501,32.361099,32.569401,52729032,0.0,1.0
2015-06-15,31.8519,31.8519,29.629601,30.328699,49887077,0.0,1.0
2015-06-16,30,31.25,29.4907,30.1019,34145428,0.0,1.0
2015-06-17,30.0926,30.3241,28.162001,30.1481,32455101,0.0,1.0
2015-06-18,30.0926,31.4259,29.6991,30.0555,36686100,0.0,1.0
2015-06-19,29.4352,30.5093,27.962999,28.393499,27446667,0.0,1.0
2015-06-23,28.703699,28.796301,25.5555,27.337999,39040634,0.0,1.0
2015-06-24,27.768499,29.629601,26.0926,29.513901,52115551,0.0,1.0
2015-06-25,29.111099,29.111099,26.620399,26.856501,35671823,0.0,1.0
2015-06-26,24.569401,26.0417,24.171301,24.171301,31433419,0.0,1.0
2015-06-29,25.037001,25.0926,21.754601,21.754601,41394520,0.0,1.0
2015-06-30,21.25,23.8472,19.578699,23.0278,59201762,0.0,1.0
2015-07-01,22.6852,23.587999,20.7269,21.0093,42555291,0.0,1.0
2015-07-02,21.518499,21.5278,18.9074,18.9074,46142321,0.0,1.0
2015-07-03,18.0602,19.8472,17.0278,17.203699,49593859,0.0,1.0
2015-07-06,18.9259,18.9259,15.8241,17.986099,63443637,0.0,1.0
2015-07-07,17.3148,17.819401,16.1898,17.5833,73516195,0.0,1.0
2015-07-08,15.8241,16.3241,15.8241,15.8241,46271135,0.0,1.0
2015-07-09,15.8194,17.4074,14.3518,17.4074,57805473,0.0,1.0
2015-07-10,18.0555,19.1481,18,19.1481,35816000,0.0,1.0
2015-07-13,20.0324,21.0648,19.5278,21.0648,52642375,0.0,1.0
2015-07-14,20.9722,22.662001,20.370399,21.671301,62942171,0.0,1.0
2015-07-15,20.9259,21.296301,19.504601,19.504601,40477157,0.0,1.0
2015-07-16,19.504601,20.8102,18.0602,20.328699,35850001,0.0,1.0
2015-07-17,20.5093,21.712999,20.5093,21.486099,40959593,0.0,1.0
2015-07-20,21.481501,22.6667,20.9259,22.037001,54500366,0.0,1.0
2015-07-21,21.388901,21.9907,21.1759,21.5093,32391595,0.0,1.0
2015-07-22,21.4583,22.120399,21.203699,21.6852,33881092,0.0,1.0
2015-07-23,21.8102,22.912001,21.8102,22.5741,44522442,0.0,1.0
2015-07-24,22.5972,23.4167,22.018499,22.629601,62358954,0.0,1.0
2015-07-27,22.171301,23.8333,20.393499,20.486099,60172213,0.0,1.0
2015-07-28,19.8519,22.1667,19.4305,21.7824,63986547,0.0,1.0
2015-07-29,22.1991,23.0926,20.7778,23.0093,45676675,0.0,1.0
2015-07-30,22.9167,23.379601,22.087999,22.2407,40586380,0.0,1.0
2015-07-31,21.856501,22.1019,20.5741,21.0417,33322686,0.0,1.0
2015-08-03,20.3148,20.796301,19.0417,19.912001,32212464,0.0,1.0
2015-08-04,20.138901,21.3657,19.9769,21.3657,26053457,0.0,1.0
2015-08-05,21.481501,22.1759,21,21.1528,28541954,0.0,1.0
2015-08-06,20.370399,21.2269,20.138901,20.5926,17478157,0.0,1.0
2015-08-07,20.7176,21.768499,20.7176,21.5278,23965968,0.0,1.0
2015-08-10,22.0417,23.1481,21.620399,23.0093,40037680,0.0,1.0
2015-08-11,23.1574,24.069401,23,23.143499,38839739,0.0,1.0
2015-08-12,22.875,25.4583,22.638901,25.3657,67933735,0.0,1.0
2015-08-13,24.763901,27.620399,24.5926,26.4907,72971948,0.0,1.0
2015-08-14,26.7824,27.7778,25.6019,26.504601,56266544,0.0,1.0
2015-08-17,26.388901,27.3981,25.8333,26.986099,39749901,0.0,1.0
2015-08-18,26.5741,26.893499,24.287001,24.287001,47566826,0.0,1.0
2015-08-19,22.9074,25.453699,22.893499,25.0509,41839085,0.0,1.0
2015-08-20,24.0741,24.6759,23.046301,23.143499,25983846,0.0,1.0
2015-08-21,22.4074,23.4305,21.2917,22.171301,33355093,0.0,1.0
2015-08-24,21.296301,21.75,19.953699,19.953699,25492963,0.0,1.0
2015-08-25,17.9583,18.921301,17.9583,17.9583,29711974,0.0,1.0
2015-08-26,18.236099,19.0278,16.481501,17.787001,44302481,0.0,1.0
2015-08-27,18.2407,19.3519,17.8241,19.3102,39294454,0.0,1.0
2015-08-28,19.9491,21.0648,19.319401,21.004601,46376185,0.0,1.0
2015-08-31,20.9722,20.9722,19.546301,19.606501,27648632,0.0,1.0
2015-09-01,19.4398,19.4398,17.6481,18.7778,46279445,0.0,1.0
2015-09-02,16.944401,19.75,16.944401,19.6528,54318144,0.0,1.0
2015-09-07,19.9074,21.0926,19.5231,19.8472,35302733,0.0,1.0
2015-09-08,19.453699,21.7593,18.9352,21.6805,39335723,0.0,1.0
2015-09-09,21.944401,23.2407,21.1898,21.787001,54707257,0.0,1.0
2015-09-10,21.087999,22.037001,20.962999,21.3426,26026448,0.0,1.0
2015-09-11,21.3426,23.4769,21.2824,23.4769,48073210,0.0,1.0
2015-09-14,23.1343,23.379601,21.129601,21.629601,60780778,0.0,1.0
2015-09-15,20.6019,21.662001,19.537001,19.629601,30724347,0.0,1.0
2015-09-16,19.5,21.5926,19.5,21.5926,35973134,0.0,1.0
2015-09-17,21.620399,22.638901,20.8333,20.8426,37273959,0.0,1.0
2015-09-18,20.962999,21.2917,19.9167,20.453699,22432199,0.0,1.0
2015-09-21,20.462999,22.5,20.254601,22.5,65759503,0.0,1.0
2015-09-22,22.546301,23.518499,22.245399,23.3241,66793350,0.0,1.0
2015-09-23,22.712999,23.912001,22.712999,23.0833,57420403,0.0,1.0
2015-09-24,22.8241,23.143499,22.1667,22.671301,36497489,0.0,1.0
2015-09-25,22.6852,23.375,21.9907,22.296301,31660568,0.0,1.0
2015-09-28,22.638901,22.638901,20.9722,21.953699,21198800,0.0,1.0
2015-09-29,21.5278,22.361099,21.3009,21.7824,15603832,0.0,1.0
2015-09-30,21.875,22.171301,21.328699,21.444401,12989517,0.0,1.0
2015-10-08,22.129601,22.625,21.995399,22.393499,21269167,0.0,1.0
2015-10-09,22.231501,22.6667,22.1667,22.4398,15671887,0.0,1.0
2015-10-12,22.5833,23.837999,22.370399,22.4398,94228852,0.0,1.0
2015-10-13,22.1759,22.6667,21.7593,22.5555,46979371,0.0,1.0
2015-10-14,22.495399,22.8519,21.995399,22.0278,30803858,0.0,1.0
2015-10-15,21.837999,22.7778,21.837999,22.6991,35046602,0.0,1.0
2015-10-16,22.944401,24.9676,22.944401,24.9676,77855462,0.0,1.0
2015-10-19,25.370399,26.7593,24.5741,25,82210225,0.0,1.0
2015-10-20,24.6898,25.4491,24.6667,25.120399,39526796,0.0,1.0
2015-10-21,25.0972,25.0972,22.6898,23.203699,57750469,0.0,1.0
2015-10-22,23.611099,24.120399,23.1481,24.0741,46774737,0.0,1.0
2015-10-23,24.0741,25.125,23.5648,24.1667,52967202,0.0,1.0
2015-10-26,24.3981,24.3981,23.2593,23.8426,31450020,0.0,1.0
2015-10-27,23.481501,24.138901,23.106501,23.921301,24023052,0.0,1.0
2015-10-28,23.875,24.296301,22.662001,22.8009,30674261,0.0,1.0
2015-10-29,23.0926,23.370399,22.768499,22.9398,17862797,0.0,1.0
2015-10-30,23.037001,24.078699,22.7824,23.287001,20924366,0.0,1.0
2015-11-02,23.1481,24.768499,23.013901,23.8333,37682454,0.0,1.0
2015-11-03,23.662001,25.0093,23.1019,24.069401,36886248,0.0,1.0
2015-11-04,23.981501,24.8519,23.9352,24.8102,43499501,0.0,1.0
2015-11-05,24.7269,24.8241,24.268499,24.5,35524580,0.0,1.0
2015-11-06,24.4907,25.078699,24.3981,24.6759,30507543,0.0,1.0
2015-11-09,24.5324,25.129601,24.0741,24.5602,34134274,0.0,1.0
2015-11-10,24.5972,24.7269,22.995399,23.203699,45271984,0.0,1.0
2015-11-11,23.5648,23.606501,23.236099,23.453699,29455364,0.0,1.0
2015-11-12,23.388901,23.4722,22.9907,23.162001,22689995,0.0,1.0
2015-11-13,23.1528,24.5093,23.0555,23.486099,39534981,0.0,1.0
2015-11-16,23.138901,23.4167,22.9167,23.375,18307180,0.0,1.0
2015-11-17,23.694401,23.837999,23.1991,23.231501,23357640,0.0,1.0
2015-11-18,23.162001,23.7269,23.162001,23.254601,21121511,0.0,1.0
2015-11-19,23.379601,23.4722,23.013901,23.3657,15207774,0.0,1.0
2015-11-20,23.4722,23.879601,23.379601,23.4676,18699380,0.0,1.0
2015-11-23,23.518499,23.6528,22.8981,23.046301,18600357,0.0,1.0
2015-11-24,23.0093,23.2269,22.7778,23.0324,11045599,0.0,1.0
2015-11-25,22.921301,23.231501,22.837999,23.1481,13118771,0.0,1.0
2015-11-26,23.4305,23.453699,22.962999,23.0231,13916250,0.0,1.0
2015-11-27,22.995399,23,21.0417,21.212999,27944943,0.0,1.0
2015-11-30,21.231501,21.7593,20.236099,21.694401,20442455,0.0,1.0
2015-12-01,21.6574,22.4907,21.4074,22,15047204,0.0,1.0
2015-12-02,22.0741,22.0741,21.1574,21.7222,10972260,0.0,1.0
2015-12-03,21.9907,22.037001,21.731501,21.962999,10097966,0.0,1.0
2015-12-04,21.8009,21.8843,21.5648,21.7083,10148639,0.0,1.0
2015-12-07,21.7593,22.2778,21.5324,22.0231,12176320,0.0,1.0
2015-12-08,21.828699,21.8981,21.0555,21.069401,12615016,0.0,1.0
2015-12-09,21.111099,21.245399,20.7824,20.7917,9523579,0.0,1.0
2015-12-10,20.8241,22.3148,20.6574,21.236099,20529125,0.0,1.0
2015-12-11,20.875,21.4583,20.875,20.9491,8955352,0.0,1.0
2015-12-14,20.393499,21.194401,20.393499,21.1805,8177916,0.0,1.0
2015-12-15,21.0648,21.736099,21.0555,21.319401,9170645,0.0,1.0
2015-12-16,21.504601,21.504601,21.194401,21.203699,6329213,0.0,1.0
2015-12-17,21.379601,21.9676,21.296301,21.6528,14574521,0.0,1.0
2015-12-18,21.671301,22.3102,21.6667,21.8657,15865157,0.0,1.0
2015-12-21,21.8519,22.0093,21.629601,21.9167,10217168,0.0,1.0
2015-12-22,21.944401,22.0741,21.736099,21.9074,7511271,0.0,1.0
2015-12-23,21.981501,22.069401,21.7824,21.8472,11213988,0.0,1.0
2015-12-24,21.8472,21.9676,21.7176,21.7731,7403310,0.0,1.0
2015-12-25,21.8519,22.0555,21.7778,21.9305,8873820,0.0,1.0
2015-12-28,22.129601,22.5,21.875,21.9259,19093064,0.0,1.0
2015-12-29,21.8981,21.944401,21.4352,21.768499,10062862,0.0,1.0
2015-12-30,21.8426,22.0324,21.8055,21.986099,9235059,0.0,1.0
2015-12-31,22.0278,23.611099,22.013901,23.212999,41098058,0.0,1.0
2016-01-04,22.981501,23.587999,21.3519,21.569401,24287149,0.0,1.0
2016-01-05,21.495399,23.495399,21.25,23.0972,38935643,0.0,1.0
2016-01-06,22.962999,23.8426,22.8657,23.5833,39295164,0.0,1.0
2016-01-07,23.0972,23.3333,21.2269,21.263901,8647156,0.0,1.0
2016-01-08,22.1528,22.9398,19.4583,22.504601,33994209,0.0,1.0
2016-01-11,21.5509,23.3241,21.5231,21.9769,40706865,0.0,1.0
2016-01-12,21.9491,23.8426,21.9491,22.6805,38997382,0.0,1.0
2016-01-13,23.194401,23.7593,20.4167,20.4398,59371916,0.0,1.0
2016-01-14,18.5741,19.7593,18.3981,19.3333,42206438,0.0,1.0
2016-01-15,19.2917,19.5278,18.361099,19.129601,27300086,0.0,1.0
2016-01-18,18.546301,19.375,18.4491,18.981501,13830239,0.0,1.0
2016-01-19,19.3333,19.625,19.1343,19.6157,17381927,0.0,1.0
2016-01-20,19.444401,19.611099,19.0278,19.0602,11900646,0.0,1.0
2016-01-21,18.9352,18.981501,17.731501,17.875,14085041,0.0,1.0
2016-01-22,17.875,17.875,17.875,17.875,0,0.0,1.0
2016-01-25,17.875,17.875,17.875,17.875,0,0.0,1.0
2016-01-26,17.875,17.875,17.875,17.875,0,0.0,1.0
2016-01-27,17.875,17.875,17.875,17.875,0,0.0,1.0
2016-01-28,17.875,17.875,17.875,17.875,0,0.0,1.0
2016-01-29,17.875,17.875,17.875,17.875,0,0.0,1.0
2016-02-01,17.875,17.875,17.875,17.875,0,0.0,1.0
2016-02-02,17.875,17.875,17.875,17.875,0,0.0,1.0
2016-02-03,17.875,17.875,17.875,17.875,0,0.0,1.0
2016-02-04,17.875,17.875,17.875,17.875,0,0.0,1.0
2016-02-05,17.875,17.875,17.875,17.875,0,0.0,1.0
2016-02-15,17.875,17.875,17.875,17.875,0,0.0,1.0
2016-02-16,17.875,17.875,17.875,17.875,0,0.0,1.0
2016-02-17,17.875,17.875,17.875,17.875,0,0.0,1.0
2016-02-18,17.875,17.875,17.875,17.875,0,0.0,1.0
2016-02-19,17.875,17.875,17.875,17.875,0,0.0,1.0
2016-02-22,17.875,17.875,17.875,17.875,0,0.0,1.0
2016-02-23,17.875,17.875,17.875,17.875,0,0.0,1.0
2016-02-24,17.875,17.875,17.875,17.875,0,0.0,1.0
2016-02-25,17.875,17.875,17.875,17.875,0,0.0,1.0
2016-02-26,17.875,17.875,17.875,17.875,0,0.0,1.0
2016-02-29,17.875,17.875,17.875,17.875,0,0.0,1.0
2016-03-01,17.875,17.875,17.875,17.875,0,0.0,1.0
2016-03-02,17.875,17.875,17.875,17.875,0,0.0,1.0
2016-03-03,17.875,17.875,17.875,17.875,0,0.0,1.0
2016-03-04,17.875,17.875,17.875,17.875,0,0.0,1.0
2016-03-07,17.875,17.875,17.875,17.875,0,0.0,1.0
2016-03-08,17.875,17.875,17.875,17.875,0,0.0,1.0
2016-03-09,17.875,17.875,17.875,17.875,0,0.0,1.0
2016-03-10,17.875,17.875,17.875,17.875,0,0.0,1.0
2016-03-11,17.875,17.875,17.875,17.875,0,0.0,1.0
2016-03-14,17.875,17.875,17.875,17.875,0,0.0,1.0
2016-03-15,17.875,17.875,17.875,17.875,0,0.0,1.0
2016-03-16,17.875,17.875,17.875,17.875,0,0.0,1.0
2016-03-17,17.875,17.875,17.875,17.875,0,0.0,1.0
2016-03-18,17.875,17.875,17.875,17.875,0,0.0,1.0
2016-03-21,17.875,17.875,17.875,17.875,0,0.0,1.0
2016-03-22,17.875,17.875,17.875,17.875,0,0.0,1.0
2016-03-23,17.875,17.875,17.875,17.875,0,0.0,1.0
2016-03-24,17.875,17.875,17.875,17.875,0,0.0,1.0
2016-03-25,17.875,17.875,17.875,17.875,0,0.0,1.0
2016-03-28,17.875,17.875,17.875,17.875,0,0.0,1.0
2016-03-29,17.875,17.875,17.875,17.875,0,0.0,1.0
2016-03-30,17.875,17.875,17.875,17.875,0,0.0,1.0
2016-03-31,17.875,17.875,17.875,17.875,0,0.0,1.0
2016-04-01,17.875,17.875,17.875,17.875,0,0.0,1.0
2016-04-05,17.875,17.875,17.875,17.875,0,0.0,1.0
2016-04-06,17.875,17.875,17.875,17.875,0,0.0,1.0
2016-04-07,17.875,17.875,17.875,17.875,0,0.0,1.0
2016-04-08,17.875,17.875,17.875,17.875,0,0.0,1.0
2016-04-11,17.875,17.875,17.875,17.875,0,0.0,1.0
2016-04-12,17.875,17.875,17.875,17.875,0,0.0,1.0
2016-04-13,17.875,17.875,17.875,17.875,0,0.0,1.0
2016-04-14,17.875,17.875,17.875,17.875,0,0.0,1.0
2016-04-15,17.875,17.875,17.875,17.875,0,0.0,1.0
2016-04-18,17.875,17.875,17.875,17.875,0,0.0,1.0
2016-04-19,17.875,17.875,17.875,17.875,0,0.0,1.0
2016-04-20,17.875,17.875,17.875,17.875,0,0.0,1.0
2016-04-21,17.875,17.875,17.875,17.875,0,0.0,1.0
2016-04-22,17.875,17.875,17.875,17.875,0,0.0,1.0
2016-04-25,17.875,17.875,17.875,17.875,0,0.0,1.0
2016-04-26,17.875,17.875,17.875,17.875,0,0.0,1.0
2016-04-27,17.875,17.875,17.875,17.875,0,0.0,1.0
2016-04-28,17.875,17.875,17.875,17.875,0,0.0,1.0
2016-04-29,17.875,17.875,17.875,17.875,0,0.0,1.0
2016-05-03,17.875,17.875,17.875,17.875,0,0.0,1.0
2016-05-04,17.875,17.875,17.875,17.875,0,0.0,1.0
2016-05-05,17.875,17.875,17.875,17.875,0,0.0,1.0
2016-05-06,17.875,17.875,17.875,17.875,0,0.0,1.0
2016-05-09,17.875,17.875,17.875,17.875,0,0.0,1.0
2016-05-10,17.875,17.875,17.875,17.875,0,0.0,1.0
2016-05-11,17.875,17.875,17.875,17.875,0,0.0,1.0
2016-05-12,17.875,17.875,17.875,17.875,0,0.0,1.0
2016-05-13,17.875,17.875,17.875,17.875,0,0.0,1.0
2016-05-16,17.875,17.875,17.875,17.875,0,0.0,1.0
2016-05-17,17.875,17.875,17.875,17.875,0,0.0,1.0
2016-05-18,19.662001,19.662001,19.5417,19.662001,10902397,0.0,1.0
2016-05-19,20.7269,20.7269,19.319401,19.4583,35802531,0.0,1.0
2016-05-20,19.0278,19.9491,18.5555,19.6805,23088293,0.0,1.0
2016-05-23,19.3472,20.0324,19.3472,19.5231,13854984,0.0,1.0
2016-05-24,19.3981,19.4769,18.8981,19.0648,11652419,0.0,1.0
2016-05-25,19.1667,19.388901,18.9352,18.962999,7508242,0.0,1.0
2016-05-26,18.9769,19.078699,18.4305,18.611099,9368234,0.0,1.0
2016-05-27,18.796301,19.106501,18.6759,18.8241,8568226,0.0,1.0
2016-05-30,18.694401,18.694401,18.4028,18.4769,7464293,0.0,1.0
2016-05-31,18.518499,19.2593,18.518499,19.1898,14515756,0.0,1.0
2016-06-01,19.245399,19.4352,19.143499,19.25,11054135,0.0,1.0
2016-06-02,19.2824,20,19.171301,19.6852,14267442,0.0,1.0
2016-06-03,19.7222,19.8519,19.5278,19.662001,9544978,0.0,1.0
2016-06-06,19.6343,20.0278,19.620399,19.75,8203752,0.0,1.0
2016-06-07,19.953699,20.0926,19.7731,19.875,9597319,0.0,1.0
2016-06-08,19.9074,21.138901,19.875,20.8519,23530265,0.0,1.0
2016-06-13,20.9167,21.875,20.837999,21.3426,24784305,0.0,1.0
2016-06-14,21.2917,21.379601,20.4259,20.9398,14711428,0.0,1.0
2016-06-15,20.508301,21.733299,20.233299,21.4417,11478813,0.26374,1.0
2016-06-16,20.950001,21.25,20.225,20.299999,19676792,0.0,1.0
2016-06-17,20.25,20.475,19.5833,19.825001,15521944,0.0,1.0
2016-06-20,19.75,19.8083,18.9583,19.383301,9950933,0.0,1.0
2016-06-21,19.8167,19.991699,19.200001,19.35,11310444,0.0,1.0
2016-06-22,19.125,19.4167,19,19.4167,6715156,0.0,1.0
2016-06-23,19.3333,19.9667,19.1667,19.4667,9535886,0.0,1.0
2016-06-24,19.258301,19.633301,18.233299,18.758301,12857835,0.0,1.0
2016-06-27,18.725,19.141701,18.5833,19.0333,7239889,0.0,1.0
2016-06-28,18.991699,19.325001,18.775,18.983299,12495657,0.0,1.0
2016-06-29,18.983299,19.1583,18.9,19.008301,8816272,0.0,1.0
2016-06-30,19.016701,19.0917,18.9333,18.9583,6818490,0.0,1.0
2016-07-01,19.049999,19.0583,18.8083,18.85,5333536,0.0,1.0
2016-07-04,18.733299,19.0583,18.641701,19.025,7347036,0.0,1.0
2016-07-05,19.025,19.1667,19,19.108299,7502752,0.0,1.0
2016-07-06,19.0417,19.4,19.0417,19.2917,8349483,0.0,1.0
2016-07-07,19.2917,19.3167,18.875,19.008301,8761952,0.0,1.0
2016-07-08,19.008301,19.075001,18.85,18.866699,5765641,0.0,1.0
2016-07-11,18.875,19.0417,18.766701,18.825001,5652473,0.0,1.0
2016-07-12,18.924999,19.016701,18.5917,19,7450302,0.0,1.0
2016-07-13,19.0833,19.25,18.950001,19.1583,9635190,0.0,1.0
2016-07-14,19.174999,19.233299,18.9583,19.049999,6685410,0.0,1.0
2016-07-15,19.0417,19.6917,18.883301,19.516701,18635114,0.0,1.0
2016-07-18,19.5333,19.5417,19.174999,19.225,7913144,0.0,1.0
2016-07-19,19.25,19.325001,18.9583,19.0833,5995131,0.0,1.0
2016-07-20,19.0833,19.225,19.008301,19.0583,4427847,0.0,1.0
2016-07-21,19.0583,19.7917,19.016701,19.4333,19427907,0.0,1.0
2016-07-22,19.4167,19.700001,19.174999,19.3167,9268156,0.0,1.0
2016-07-25,19.375,19.5667,19.1,19.2917,7634555,0.0,1.0
2016-07-26,19.375,19.4333,19.174999,19.35,6553211,0.0,1.0
2016-07-27,19.35,19.5,18.75,19.2833,16095314,0.0,1.0
2016-07-28,19.125,19.258301,18.75,18.924999,10165338,0.0,1.0
2016-07-29,18.9667,19.200001,18.633301,18.65,9852620,0.0,1.0
2016-08-01,18.6667,18.7917,18.125,18.241699,6989723,0.0,1.0
2016-08-02,18.35,18.483299,17.983299,18.4333,8491505,0.0,1.0
2016-08-03,18.4083,18.65,18.25,18.5333,6234954,0.0,1.0
2016-08-04,18.5333,18.5417,18.3167,18.483299,4406171,0.0,1.0
2016-08-05,18.516701,18.7167,18.2917,18.3333,8515013,0.0,1.0
2016-08-08,18.358299,18.616699,18.266701,18.549999,5885284,0.0,1.0
2016-08-09,18.549999,18.6667,18.4333,18.5833,5758678,0.0,1.0
2016-08-10,18.6,18.700001,18.5417,18.575001,5046413,0.0,1.0
2016-08-11,18.575001,18.616699,18.275,18.2917,6057495,0.0,1.0
2016-08-12,18.275,18.75,18.275,18.7083,8181521,0.0,1.0
2016-08-15,18.741699,20.5833,18.625,20.5833,53460953,0.0,1.0
2016-08-16,21.15,22.641701,20.625,22.299999,82793788,0.0,1.0
2016-08-17,21.625,22.641701,21.5,21.85,46583398,0.0,1.0
2016-08-18,21.924999,23.049999,21.766701,21.991699,49656906,0.0,1.0
2016-08-19,21.8333,22.9,21.508301,22.35,36304326,0.0,1.0
2016-08-22,22.4167,22.9583,21.983299,22.733299,35811479,0.0,1.0
2016-08-23,22.424999,23.2083,22.174999,22.4083,27670416,0.0,1.0
2016-08-24,22.3333,22.7833,21.5833,21.741699,25762752,0.0,1.0
2016-08-25,21.5583,21.5583,20.700001,21.0917,24486908,0.0,1.0
2016-08-26,21.233299,21.4083,20.8333,20.9083,13173079,0.0,1.0
2016-08-29,21.0667,21.299999,20.8333,21.241699,11955849,0.0,1.0
2016-08-30,21.1667,21.3167,20.9083,20.9667,7156433,0.0,1.0
2016-08-31,21.25,22.200001,20.975,21.65,24096102,0.0,1.0
2016-09-01,21.65,21.65,20.875,20.9083,14544338,0.0,1.0
2016-09-02,20.8417,21.133301,20.733299,20.9417,8448550,0.0,1.0
2016-09-05,21.0667,21.075001,20.8083,20.825001,6061351,0.0,1.0
2016-09-06,20.6667,20.8167,20.225,20.674999,8971073,0.0,1.0
2016-09-07,20.5833,21.0833,20.575001,20.75,6883360,0.0,1.0
2016-09-08,20.6667,21.3167,20.6667,21.15,11701272,0.0,1.0
2016-09-09,21,21.758301,21,21.633301,17966763,0.0,1.0
2016-09-12,21.266701,22.1583,21.0583,22.141701,23523973,0.0,1.0
2016-09-13,22.174999,22.3167,21.758301,21.875,12910729,0.0,1.0
2016-09-14,21.758301,22.049999,21.2167,21.450001,10812174,0.0,1.0
2016-09-19,21.525,21.85,21.3417,21.549999,5001163,0.0,1.0
2016-09-20,21.5583,21.700001,21.2917,21.3333,4439220,0.0,1.0
2016-09-21,21.383301,21.4167,21.0667,21.2167,5009055,0.0,1.0
2016-09-22,21.4,21.741699,21.2917,21.4167,8563791,0.0,1.0
2016-09-23,21.424999,21.75,20.625,20.8417,12190300,0.0,1.0
2016-09-26,20.6667,20.85,20.25,20.2833,6835399,0.0,1.0
2016-09-27,20.1667,20.6667,20.1667,20.516701,4030679,0.0,1.0
2016-09-28,20.65,20.65,20.2917,20.383301,2997516,0.0,1.0
2016-09-29,20.383301,20.5,20.2917,20.383301,2488981,0.0,1.0
2016-09-30,20.3417,20.6,20.3167,20.516701,2616648,0.0,1.0
2016-10-10,20.5833,20.633301,19.766701,20.0917,6649318,0.0,1.0
2016-10-11,20.0917,20.5667,20.0917,20.299999,4930704,0.0,1.0
2016-10-12,20.275,20.275,20.0833,20.2083,3176371,0.0,1.0
2016-10-13,20.241699,20.3333,20.1,20.1917,3029829,0.0,1.0
2016-10-14,20.141701,20.174999,19.8333,20.008301,4696919,0.0,1.0
2016-10-17,20.008301,20.0583,19.625,19.6667,3847759,0.0,1.0
2016-10-18,19.85,19.9333,19.6917,19.85,3963875,0.0,1.0
2016-10-19,19.85,19.85,19.85,19.85,0,0.0,1.0
2016-10-20,19.85,19.85,19.85,19.85,0,0.0,1.0
2016-10-21,19.85,19.85,19.85,19.85,0,0.0,1.0
2016-10-24,19.85,19.85,19.85,19.85,0,0.0,1.0
2016-10-25,19.85,19.85,19.85,19.85,0,0.0,1.0
2016-10-26,19.85,19.85,19.85,19.85,0,0.0,1.0
2016-10-27,19.85,19.85,19.85,19.85,0,0.0,1.0
2016-10-28,19.85,19.85,19.85,19.85,0,0.0,1.0
2016-10-31,19.85,19.85,19.85,19.85,0,0.0,1.0
2016-11-01,19.85,19.85,19.85,19.85,0,0.0,1.0
2016-11-02,19.85,19.85,19.85,19.85,0,0.0,1.0
2016-11-03,19.85,19.85,19.85,19.85,0,0.0,1.0
2016-11-04,19.85,19.85,19.85,19.85,0,0.0,1.0
2016-11-07,19.85,19.85,19.85,19.85,0,0.0,1.0
2016-11-08,19.85,19.85,19.85,19.85,0,0.0,1.0
2016-11-09,19.85,19.85,19.85,19.85,0,0.0,1.0
2016-11-10,19.85,19.85,19.85,19.85,0,0.0,1.0
2016-11-11,19.85,19.85,19.85,19.85,0,0.0,1.0
2016-11-14,19.85,19.85,19.85,19.85,0,0.0,1.0
2016-11-15,19.85,19.85,19.85,19.85,0,0.0,1.0
2016-11-16,19.85,19.85,19.85,19.85,0,0.0,1.0
2016-11-17,19.85,19.85,19.85,19.85,0,0.0,1.0
2016-11-18,19.85,19.85,19.85,19.85,0,0.0,1.0
2016-11-21,19.85,19.85,19.85,19.85,0,0.0,1.0
2016-11-22,19.85,19.85,19.85,19.85,0,0.0,1.0
2016-11-23,19.85,19.85,19.85,19.85,0,0.0,1.0
2016-11-24,19.85,19.85,19.85,19.85,0,0.0,1.0
2016-11-25,19.85,19.85,19.85,19.85,0,0.0,1.0
2016-11-28,19.85,19.85,19.85,19.85,0,0.0,1.0
2016-11-29,19.85,19.85,19.85,19.85,0,0.0,1.0
2016-11-30,19.85,19.85,19.85,19.85,0,0.0,1.0
2016-12-01,19.85,19.85,19.85,19.85,0,0.0,1.0
2016-12-02,19.85,19.85,19.85,19.85,0,0.0,1.0
2016-12-05,19.85,19.85,19.85,19.85,0,0.0,1.0
2016-12-06,19.85,19.85,19.85,19.85,0,0.0,1.0
2016-12-07,19.85,19.85,19.85,19.85,0,0.0,1.0
2016-12-08,19.85,19.85,19.85,19.85,0,0.0,1.0
2016-12-09,19.85,19.85,19.85,19.85,0,0.0,1.0
2016-12-12,19.85,19.85,19.85,19.85,0,0.0,1.0
2016-12-13,19.85,19.85,19.85,19.85,0,0.0,1.0
2016-12-14,19.85,19.85,19.85,19.85,0,0.0,1.0
2016-12-15,19.85,19.85,19.85,19.85,0,0.0,1.0
2016-12-16,19.85,19.85,19.85,19.85,0,0.0,1.0
2016-12-19,20.8333,21.8333,20.4333,21.0833,43518082,0.0,1.0
2016-12-20,20.383301,20.8083,19.758301,19.858299,20514536,0.0,1.0
2016-12-21,19.858299,19.9583,19.35,19.625,10888018,0.0,1.0
2016-12-22,19.516701,19.525,19.008301,19.108299,12159623,0.0,1.0
2016-12-23,19.133301,19.299999,19.008301,19.108299,6303167,0.0,1.0
2016-12-26,19.025,19.025,18.325001,18.6583,7178814,0.0,1.0
2016-12-27,18.6667,19.3333,18.5667,18.9417,7604264,0.0,1.0
2016-12-28,18.75,19.1917,18.6917,18.775,5129701,0.0,1.0
2016-12-29,18.6917,18.9333,18.6,18.616699,5399665,0.0,1.0
2016-12-30,18.575001,18.766701,18.233299,18.4417,8629504,0.0,1.0
2017-01-03,18.4583,18.608299,18.358299,18.508301,3828699,0.0,1.0
2017-01-04,18.5583,18.608299,18.4,18.6,5237104,0.0,1.0
2017-01-05,18.641701,18.641701,18.483299,18.525,4680547,0.0,1.0
2017-01-06,18.525,18.8167,18.450001,18.733299,7006332,0.0,1.0
2017-01-09,18.733299,18.733299,18.525,18.641701,4594537,0.0,1.0
2017-01-10,18.625,18.825001,18.625,18.6583,3699343,0.0,1.0
2017-01-11,18.6583,18.733299,18.383301,18.4333,3744864,0.0,1.0
2017-01-12,18.4167,18.491699,18.0667,18.108299,3857765,0.0,1.0
2017-01-13,18.0833,18.325001,18.0667,18.275,4412584,0.0,1.0
2017-01-16,18.25,18.6667,17.8333,18.641701,13083904,0.0,1.0
2017-01-17,18.641701,18.65,18.2917,18.5417,3114195,0.0,1.0
2017-01-18,18.516701,18.6667,18.35,18.5333,2609165,0.0,1.0
2017-01-19,18.525,18.525,18.2167,18.299999,3030126,0.0,1.0
2017-01-20,18.2917,18.4167,18.1917,18.4,2135060,0.0,1.0
2017-01-23,18.483299,18.5,18.383301,18.4667,2814123,0.0,1.0
2017-01-24,18.4667,18.5,18.4,18.4167,2331043,0.0,1.0
2017-01-25,18.275,18.483299,18.275,18.4083,1718952,0.0,1.0
2017-01-26,18.4667,18.508301,18.4083,18.450001,2230130,0.0,1.0
2017-02-03,18.4583,18.5,18.375,18.391701,1395395,0.0,1.0
2017-02-06,18.4083,18.5667,18.35,18.5417,2238480,0.0,1.0
2017-02-07,18.575001,18.65,18.450001,18.575001,2559635,0.0,1.0
2017-02-08,18.575001,18.641701,18.508301,18.625,3243961,0.0,1.0
2017-02-09,18.625,19.1583,18.625,18.9167,6323703,0.0,1.0
2017-02-10,18.866699,19.075001,18.7833,18.891701,4056677,0.0,1.0
2017-02-13,18.799999,19.0417,18.733299,18.950001,4288827,0.0,1.0
2017-02-14,18.883301,19.4,18.8167,19.0667,5845362,0.0,1.0
2017-02-15,19.0417,20.633301,19.0417,20,20793160,0.0,1.0
2017-02-16,19.991699,20.2917,19.641701,19.7833,10375856,0.0,1.0
2017-02-17,19.7083,19.7083,19.299999,19.35,7335384,0.0,1.0
2017-02-20,19.450001,19.6667,19.299999,19.483299,5136474,0.0,1.0
2017-02-21,19.4,19.700001,19.35,19.5583,4391511,0.0,1.0
2017-02-22,19.608299,19.6667,19.299999,19.3417,4223742,0.0,1.0
2017-02-23,19.258301,19.491699,19.0333,19.200001,5140513,0.0,1.0
2017-02-24,19.1667,19.366699,19.049999,19.266701,2626735,0.0,1.0
2017-02-27,19.3333,19.4083,19.108299,19.174999,3139343,0.0,1.0
2017-02-28,19.108299,19.266701,19.1,19.200001,2798743,0.0,1.0
2017-03-01,19.200001,19.2833,19.15,19.200001,3461833,0.0,1.0
2017-03-02,19.1667,19.25,18.9083,18.9167,4262455,0.0,1.0
2017-03-03,18.8333,18.9583,18.758301,18.924999,2650426,0.0,1.0
2017-03-06,18.9333,19.025,18.858299,18.950001,2684064,0.0,1.0
2017-03-07,19.049999,19.049999,18.924999,18.975,2471437,0.0,1.0
2017-03-08,19.016701,19.016701,18.825001,18.9,3097842,0.0,1.0
2017-03-09,18.891701,18.891701,18.6,18.875,3244221,0.0,1.0
2017-03-10,18.875,18.975,18.7167,18.725,2084232,0.0,1.0
2017-03-13,18.608299,18.7167,18.5417,18.700001,3274055,0.0,1.0
2017-03-14,18.7083,18.9,18.625,18.766701,3477870,0.0,1.0
2017-03-15,18.875,18.875,18.641701,18.758301,3091332,0.0,1.0
2017-03-16,18.741699,18.858299,18.674999,18.8417,3227711,0.0,1.0
2017-03-17,18.8333,18.9,18.6,18.6667,3775936,0.0,1.0
2017-03-20,18.674999,18.6917,18.5417,18.674999,2430090,0.0,1.0
2017-03-21,18.6583,18.9167,18.549999,18.9,4218475,0.0,1.0
2017-03-22,18.858299,18.891701,18.625,18.733299,3498316,0.0,1.0
2017-03-23,18.700001,18.9167,18.6667,18.825001,4750467,0.0,1.0
2017-03-24,18.758301,18.9,18.75,18.858299,3380346,0.0,1.0
2017-03-27,18.858299,19.8417,18.8417,19.258301,10187300,0.0,1.0
2017-03-28,19.225,19.725,19,19.5,9113972,0.0,1.0
2017-03-29,19.616699,19.8417,19.3083,19.3333,10733022,0.0,1.0
2017-03-30,19.3333,19.575001,18.9583,19.141701,7707718,0.0,1.0
2017-03-31,19.049999,19.383301,19.049999,19.1667,5503925,0.0,1.0
2017-04-05,19.0833,19.5667,19.0833,19.4167,7519167,0.0,1.0
2017-04-06,19.4167,19.450001,19.0833,19.141701,6133871,0.0,1.0
2017-04-07,19.0833,19.358299,19.049999,19.0667,5938852,0.0,1.0
2017-04-10,19.0583,19.125,18.75,18.75,5905505,0.0,1.0
2017-04-11,18.7833,19.108299,18.758301,19.0917,6069898,0.0,1.0
2017-04-12,19.075001,19.825001,18.924999,19.725,16852235,0.0,1.0
2017-04-13,19.758301,19.7917,19.5,19.549999,8536622,0.0,1.0
2017-04-14,19.633301,19.633301,19.174999,19.424999,7122711,0.0,1.0
2017-04-17,19.4167,19.450001,19,19.4333,5195169,0.0,1.0
2017-04-18,19.4167,20.5833,19.2083,19.983299,13431728,0.0,1.0
2017-04-19,19.725,19.825001,19.1,19.575001,10626953,0.0,1.0
2017-04-20,19.4583,20.125,19.3417,20.0917,15132028,0.0,1.0
2017-04-21,20,20.2917,19.8167,20.25,13058699,0.0,1.0
2017-04-24,20.25,20.35,19.6667,20.3333,13401416,0.0,1.0
2017-04-25,20.125,20.299999,19.75,19.7917,9839808,0.0,1.0
2017-04-26,19.775,19.9333,19.5667,19.616699,5662585,0.0,1.0
2017-04-27,19.6583,19.875,19.3417,19.6917,6608548,0.0,1.0
2017-04-28,19.5833,19.7083,19.358299,19.6667,5405202,0.0,1.0
2017-05-02,19.5667,19.625,18.8333,18.991699,9705806,0.0,1.0
2017-05-03,18.9167,19.15,18.7083,18.9583,4653467,0.0,1.0
2017-05-04,18.8417,18.975,18.7167,18.9667,3242848,0.0,1.0
2017-05-05,18.8333,19.049999,18.75,19.0333,4702547,0.0,1.0
2017-05-08,18.983299,19.133301,18.8083,19.1,5015143,0.0,1.0
2017-05-09,19,19.3083,18.9583,19.049999,3005101,0.0,1.0
2017-05-10,19.049999,19.241699,18.9167,19.049999,3088138,0.0,1.0
2017-05-11,18.991699,19.2083,18.5833,19.0917,5540488,0.0,1.0
2017-05-12,18.9583,19.233299,18.924999,19.016701,1992640,0.0,1.0
2017-05-15,19.1667,19.241699,18.9167,19.2083,3951216,0.0,1.0
2017-05-16,19.1667,19.25,19.008301,19.25,3407554,0.0,1.0
2017-05-17,19.2083,19.325001,18.9417,18.9583,4114541,0.0,1.0
2017-05-18,18.858299,19.0417,18.6667,18.975,4714797,0.0,1.0
2017-05-19,18.9167,19.0417,18.8167,18.9583,2275404,0.0,1.0
2017-05-22,18.875,19.15,18.75,19.133301,4421891,0.0,1.0
2017-05-23,19.075001,19.391701,18.8083,19.375,8305454,0.0,1.0
2017-05-24,19.2917,19.5333,19.116699,19.475,5477201,0.0,1.0
2017-05-25,19.475,19.5583,19.3417,19.5,4482893,0.0,1.0
2017-05-26,19.4583,19.5,19.233299,19.4583,3629631,0.0,1.0
2017-05-31,19.5833,19.858299,19.475,19.75,5720934,0.0,1.0
2017-06-01,19.625,20.0583,19.525,20.0333,9135735,0.0,1.0
2017-06-02,19.9417,20.2167,19.7167,19.883301,6052657,0.0,1.0
2017-06-05,19.9167,19.9583,19.758301,19.8417,2661917,0.0,1.0
2017-06-06,19.7917,19.9583,19.700001,19.9333,2460110,0.0,1.0
2017-06-07,19.9,20.0417,19.799999,19.950001,3210875,0.0,1.0
2017-06-08,19.883301,20.0333,19.5583,19.75,6302987,0.0,1.0
2017-06-09,19.700001,19.975,19.3333,19.383301,8800737,0.0,1.0
2017-06-12,19.4,19.641701,19.2917,19.483299,4722078,0.0,1.0
2017-06-13,19.491699,19.65,19.4167,19.5833,3025359,0.0,1.0
2017-06-14,19.35,19.35,19.0667,19.1583,2951532,0.36209,1.0
2017-06-15,19.1583,19.225,19.0833,19.1,3240689,0.0,1.0
2017-06-16,19.0667,19.1,18.975,19.0417,2579722,0.0,1.0
2017-06-19,19.141701,19.625,19.125,19.6,6861256,0.0,1.0
2017-06-20,19.75,19.799999,19.375,19.483299,5001859,0.0,1.0
2017-06-21,19.6,19.641701,19.3417,19.508301,3771911,0.0,1.0
2017-06-22,19.608299,19.858299,19.4333,19.65,7760240,0.0,1.0
2017-06-23,19.5917,19.799999,19.3417,19.758301,5594533,0.0,1.0
2017-06-26,19.875,19.875,19.6,19.758301,4150000,0.0,1.0
2017-06-27,19.75,19.975,19.633301,19.65,4007777,0.0,1.0
2017-06-28,19.5917,19.875,19.516701,19.674999,4207375,0.0,1.0
2017-06-29,19.65,19.8333,19.516701,19.575001,2978505,0.0,1.0
2017-06-30,19.5667,19.7083,19.383301,19.700001,3805674,0.0,1.0
2017-07-03,19.6917,19.766701,19.516701,19.7083,2633123,0.0,1.0
2017-07-04,19.616699,19.983299,19.5917,19.8417,5169513,0.0,1.0
2017-07-05,19.8167,19.8333,19.608299,19.7083,3725659,0.0,1.0
2017-07-06,19.7083,19.7917,19.616699,19.741699,3245733,0.0,1.0
2017-07-07,19.725,19.866699,19.5917,19.775,4049164,0.0,1.0
2017-07-10,19.75,20.049999,19.7083,19.9333,6095653,0.0,1.0
2017-07-11,19.991699,19.991699,19.7917,19.883301,4116747,0.0,1.0
2017-07-12,19.891701,20.299999,19.85,20.174999,10505666,0.0,1.0
2017-07-13,20.0833,20.3083,20.008301,20.258301,7249219,0.0,1.0
2017-07-14,20.266701,20.391701,20.1667,20.266701,7178392,0.0,1.0
2017-07-17,20.258301,20.258301,18.241699,19.6833,10853608,0.0,1.0
2017-07-18,19.4167,19.7083,19.383301,19.616699,3512259,0.0,1.0
2017-07-19,19.616699,19.741699,19.4333,19.625,4321129,0.0,1.0
2017-07-20,19.6917,19.741699,19.491699,19.516701,3377874,0.0,1.0
2017-07-21,19.491699,19.625,19.1667,19.2167,4331496,0.0,1.0
2017-07-24,19.2167,19.2167,18.8333,18.9583,5346519,0.0,1.0
2017-07-25,18.8417,19,18.8417,18.924999,2654956,0.0,1.0
2017-07-26,18.866699,19.0667,18.858299,19.016701,2298043,0.0,1.0
2017-07-27,19,19.2167,18.875,19.141701,2491654,0.0,1.0
2017-07-28,19.141701,19.2083,18.9583,19.016701,1936418,0.0,1.0
2017-07-31,20.0833,20.25,19.5833,19.7083,9710772,0.0,1.0
2017-08-01,19.633301,21.2083,19.633301,20.6583,17579266,0.0,1.0
2017-08-02,20.5917,20.5917,19.983299,20.0583,11091354,0.0,1.0
2017-08-03,20.049999,20.8167,20.025,20.549999,10751804,0.0,1.0
2017-08-04,20.4083,20.75,20.2917,20.375,6316649,0.0,1.0
2017-08-07,20.375,20.5667,20.133301,20.383301,4961920,0.0,1.0
2017-08-08,20.3333,20.4083,20.141701,20.1667,5038047,0.0,1.0
2017-08-09,20.233299,20.65,20.1583,20.525,6473675,0.0,1.0
2017-08-10,20.5,20.8167,20.1833,20.7167,9381906,0.0,1.0
2017-08-11,20.483299,20.825001,20.383301,20.8167,10369365,0.0,1.0
2017-08-14,20.8417,21.4667,20.5917,20.641701,12521962,0.0,1.0
2017-08-15,20.5,20.6667,20.3167,20.4,6079401,0.0,1.0
2017-08-16,20.391701,20.6917,20.3083,20.4083,3536219,0.0,1.0
2017-08-17,20.4417,20.575001,20.3167,20.450001,3692757,0.0,1.0
2017-08-18,20.4,20.4083,20.1667,20.200001,5170809,0.0,1.0
2017-08-21,20.325001,20.6667,20.325001,20.4167,3564585,0.0,1.0
2017-08-22,20.5833,20.5833,20.200001,20.25,3299911,0.0,1.0
2017-08-23,20.1667,20.35,20.133301,20.141701,3051318,0.0,1.0
2017-08-24,20.174999,20.5833,20.1,20.25,3227604,0.0,1.0
2017-08-25,20.25,20.325001,20.108299,20.275,2388748,0.0,1.0
2017-08-28,20.3083,20.549999,20.2167,20.4333,4696924,0.0,1.0
2017-08-29,20.424999,20.549999,20.3083,20.483299,2933101,0.0,1.0
2017-08-30,20.516701,20.766701,20.483299,20.5333,4094375,0.0,1.0
2017-08-31,20.5417,20.625,20.266701,20.4,3043674,0.0,1.0
2017-09-01,20.4417,20.4667,20.2083,20.2833,3808164,0.0,1.0
2017-09-04,20.2167,20.3333,20.1667,20.225,3050232,0.0,1.0
2017-09-05,20.1667,20.233299,19.924999,20,4276301,0.0,1.0
2017-09-06,19.9,20,19.700001,19.758301,4639339,0.0,1.0
2017-09-07,19.75,20.016701,19.75,19.866699,2921262,0.0,1.0
2017-09-08,19.766701,20,19.733299,19.799999,2782893,0.0,1.0
2017-09-11,19.8333,19.891701,19.625,19.674999,3422521,0.0,1.0
2017-09-12,19.7083,19.758301,19.475,19.525,4039503,0.0,1.0
2017-09-13,19.5833,19.5917,19.366699,19.4583,3042348,0.0,1.0
2017-09-14,19.4667,19.5,19.3333,19.4,3504832,0.0,1.0
2017-09-15,19.375,19.6833,19.3417,19.5667,5576873,0.0,1.0
2017-09-18,19.5833,19.5833,19.3333,19.4333,4087522,0.0,1.0
2017-09-19,19.4417,19.8167,19.366699,19.4167,6817558,0.0,1.0
2017-09-20,19.4333,19.4583,19.1583,19.266701,6099034,0.0,1.0
2017-09-21,19.3167,19.3333,19.1,19.1,4543452,0.0,1.0
2017-09-22,19.0833,19.258301,19.0333,19.233299,3605203,0.0,1.0
2017-09-25,19.0583,19.4,18.875,19.366699,7128042,0.0,1.0
2017-09-26,19.258301,19.3083,18.9667,19.125,3331167,0.0,1.0
2017-09-27,19.116699,19.174999,18.883301,18.9,3950271,0.0,1.0
2017-09-28,18.9167,18.975,18.6,18.75,4885829,0.0,1.0
2017-09-29,18.741699,18.8167,18.5833,18.633301,3941409,0.0,1.0
2017-10-09,18.7917,18.858299,18.6667,18.725,3124296,0.0,1.0
2017-10-10,18.7083,18.9583,18.7083,18.9417,3146724,0.0,1.0
2017-10-11,18.983299,19.0333,18.85,18.9333,2283887,0.0,1.0
2017-10-12,18.9333,19.016701,18.8333,18.9333,2258000,0.0,1.0
2017-10-13,18.9583,19.0583,18.9,18.9667,2230748,0.0,1.0
2017-10-16,18.9667,19.0417,18.875,18.9583,3355657,0.0,1.0
2017-10-17,19,19.108299,18.875,18.950001,2609661,0.0,1.0
2017-10-18,18.9583,19.225,18.9167,19.200001,6218713,0.0,1.0
2017-10-19,19.141701,19.358299,19.049999,19.3417,5232957,0.0,1.0
2017-10-20,19.733299,20.6917,19.733299,20.0917,18616167,0.0,1.0
2017-10-23,19.75,19.766701,19.424999,19.491699,9898704,0.0,1.0
2017-10-24,19.4583,19.8083,19.266701,19.6833,8692518,0.0,1.0
2017-10-25,19.6,19.7917,19.375,19.5583,4194970,0.0,1.0
2017-10-26,19.608299,19.6833,19.2833,19.325001,6348366,0.0,1.0
2017-10-27,19.325001,19.4667,18.983299,19.0333,4134041,0.0,1.0
2017-10-30,19.008301,19.125,18.65,19.1,6287189,0.0,1.0
2017-10-31,19,19.575001,18.9167,19.424999,6094716,0.0,1.0
2017-11-01,19.3083,19.3083,19.0583,19.116699,3499609,0.0,1.0
2017-11-02,19.0917,19.375,19.008301,19.141701,3088995,0.0,1.0
2017-11-03,19.1667,19.2083,18.7167,19.174999,6186767,0.0,1.0
2017-11-06,19.0917,19.108299,18.924999,19,1960978,0.0,1.0
2017-11-07,19.016701,19.141701,18.766701,18.866699,2654289,0.0,1.0
2017-11-08,18.8167,18.9583,18.775,18.8167,2985383,0.0,1.0
2017-11-09,18.8333,18.9,18.674999,18.799999,2999967,0.0,1.0
2017-11-10,18.7917,18.8417,18.6667,18.6917,2912461,0.0,1.0
2017-11-13,18.758301,18.9167,18.6833,18.799999,3170454,0.0,1.0
2017-11-14,18.7917,18.875,18.700001,18.733299,1943749,0.0,1.0
2017-11-15,18.733299,18.7833,18.625,18.725,2335584,0.0,1.0
2017-11-16,18.758301,18.858299,18.3333,18.358299,3899289,0.0,1.0
2017-11-17,18.4167,18.9583,18.174999,18.924999,10388800,0.0,1.0
2017-11-20,18.674999,18.983299,18.6667,18.858299,3286275,0.0,1.0
2017-11-21,18.883301,18.9417,18.775,18.9167,2339471,0.0,1.0
2017-11-22,18.9167,18.991699,18.799999,18.8167,2098483,0.0,1.0
2017-11-23,18.775,18.85,18.258301,18.4083,3728931,0.0,1.0
2017-11-24,18.4,18.575001,18.25,18.4583,3347273,0.0,1.0
2017-11-27,18.4167,18.5,18.299999,18.491699,3017109,0.0,1.0
2017-11-28,18.483299,18.5,18.358299,18.4,1424497,0.0,1.0
2017-11-29,18.4,18.491699,18.225,18.2833,2960343,0.0,1.0
2017-11-30,18.25,18.4167,18.225,18.2833,2202358,0.0,1.0
2017-12-01,18.2833,18.358299,18.0917,18.325001,2862927,0.0,1.0
2017-12-04,18.15,18.3167,18.0917,18.3167,3329471,0.0,1.0
2017-12-05,18.3167,18.866699,18.233299,18.8167,10030632,0.0,1.0
2017-12-06,18.6667,18.85,18.525,18.766701,3289125,0.0,1.0
2017-12-07,18.625,18.766701,18.200001,18.483299,4054423,0.0,1.0
2017-12-08,18.424999,18.450001,18.1667,18.233299,5151784,0.0,1.0
2017-12-11,18.0833,18.225,17.8417,17.9667,5626779,0.0,1.0
2017-12-12,17.991699,18.025,17.8333,17.875,2038051,0.0,1.0
2017-12-13,17.858299,17.9417,17.608299,17.6833,3005821,0.0,1.0
2017-12-14,17.6583,17.725,17.15,17.299999,4947898,0.0,1.0
2017-12-15,17.2083,17.299999,16.3167,16.6667,7967499,0.0,1.0
2017-12-18,16.6583,16.75,16.516701,16.7167,3673059,0.0,1.0
2017-12-19,16.85,16.85,16.375,16.491699,3561853,0.0,1.0
2017-12-20,16.5,16.575001,16.4,16.549999,2300006,0.0,1.0
2017-12-21,16.491699,16.575001,15.775,16.0667,7351377,0.0,1.0
2017-12-22,16.049999,16.116699,15.6417,15.6667,4980124,0.0,1.0
2017-12-25,15.6667,16.1667,15.5833,16.125,5045880,0.0,1.0
2017-12-26,16.375,17.0667,16.3333,16.5,7806315,0.0,1.0
2017-12-27,16.325001,16.325001,15.8167,15.9667,4918729,0.0,1.0
2017-12-28,15.95,16.0417,15.7583,15.85,2752476,0.0,1.0
2017-12-29,15.8,15.9667,15.7917,15.8583,1915049,0.0,1.0
2018-01-02,15.925,16.25,15.8667,16.0583,2755368,0.0,1.0
2018-01-03,16.0917,16.2083,16.016701,16.15,3039402,0.0,1.0
2018-01-04,16.1667,17.766701,16.141701,17.766701,7379035,0.0,1.0
2018-01-05,17.5417,17.6917,16.950001,17.225,11090915,0.0,1.0
2018-01-08,17.233299,17.491699,16.9333,17.1667,5925504,0.0,1.0
2018-01-09,17.133301,17.366699,16.858299,16.924999,4547418,0.0,1.0
2018-01-10,16.9333,17.075001,16.65,16.700001,4085701,0.0,1.0
2018-01-11,16.6583,16.9417,16.633301,16.700001,2917261,0.0,1.0
2018-01-12,16.633301,17.4167,16.6,16.9417,5959960,0.0,1.0
2018-01-15,16.883301,16.975,16.5667,16.6667,3616134,0.0,1.0
2018-01-16,16.641701,17.4333,16.641701,17.366699,7492534,0.0,1.0
2018-01-17,17.3333,17.6667,16.983299,17.299999,6537097,0.0,1.0
2018-01-18,17.25,17.375,17.0417,17.0833,2479112,0.0,1.0
2018-01-19,17.1667,17.4167,16.9667,17.016701,3724588,0.0,1.0
2018-01-22,16.9167,17.0917,16.8083,16.9583,2553527,0.0,1.0
2018-01-23,17,17.3167,16.858299,17.108299,2715336,0.0,1.0
2018-01-24,17.0667,17.383301,17.0417,17.2083,3023502,0.0,1.0
2018-01-25,17.2083,17.375,17.1,17.200001,2356360,0.0,1.0
2018-01-26,17.1833,17.383301,17.133301,17.275,3572509,0.0,1.0
2018-01-29,17.275,17.375,16.8167,16.9083,2871009,0.0,1.0
2018-01-30,16.8417,16.991699,16.616699,16.625,2465352,0.0,1.0
2018-01-31,16.5833,17.2083,16.1667,16.3083,4346105,0.0,1.0
2018-02-01,16.3167,16.5833,15.8417,16.5583,4949637,0.0,1.0
2018-02-02,16.325001,16.5417,16.116699,16.366699,1530306,0.0,1.0
2018-02-05,16.25,16.4333,16.125,16.15,1455211,0.0,1.0
2018-02-06,15.75,16.25,15.7,16.15,5269335,0.0,1.0
2018-02-07,16.125,16.3417,16.049999,16.1583,3084802,0.0,1.0
2018-02-08,16.1583,16.3083,15.9167,16.1583,2472251,0.0,1.0
2018-02-09,15.9167,16.141701,14.8583,15.575,5356098,0.0,1.0
2018-02-12,15.5833,15.7083,15.325,15.5833,1672715,0.0,1.0
2018-02-13,15.625,15.7583,15.5083,15.5917,1401930,0.0,1.0
2018-02-14,15.7083,15.7167,15.5167,15.5583,866304,0.0,1.0
2018-02-22,15.625,15.9167,15.625,15.7583,1520914,0.0,1.0
2018-02-23,15.825,16.3167,15.7583,16.1833,3277299,0.0,1.0
2018-02-26,16.1833,16.375,16.0833,16.2083,1748978,0.0,1.0
2018-02-27,16.200001,16.2917,16.141701,16.2083,1698772,0.0,1.0
2018-02-28,16.174999,16.233299,16,16.049999,1278334,0.0,1.0
2018-03-01,16.049999,16.266701,15.95,16.233299,1787623,0.0,1.0
2018-03-02,16.1667,16.1833,16.025,16.1,1205657,0.0,1.0
2018-03-05,16.125,16.275,16.016701,16.225,1237792,0.0,1.0
2018-03-06,16.266701,16.5667,16.266701,16.516701,2239386,0.0,1.0
2018-03-07,16.641701,17.0833,16.4333,16.733299,3103470,0.0,1.0
2018-03-08,16.758301,16.799999,16.475,16.575001,1776096,0.0,1.0
2018-03-09,16.575001,16.8083,16.483299,16.741699,2231388,0.0,1.0
2018-03-12,16.8083,16.8167,16.65,16.75,1701074,0.0,1.0
2018-03-13,16.7167,16.9417,16.608299,16.65,2063902,0.0,1.0
2018-03-14,16.700001,16.7917,16.5667,16.5667,1260280,0.0,1.0
2018-03-15,16.5667,16.85,16.4667,16.608299,1478249,0.0,1.0
2018-03-16,16.525,16.741699,16.525,16.575001,1320062,0.0,1.0
2018-03-19,16.5417,16.733299,16.516701,16.608299,1129204,0.0,1.0
2018-03-20,16.5667,16.725,16.5,16.608299,1175632,0.0,1.0
2018-03-21,16.608299,16.766701,16.516701,16.616699,3039082,0.0,1.0
2018-03-22,16.5917,16.5917,16.233299,16.4333,3285420,0.0,1.0
2018-03-23,16.225,16.5583,15.85,16.4333,4883523,0.0,1.0
2018-03-26,16.3333,16.3333,15.6167,16.0333,2524620,0.0,1.0
2018-03-27,16.0667,16.1833,15.95,16.008301,1781435,0.0,1.0
2018-03-28,15.9583,15.9833,15.6833,15.8167,2187722,0.0,1.0
2018-03-29,15.8167,15.9083,15.6167,15.7,3876997,0.0,1.0
2018-03-30,15.7833,15.8333,15.65,15.7333,2224337,0.0,1.0
2018-04-02,15.725,15.9167,15.7083,15.8667,2380476,0.0,1.0
2018-04-03,15.7833,15.9,15.6333,15.8333,1831476,0.0,1.0
2018-04-04,15.8333,15.9167,15.625,15.675,1989313,0.0,1.0
2018-04-09,15.675,15.9917,15.55,15.9,2064424,0.0,1.0
2018-04-10,16.0333,16.0333,15.8,15.8583,1794119,0.0,1.0
2018-04-11,15.9917,16.325001,15.8667,15.9083,3374565,0.0,1.0
2018-04-12,16,16,15.7333,15.75,1968048,0.0,1.0
2018-04-13,15.7667,15.9833,15.5917,15.625,1485822,0.0,1.0
2018-04-16,15.5833,15.5833,15.1917,15.2667,2803403,0.0,1.0
2018-04-17,15.275,15.375,14.9833,15.0083,2246926,0.0,1.0
2018-04-18,15.075,15.1917,14.8167,14.8917,2882613,0.0,1.0
2018-04-19,14.9167,14.95,14.8333,14.875,2321434,0.0,1.0
2018-04-20,14.9417,14.9417,14.7,14.875,2209547,0.0,1.0
2018-04-23,14.9083,14.9167,14.6417,14.875,1468620,0.0,1.0
2018-04-24,14.875,15.0667,14.8417,14.9917,2522506,0.0,1.0
2018-04-25,14.9917,15.0417,14.925,14.95,1236973,0.0,1.0
2018-04-26,14.925,15.0583,14.875,14.9583,1640815,0.0,1.0
2018-04-27,15.0333,15.075,14.8833,15.05,1751148,0.0,1.0
2018-05-02,15.0833,15.3,15.05,15.2083,2708439,0.0,1.0
2018-05-03,15.2917,15.35,15.0417,15.2083,1989500,0.0,1.0
2018-05-04,15.2333,15.2333,15.025,15.075,1168138,0.0,1.0
2018-05-07,15.125,15.125,14.925,15.1,1675806,0.0,1.0
2018-05-08,15.075,15.2083,15.0333,15.1167,1580719,0.0,1.0
2018-05-09,15.1167,15.225,15.075,15.0917,1375134,0.0,1.0
2018-05-10,15.1333,15.15,14.9833,14.9917,1876316,0.0,1.0
2018-05-11,14.9917,15.0667,14.9,14.9083,1334148,0.0,1.0
2018-05-14,14.95,15.15,14.95,15.15,2552170,0.0,1.0
2018-05-15,15.225,15.225,14.8083,14.9667,2441075,0.0,1.0
2018-05-16,14.9167,14.9167,14.7917,14.8083,1602252,0.0,1.0
2018-05-17,14.8083,14.8917,14.7583,14.8083,1017116,0.0,1.0
2018-05-18,14.8833,14.8833,14.7667,14.8333,882678,0.0,1.0
2018-05-21,14.85,15.0167,14.85,14.975,1581672,0.0,1.0
2018-05-22,14.925,15,14.9,14.9583,1484108,0.0,1.0
2018-05-23,14.9583,14.9833,14.875,14.8833,1445125,0.0,1.0
2018-05-24,14.9,14.925,14.5,14.525,2156711,0.0,1.0
2018-05-25,14.525,14.7167,14.4833,14.6167,2374343,0.0,1.0
2018-05-28,14.5417,14.7333,14.2667,14.3167,1863673,0.0,1.0
2018-05-29,14.325,14.4333,14.275,14.3333,1503659,0.0,1.0
2018-05-30,14.3333,14.3333,13.5917,13.625,3123648,0.0,1.0
2018-05-31,13.75,13.8667,13.5167,13.6583,2919862,0.0,1.0
2018-06-01,13.65,13.7333,13.4,13.4667,2382997,0.0,1.0
2018-06-04,13.5833,13.5833,13.3,13.4167,2938715,0.0,1.0
2018-06-05,13.4583,13.4583,13.2917,13.4167,2494717,0.0,1.0
2018-06-06,13.4667,13.7333,13.4167,13.675,4159325,0.0,1.0
2018-06-07,13.7417,14.6083,13.5417,14.35,8909348,0.0,1.0
2018-06-08,14.1917,14.55,14.15,14.4917,7121404,0.0,1.0
2018-06-11,14.5,14.575,14.3167,14.3417,3931717,0.0,1.0
2018-06-12,14.4167,14.4417,14.0917,14.325,2600985,0.0,1.0
2018-06-13,14.275,14.3333,14.1,14.1833,1821918,0.0,1.0
2018-06-14,14.2417,14.2417,13.925,13.9833,2186408,0.0,1.0
2018-06-15,13.9,14.15,13.7667,13.8667,1915039,0.0,1.0
2018-06-19,13.725,13.875,12.4833,12.6583,4776391,0.0,1.0
2018-06-20,12.6667,13.3333,12.6667,13.2667,4303349,0.0,1.0
2018-06-21,13.4917,13.8667,13.2167,13.4917,4462852,0.0,1.0
2018-06-22,13.4917,14.4167,13.4833,14.4,6008489,0.0,1.0
2018-06-25,14.3917,14.4,14,14.0167,4183116,0.0,1.0
2018-06-26,13.925,13.925,13.2667,13.3833,4703087,0.0,1.0
2018-06-27,13.3917,13.4917,13.175,13.2167,3208431,0.0,1.0
2018-06-28,13.2333,13.2333,12.7583,12.925,3055432,0.0,1.0
2018-06-29,12.85,13.2333,12.8083,13.1583,2360029,0.0,1.0
2018-07-02,13.1167,13.1167,12.5833,12.7833,3124639,0.0,1.0
2018-07-03,12.7917,12.9083,12.5167,12.85,3406533,0.0,1.0
2018-07-04,12.7333,12.9583,12.5667,12.8333,2320820,0.0,1.0
2018-07-05,12.75,12.875,12.55,12.5833,1874868,0.0,1.0
2018-07-06,12.6333,12.6583,12.325,12.5667,2678506,0.0,1.0
2018-07-09,12.575,12.8167,12.575,12.7333,1949100,0.0,1.0
2018-07-10,12.7333,12.8333,12.6667,12.8167,1837286,0.0,1.0
2018-07-11,12.7583,12.7583,12.4667,12.575,1915637,0.0,1.0
2018-07-12,12.7083,13,12.5583,12.925,3032369,0.0,1.0
2018-07-13,13,13.1333,12.9333,13,2065955,0.0,1.0
2018-07-16,13.125,13.125,12.9,12.9167,1210344,0.0,1.0
2018-07-17,12.85,12.9583,12.7333,12.8167,2110925,0.0,1.0
2018-07-18,12.4667,12.4667,12.3167,12.3167,1453982,0.43479,1.0
2018-07-19,12.4083,12.4083,12.2667,12.35,1060332,0.0,1.0
2018-07-20,12.35,12.5917,12.3333,12.5833,1479688,0.0,1.0
2018-07-23,12.55,12.6833,12.4167,12.6583,1916552,0.0,1.0
2018-07-24,12.6667,13.05,12.6583,12.8417,2290132,0.0,1.0
2018-07-25,12.85,13.0417,12.7417,12.9167,2040348,0.0,1.0
2018-07-26,12.9833,13.0333,12.8417,12.875,1715826,0.0,1.0
2018-07-27,13.0417,13.2917,12.9833,13.0333,2758641,0.0,1.0
2018-07-30,13.0667,13.0917,12.8667,12.9167,1967818,0.0,1.0
2018-07-31,12.8917,13.1333,12.85,13.075,2074462,0.0,1.0
2018-08-01,13,13.7917,13,13.2583,5060203,0.0,1.0
2018-08-02,13.3083,13.3083,12.65,12.8417,2752236,0.0,1.0
2018-08-03,13.0333,13.0333,12.6917,12.725,1558568,0.0,1.0
2018-08-06,12.725,13.1417,12.6917,12.75,2258656,0.0,1.0
2018-08-07,12.825,13.0833,12.7917,13.05,2581025,0.0,1.0
2018-08-08,13.05,13.0917,12.675,12.7333,2470261,0.0,1.0
2018-08-09,12.7333,13.025,12.5,12.9917,2679995,0.0,1.0
2018-08-10,12.9833,13.1833,12.8417,12.95,2609604,0.0,1.0
2018-08-13,12.9167,13.2167,12.65,13.125,3277829,0.0,1.0
2018-08-14,13.0667,13.2083,13.0083,13.0833,1934224,0.0,1.0
2018-08-15,13.125,13.1833,12.8917,12.925,1812083,0.0,1.0
2018-08-16,12.925,12.9833,12.7,12.7417,1775707,0.0,1.0
2018-08-17,12.75,12.95,12.525,12.55,1453927,0.0,1.0
2018-08-20,12.55,12.7,12.4167,12.6667,1494018,0.0,1.0
2018-08-21,12.6667,12.875,12.5833,12.8083,1190513,0.0,1.0
2018-08-22,12.8917,12.8917,12.6667,12.6833,868266,0.0,1.0
2018-08-23,12.7,12.825,12.625,12.7417,924344,0.0,1.0
2018-08-24,12.6417,12.8083,12.575,12.6833,934591,0.0,1.0
2018-08-27,12.7917,12.8667,12.6917,12.8667,2138338,0.0,1.0
2018-08-28,12.8667,12.95,12.7917,12.8833,925574,0.0,1.0
2018-08-29,12.8833,12.9917,12.8417,12.9167,1135650,0.0,1.0
2018-08-30,12.975,13.0167,12.7667,12.775,909985,0.0,1.0
2018-08-31,12.7167,12.875,12.675,12.7333,1233883,0.0,1.0
2018-09-03,12.7333,12.7833,12.5917,12.7583,1658084,0.0,1.0
2018-09-04,12.7583,12.9167,12.625,12.85,1687906,0.0,1.0
2018-09-05,12.825,12.9583,12.825,12.8583,1278169,0.0,1.0
2018-09-06,12.85,12.875,12.6833,12.6917,1267915,0.0,1.0
2018-09-07,12.6667,12.8,12.6,12.6667,935442,0.0,1.0
2018-09-10,12.6333,12.7583,12.5833,12.6,933502,0.0,1.0
2018-09-11,12.6833,12.7417,12.6,12.7,1370218,0.0,1.0
2018-09-12,12.7,12.7417,12.375,12.4417,2022662,0.0,1.0
2018-09-13,12.4917,12.625,12.3583,12.5333,1275103,0.0,1.0
2018-09-14,12.5333,12.5917,12.3583,12.4917,2106007,0.0,1.0
2018-09-17,12.5,12.525,12.2083,12.25,1659563,0.0,1.0
2018-09-18,12.2,12.3667,12.1167,12.3583,1768885,0.0,1.0
2018-09-19,12.325,12.6583,12.3083,12.6167,2319128,0.0,1.0
2018-09-20,12.5833,12.775,12.5333,12.6917,2478240,0.0,1.0
2018-09-21,12.7667,12.875,12.5583,12.8667,2773391,0.0,1.0
2018-09-25,12.8417,13.0083,12.8,12.9167,2447172,0.0,1.0
2018-09-26,12.8833,13.15,12.8833,13.025,2338357,0.0,1.0
2018-09-27,13.0417,13.15,12.95,13.0583,2274954,0.0,1.0
2018-09-28,13.075,13.125,12.9333,13,1860815,0.0,1.0
2018-10-08,12.9417,12.9417,12.4167,12.675,3073611,0.0,1.0
2018-10-09,12.6333,12.6833,12.4583,12.5,2385625,0.0,1.0
2018-10-10,12.5917,12.6667,12.4333,12.5833,1729598,0.0,1.0
2018-10-11,12.425,12.425,11.325,11.3417,4718841,0.0,1.0
2018-10-12,11.3833,11.3833,10.9,11.2083,3901679,0.0,1.0
2018-10-15,11.2333,11.4167,10.8583,10.8833,3238127,0.0,1.0
2018-10-16,10.8333,11.0333,10.025,10.2167,4784184,0.0,1.0
2018-10-17,10.35,10.6,10.325,10.55,3774480,0.0,1.0
2018-10-18,10.5333,10.5833,10.2917,10.4167,3324664,0.0,1.0
2018-10-19,10.4167,10.5833,10.3,10.4917,3595979,0.0,1.0
2018-10-22,10.5167,11.175,10.5167,11,4594618,0.0,1.0
2018-10-23,10.9,11.1167,10.75,10.875,2862655,0.0,1.0
2018-10-24,10.8333,11.1333,10.7833,10.8667,2384947,0.0,1.0
2018-10-25,10.5833,11.0167,10.5583,10.9417,2932630,0.0,1.0
2018-10-26,10.9583,11.4,10.8417,11.0333,3337116,0.0,1.0
2018-10-29,11,11.075,10.8333,10.8917,2238215,0.0,1.0
2018-10-30,11.025,11.05,10.825,11,2391772,0.0,1.0
2018-10-31,10.9833,11.1667,10.8333,11.0667,3657719,0.0,1.0
2018-11-01,11.0833,11.2917,11,11.1417,4401557,0.0,1.0
2018-11-02,11.3333,11.4083,11.0917,11.3,4190790,0.0,1.0
2018-11-05,11.4667,12.325,11.3417,11.7917,9914721,0.0,1.0
2018-11-06,11.8417,12.9,11.8417,12.8917,16972289,0.0,1.0
2018-11-07,12.5167,12.8,12.025,12.0833,12780146,0.0,1.0
2018-11-08,12.2167,12.325,11.925,11.925,7133789,0.0,1.0
2018-11-09,11.85,12.0667,11.5917,11.6583,5799396,0.0,1.0
2018-11-12,11.625,11.85,11.625,11.75,5391484,0.0,1.0
2018-11-13,11.6667,11.8833,11.5333,11.75,5405785,0.0,1.0
2018-11-14,11.725,12.3083,11.7083,12.1083,8905406,0.0,1.0
2018-11-15,12.0833,12.725,12,12.5,10642680,0.0,1.0
2018-11-16,12.5083,13.725,12.5083,13.725,22160316,0.0,1.0
2018-11-19,13.8,14.9083,13.75,13.9667,24029693,0.0,1.0
2018-11-20,13.8333,13.8333,13.2,13.2083,12844786,0.0,1.0
2018-11-21,13.1083,13.525,12.9833,13.1833,8711996,0.0,1.0
2018-11-22,13.15,13.6083,12.875,13.325,9614735,0.0,1.0
2018-11-23,13.0917,13.0917,12.3083,12.55,10357307,0.0,1.0
2018-11-26,12.6583,12.7833,12.45,12.5833,3905821,0.0,1.0
2018-11-27,12.7083,12.75,12.3417,12.4417,3812032,0.0,1.0
2018-11-28,12.4667,12.575,12.175,12.5,3750313,0.0,1.0
2018-11-29,12.6083,12.6583,12.1667,12.1667,4515495,0.0,1.0
2018-11-30,12.05,12.2917,11.925,12.1667,3590549,0.0,1.0
2018-12-03,12.425,12.5417,12.375,12.4333,5302414,0.0,1.0
2018-12-04,12.4417,12.5583,12.2917,12.4667,4024423,0.0,1.0
2018-12-05,12.2583,12.2583,12.05,12.0583,5724923,0.0,1.0
2018-12-06,12.0417,12.0417,11.7917,11.8167,3290389,0.0,1.0
2018-12-07,11.7417,11.9667,11.7,11.8833,1834956,0.0,1.0
2018-12-10,11.8917,11.9583,11.5167,11.5667,3373470,0.0,1.0
2018-12-11,11.6667,11.7833,11.55,11.6583,3184210,0.0,1.0
2018-12-12,11.6583,11.7417,11.55,11.625,2760605,0.0,1.0
2018-12-13,11.6417,11.6917,11.4833,11.5667,5796783,0.0,1.0
2018-12-14,11.5917,11.6167,11.0917,11.2917,10618709,0.0,1.0
2018-12-17,11.275,11.4,11.1333,11.2833,4200400,0.0,1.0
2018-12-18,11.2833,11.3667,11.0583,11.1583,3239685,0.0,1.0
2018-12-19,11.1333,11.3,10.9833,11,3072664,0.0,1.0
2018-12-20,11.0917,11.4583,11.025,11.25,6075136,0.0,1.0
2018-12-21,11.1333,11.1583,10.8833,10.9583,3590003,0.0,1.0
2018-12-24,10.9833,11.0833,10.8833,11.0833,2492450,0.0,1.0
2018-12-25,10.9583,10.9667,10.6,10.8083,4403358,0.0,1.0
2018-12-26,10.825,11.0333,10.7083,11,3294567,0.0,1.0
2018-12-27,11.1333,11.15,10.7083,10.7167,3176227,0.0,1.0
2018-12-28,10.7167,10.8583,10.6917,10.825,1868183,0.0,1.0
2019-01-02,10.8167,10.9583,10.75,10.9167,2650948,0.0,1.0
2019-01-03,10.9083,11.0667,10.6667,10.7,3978271,0.0,1.0
2019-01-04,10.5833,10.9083,10.4667,10.8417,4159645,0.0,1.0
2019-01-07,10.5833,11.0417,10.4667,11.025,4357167,0.0,1.0
2019-01-08,11.075,11.075,10.925,10.95,2257429,0.0,1.0
2019-01-09,10.9583,11.1167,10.925,10.9667,3820714,0.0,1.0
2019-01-10,10.9583,11.0167,10.9333,10.9417,2285284,0.0,1.0
2019-01-11,10.925,11.025,10.9,10.9667,1631622,0.0,1.0
2019-01-14,11.1083,11.1083,10.8417,10.8667,2829891,0.0,1.0
2019-01-15,10.875,10.9833,10.7667,10.9667,3467913,0.0,1.0
2019-01-16,10.95,11.0583,10.9417,10.9833,3186943,0.0,1.0
2019-01-17,11.025,11.075,10.925,10.975,3167548,0.0,1.0
2019-01-18,11.0167,11.4917,10.9333,11.3167,8027930,0.0,1.0
2019-01-21,11.2333,11.3833,11.175,11.2917,4479637,0.0,1.0
2019-01-22,11.2417,11.4917,11.2083,11.3167,5571034,0.0,1.0
2019-01-23,11.3083,11.4167,11.2083,11.25,3554008,0.0,1.0
2019-01-24,11.2333,11.2667,11.0333,11.1917,3184287,0.0,1.0
2019-01-25,11.1667,11.2917,11.1667,11.2083,2255772,0.0,1.0
2019-01-28,11.275,11.3167,11.125,11.1667,2092729,0.0,1.0
2019-01-29,11.1833,11.2667,10.9333,11.1083,3820177,0.0,1.0
2019-01-30,11.1083,11.2,11.0083,11.0917,1895041,0.0,1.0
2019-01-31,11.15,11.1917,10.9,10.9,3086328,0.0,1.0
2019-02-01,10.9333,11.1167,10.9333,11.1167,2901263,0.0,1.0
2019-02-11,11.1,11.2667,11.0333,11.2583,3680381,0.0,1.0
2019-02-12,11.2583,11.4167,11.2083,11.3333,5323972,0.0,1.0
2019-02-13,11.425,11.4833,11.3083,11.4667,6723508,0.0,1.0
2019-02-14,11.5,11.725,11.4083,11.6333,10269483,0.0,1.0
2019-02-15,11.6083,11.6333,11.4167,11.425,5847489,0.0,1.0
2019-02-18,11.4417,11.7333,11.4417,11.7333,7363055,0.0,1.0
2019-02-19,11.7417,12.75,11.7417,12.3333,17804577,0.0,1.0
2019-02-20,12.3167,12.325,12.0917,12.1667,5608350,0.0,1.0
2019-02-21,12.1917,12.4833,12.0667,12.1167,7019665,0.0,1.0
2019-02-22,12.1083,12.575,12.0667,12.4833,8206356,0.0,1.0
2019-02-25,12.5917,13.725,12.5917,13.6917,19602464,0.0,1.0
2019-02-26,13.6917,13.875,13.225,13.2417,16327649,0.0,1.0
2019-02-27,13.3167,13.6667,13.2417,13.3833,9216974,0.0,1.0
2019-02-28,13.3917,13.4333,13.1417,13.2,5697052,0.0,1.0
2019-03-01,13.2,13.4167,13.0333,13.1833,6318879,0.0,1.0
2019-03-04,13.3083,13.6083,13.275,13.375,12880805,0.0,1.0
2019-03-05,13.25,14.7167,13.2,14.7167,29409982,0.0,1.0
2019-03-06,14.7333,15.4917,14.2417,15.0667,30426732,0.0,1.0
2019-03-07,14.9083,15.3,14.7,14.875,15203971,0.0,1.0
2019-03-08,14.4167,14.6083,13.675,13.7333,17353411,0.0,1.0
2019-03-11,13.5833,14.5333,13.5833,14.3083,11026701,0.0,1.0
2019-03-12,14.3333,15.1333,14.2667,14.875,19607220,0.0,1.0
2019-03-13,15,16.25,14.6,15.3333,23589937,0.0,1.0
2019-03-14,15.0917,15.275,14.3333,14.475,12259280,0.0,1.0
2019-03-15,14.75,15.7333,14.5833,15.125,19764427,0.0,1.0
2019-03-18,15.1083,15.1167,14.5,15.0417,10935770,0.0,1.0
2019-03-19,15.1167,15.1167,14.65,14.8167,8292928,0.0,1.0
2019-03-20,14.7667,14.7667,14.2667,14.6417,9154658,0.0,1.0
2019-03-21,14.6333,14.9167,14.5333,14.5417,13680337,0.0,1.0
2019-03-22,15.4583,16,15.25,16,40972552,0.0,1.0
2019-03-25,15.5833,16.65,15.475,15.5417,32958365,0.0,1.0
2019-03-26,15.525,15.5417,14.625,14.7083,17655076,0.0,1.0
2019-03-27,14.7417,14.875,14.3083,14.4583,7787686,0.0,1.0
2019-03-28,14.4167,14.7167,14.2917,14.3583,5101505,0.0,1.0
2019-03-29,14.3583,14.7917,14.3083,14.7417,6654736,0.0,1.0
2019-04-01,15.125,15.5667,15.125,15.3083,11196453,0.0,1.0
2019-04-02,15.3083,15.9167,15.175,15.5167,13968001,0.0,1.0
2019-04-03,15.375,16.7833,15.25,16.6667,30467147,0.0,1.0
2019-04-04,16.6917,17.4,16.3333,16.375,24647241,0.0,1.0
2019-04-08,16.383301,16.516701,15.5833,15.775,18147746,0.0,1.0
2019-04-09,15.75,15.9083,15.5667,15.8667,8276170,0.0,1.0
2019-04-10,15.825,16.133301,15.5083,16.0667,10356941,0.0,1.0
2019-04-11,16.125,16.15,15.6167,15.675,7174275,0.0,1.0
2019-04-12,15.675,15.975,15.675,15.8167,5014002,0.0,1.0
2019-04-15,16.075001,16.2917,15.8167,15.8333,9222462,0.0,1.0
2019-04-16,15.7083,16.016701,15.4583,15.975,6774079,0.0,1.0
2019-04-17,16,16.108299,15.8667,16.0417,7352058,0.0,1.0
2019-04-18,15.975,15.975,15.8,15.8417,3942504,0.0,1.0
2019-04-19,15.8833,15.925,15.6917,15.9,3743880,0.0,1.0
2019-04-22,16,16.049999,15.75,15.8167,5207377,0.0,1.0
2019-04-23,15.85,16.0417,15.6667,15.8917,7567612,0.0,1.0
2019-04-24,15.8917,15.8917,15.3167,15.575,5715419,0.0,1.0
2019-04-25,15.4917,15.6167,14.8833,14.9167,5734357,0.0,1.0
2019-04-26,14.8167,14.95,14.5667,14.6833,5054963,0.0,1.0
2019-05-06,14.5417,14.5417,13.625,13.75,8487590,0.0,1.0
2019-05-07,13.75,14.0833,13.5667,13.9583,4399901,0.0,1.0
2019-05-08,13.7667,14.3583,13.6083,14.0833,5032425,0.0,1.0
2019-05-09,14,14.2417,13.8833,13.9083,2415586,0.0,1.0
2019-05-10,14.0583,14.2333,13.7083,14.1583,5236929,0.0,1.0
2019-05-13,14.1167,14.3833,13.9167,14.3,4572115,0.0,1.0
2019-05-14,14.1583,14.2667,14.0917,14.1167,3091596,0.0,1.0
2019-05-15,14.1917,14.3167,14.15,14.2167,4312852,0.0,1.0
2019-05-16,14.2083,14.2583,14.1417,14.2167,2262229,0.0,1.0
2019-05-17,14.2667,14.2667,13.6667,13.7333,6057610,0.0,1.0
2019-05-20,13.75,13.8917,13.5583,13.825,2173159,0.0,1.0
2019-05-21,13.875,14.025,13.75,13.925,2487353,0.0,1.0
2019-05-22,13.925,14.0417,13.8333,13.9167,1796302,0.0,1.0
2019-05-23,13.9,13.975,13.6917,13.775,2993127,0.0,1.0
2019-05-24,13.8583,14.1333,13.8333,14.0583,4312806,0.0,1.0
2019-05-27,14.1583,14.2833,13.9333,14.275,2740791,0.0,1.0
2019-05-28,14.2833,14.975,14.2333,14.8083,7167213,0.0,1.0
2019-05-29,14.95,14.95,14.5917,14.8667,4502401,0.0,1.0
2019-05-30,14.5,14.88,14.31,14.78,4568526,0.41384,1.0
2019-05-31,14.68,14.68,14.35,14.54,3974412,0.0,1.0
2019-06-03,14.57,14.62,14.2,14.35,3081239,0.0,1.0
2019-06-04,14.44,14.54,14.2,14.47,3630850,0.0,1.0
2019-06-05,14.72,14.75,14.38,14.41,2371061,0.0,1.0
2019-06-06,14.5,14.59,14.3,14.38,3030826,0.0,1.0
2019-06-10,14.57,14.69,14.35,14.69,3720724,0.0,1.0
2019-06-11,14.69,15.24,14.56,15.19,7004106,0.0,1.0
2019-06-12,15.1,15.37,15.03,15.29,5969017,0.0,1.0
2019-06-13,15.46,15.85,15.35,15.47,9256959,0.0,1.0
2019-06-14,15.47,15.7,14.96,14.97,13292183,0.0,1.0
2019-06-19,15.32,15.45,15,15.03,4403748,0.0,1.0
2019-06-20,15,15.39,14.96,15.27,5282117,0.0,1.0
2019-06-21,15.3,15.62,15.27,15.35,5154802,0.0,1.0
2019-06-24,15.37,15.64,15.27,15.49,5031265,0.0,1.0
2019-06-25,15.48,16.530001,15.05,16.1,10047344,0.0,1.0
2019-06-26,15.61,15.78,15.43,15.53,8116352,0.0,1.0
2019-06-27,15.56,15.75,15.39,15.4,4229029,0.0,1.0
2019-06-28,15.4,15.7,15.25,15.5,4396189,0.0,1.0
2019-07-01,15.67,15.87,15.58,15.72,8231219,0.0,1.0
2019-07-02,15.84,15.84,15.52,15.56,4055095,0.0,1.0
2019-07-03,15.62,15.71,15.48,15.58,3880544,0.0,1.0
2019-07-04,15.5,15.68,15.32,15.37,4116400,0.0,1.0
2019-07-05,15.37,15.51,15.35,15.41,1739444,0.0,1.0
2019-07-08,15.4,15.4,14.86,14.93,3907391,0.0,1.0
2019-07-09,14.94,15.16,14.6,14.75,4014679,0.0,1.0
2019-07-10,14.83,14.89,14.52,14.6,2996916,0.0,1.0
2019-07-11,14.63,14.77,14.1,14.59,2524116,0.0,1.0
2019-07-12,14.52,14.65,14.37,14.52,2176567,0.0,1.0
2019-07-15,14.57,14.74,14.33,14.74,3069414,0.0,1.0
2019-07-16,14.8,14.8,14.61,14.71,1688626,0.0,1.0
2019-07-17,14.85,14.94,14.69,14.92,3460168,0.0,1.0
2019-07-18,14.85,14.88,14.63,14.7,2231366,0.0,1.0
2019-07-19,14.76,15.03,14.76,14.91,2318021,0.0,1.0
2019-07-22,15,15.01,14.63,14.69,2655099,0.0,1.0
2019-07-23,14.73,14.88,14.68,14.73,1500310,0.0,1.0
2019-07-24,14.75,14.97,14.7,14.88,2784495,0.0,1.0
2019-07-25,14.95,15.08,14.81,15.08,3648867,0.0,1.0
2019-07-26,15.15,15.25,14.98,15.23,4402968,0.0,1.0
