date,open,high,low,close,volume,dividend,split
1994-04-04,4.41478,4.62492,3.47178,3.5124,53472120,0.0,1.0
1994-04-05,3.4347,3.56714,3.14332,3.47884,13864799,0.0,1.0
1994-04-06,3.42234,3.42234,3.23515,3.23868,4307692,0.0,1.0
1994-04-07,3.09034,3.23162,2.98439,3.00205,3958297,0.0,1.0
1994-04-08,3.01618,3.14332,3.00205,3.07269,5192787,0.0,1.0
1994-04-11,3.108,3.18747,3.108,3.16098,5940277,0.0,1.0
1994-04-12,3.18217,3.31991,3.18217,3.31991,6384240,0.0,1.0
1994-04-13,3.36936,3.39938,3.14685,3.19453,9168073,0.0,1.0
1994-04-14,3.19277,3.19277,2.96673,2.98439,2648491,0.0,1.0
1994-04-15,2.98439,3.00205,2.77248,2.93141,9667532,0.0,1.0
1994-04-18,2.96673,3.05503,2.74069,3.0462,5065374,0.0,1.0
1994-04-19,3.03737,3.17864,2.93318,2.97556,4393200,0.0,1.0
1994-04-20,2.91375,2.91375,2.71067,2.71067,1979715,0.0,1.0
1994-04-21,2.52525,2.98439,2.52525,2.96673,4283908,0.0,1.0
1994-04-22,2.93494,3.03383,2.75659,2.78661,5005349,0.0,1.0
1994-04-25,2.85195,2.85195,2.66299,2.69301,860746,0.0,1.0
1994-04-26,2.73716,2.8749,2.7195,2.84312,1229960,0.0,1.0
1994-04-27,2.83429,2.92788,2.80956,2.91552,2138273,0.0,1.0
1994-04-28,2.9526,2.9526,2.72303,2.74776,1052148,0.0,1.0
1994-04-29,2.78131,2.89609,2.71597,2.77248,990990,0.0,1.0
1994-05-02,2.78131,2.89609,2.71597,2.77248,0,0.0,1.0
1994-05-03,2.77248,2.77248,2.77248,2.77248,0,0.0,1.0
1994-05-04,2.91375,2.91375,2.84665,2.86078,843191,0.0,1.0
1994-05-05,2.82546,2.82546,2.70184,2.7195,705585,0.0,1.0
1994-05-06,2.70184,2.80427,2.61885,2.64357,616113,0.0,1.0
1994-05-09,2.64887,2.68065,2.59412,2.63121,329009,0.0,1.0
1994-05-10,2.66829,2.70184,2.63121,2.67889,634800,0.0,1.0
1994-05-11,2.70184,2.72657,2.61355,2.61355,667644,0.0,1.0
1994-05-12,2.59589,2.67536,2.5747,2.59236,437734,0.0,1.0
1994-05-13,2.5588,2.6471,2.5588,2.61355,299562,0.0,1.0
1994-05-16,2.64887,2.67359,2.61531,2.62061,592329,0.0,1.0
1994-05-17,2.64887,2.64887,2.60119,2.60119,231042,0.0,1.0
1994-05-18,2.59236,2.60648,2.56587,2.56763,300128,0.0,1.0
1994-05-19,2.56057,2.61002,2.53585,2.59942,329009,0.0,1.0
1994-05-20,2.60472,2.60648,2.5694,2.59765,391299,0.0,1.0
1994-05-23,2.57823,2.61355,2.56057,2.56057,255959,0.0,1.0
1994-05-24,2.58706,2.59412,2.56057,2.5641,135341,0.0,1.0
1994-05-25,2.5641,2.59412,2.54644,2.56057,133076,0.0,1.0
1994-05-26,2.56057,2.57823,2.52525,2.52525,417915,0.0,1.0
1994-05-27,2.51113,2.51113,2.45108,2.45108,201029,0.0,1.0
1994-05-30,2.47228,2.49347,2.30451,2.30451,293899,0.0,1.0
1994-05-31,2.27626,2.34866,2.27626,2.31511,376010,0.0,1.0
1994-06-01,2.331,2.3363,2.2639,2.2639,294466,0.0,1.0
1994-06-02,2.26037,2.27803,2.25154,2.25154,156293,0.0,1.0
1994-06-03,2.25683,2.34866,2.25683,2.29568,482471,0.0,1.0
1994-06-06,2.31334,2.34866,2.27803,2.29568,347130,0.0,1.0
1994-06-07,2.29568,2.30451,2.17207,2.17207,296164,0.0,1.0
1994-06-08,2.1809,2.23918,2.1809,2.23918,351660,0.0,1.0
1994-06-09,2.23918,2.2533,2.14028,2.14028,327310,0.0,1.0
1994-06-10,2.17207,2.18973,2.1032,2.1032,285405,0.0,1.0
1994-06-13,2.1032,2.15088,2.06965,2.06965,293899,0.0,1.0
1994-06-14,2.13675,2.14028,2.04846,2.07318,104762,0.0,1.0
1994-06-15,2.0926,2.10143,2.05022,2.09084,113256,0.0,1.0
1994-06-16,2.1085,2.11909,2.07671,2.11909,181210,0.0,1.0
1994-06-17,2.15441,2.24977,2.11909,2.22505,663114,0.0,1.0
1994-06-20,2.15441,2.23211,2.08024,2.08024,362985,0.0,1.0
1994-06-21,2.06612,2.13675,2.06612,2.10143,370347,0.0,1.0
1994-06-22,2.10143,2.16324,2.08554,2.10143,204427,0.0,1.0
1994-06-23,2.11556,2.11909,2.10143,2.11733,127413,0.0,1.0
1994-06-24,2.11733,2.11909,2.06788,2.11909,177812,0.0,1.0
1994-06-27,2.08377,2.08377,2.03433,2.04139,348828,0.0,1.0
1994-06-28,2.0308,2.04846,2.02727,2.04139,144401,0.0,1.0
1994-06-29,2.0308,2.11909,2.0308,2.04316,212355,0.0,1.0
1994-06-30,2.03433,2.08024,2.02727,2.06612,314285,0.0,1.0
1994-07-01,2.06612,2.08024,2.0308,2.0308,116087,0.0,1.0
1994-07-04,1.96899,1.97782,1.90718,1.91601,186872,0.0,1.0
1994-07-05,1.94074,1.95663,1.90895,1.95663,127413,0.0,1.0
1994-07-06,1.88952,1.94074,1.88952,1.89659,134208,0.0,1.0
1994-07-07,1.87187,1.90365,1.82242,1.90365,147799,0.0,1.0
1994-07-08,1.8701,1.9425,1.8701,1.9425,265019,0.0,1.0
1994-07-11,1.91072,1.9425,1.84714,1.8595,121750,0.0,1.0
1994-07-12,1.8807,1.88776,1.84891,1.84891,135907,0.0,1.0
1994-07-13,1.85421,1.9425,1.84714,1.88423,68520,0.0,1.0
1994-07-14,1.91248,1.92484,1.87363,1.87363,204993,0.0,1.0
1994-07-15,1.86304,1.8648,1.79946,1.80123,334105,0.0,1.0
1994-07-18,1.7924,1.7924,1.73059,1.74472,165354,0.0,1.0
1994-07-19,1.73059,1.74472,1.71293,1.73059,88340,0.0,1.0
1994-07-20,1.73059,1.73412,1.7094,1.7094,169884,0.0,1.0
1994-07-21,1.67762,1.67762,1.6264,1.6264,260489,0.0,1.0
1994-07-22,1.6264,1.6264,1.50102,1.5487,351660,0.0,1.0
1994-07-25,1.50102,1.58049,1.46394,1.58049,338635,0.0,1.0
1994-07-26,1.58755,1.61581,1.53634,1.60698,434903,0.0,1.0
1994-07-27,1.60345,1.64936,1.54341,1.54694,1190321,0.0,1.0
1994-07-28,1.50102,1.53634,1.41273,1.41273,725405,0.0,1.0
1994-07-29,1.39507,1.43039,1.33679,1.39154,655186,0.0,1.0
1994-08-01,1.56813,1.85067,1.52398,1.80123,1639947,0.0,1.0
1994-08-02,1.85421,2.02727,1.67762,1.73059,2341001,0.0,1.0
1994-08-03,1.71293,2.11733,1.71293,2.0149,2650190,0.0,1.0
1994-08-04,2.1862,2.20562,2.06258,2.11909,5668463,0.0,1.0
1994-08-05,2.18973,2.46874,2.12792,2.38398,4171218,0.0,1.0
1994-08-08,2.5641,3.00205,2.56234,2.61355,6144704,0.0,1.0
1994-08-09,2.71597,2.73716,2.21269,2.29568,3939044,0.0,1.0
1994-08-10,2.31334,2.72833,2.23388,2.70008,3058478,0.0,1.0
1994-08-11,2.73716,2.79014,2.38398,2.38398,4496829,0.0,1.0
1994-08-12,2.43696,2.59589,2.37515,2.47228,1429291,0.0,1.0
1994-08-15,2.40164,2.43696,2.29568,2.36632,1105379,0.0,1.0
1994-08-16,2.59236,2.78661,2.48287,2.50759,1102547,0.0,1.0
1994-08-17,2.64887,2.66829,2.52702,2.59412,2486535,0.0,1.0
1994-08-18,2.64887,2.73716,2.61355,2.68418,5063109,0.0,1.0
1994-08-19,2.68418,2.73186,2.56057,2.59589,2945222,0.0,1.0
1994-08-22,2.47228,2.47228,2.38398,2.43696,2161491,0.0,1.0
1994-08-23,2.45462,2.50759,2.43696,2.50759,827335,0.0,1.0
1994-08-24,2.52349,2.64357,2.47228,2.52525,1355674,0.0,1.0
1994-08-25,2.54291,2.56057,2.50759,2.52878,828468,0.0,1.0
1994-08-26,2.56057,2.59412,2.47228,2.47228,1398145,0.0,1.0
1994-08-29,2.47404,2.58883,2.47404,2.49876,712946,0.0,1.0
1994-08-30,2.49876,2.64004,2.49876,2.61531,3474694,0.0,1.0
1994-08-31,2.68242,2.73716,2.63121,2.70184,3752737,0.0,1.0
1994-09-01,2.73716,2.87667,2.73716,2.77248,5896107,0.0,1.0
1994-09-02,2.82546,3.10447,2.82546,3.09034,8956284,0.0,1.0
1994-09-05,3.17864,3.45942,3.16275,3.45942,9542950,0.0,1.0
1994-09-06,3.62012,3.70841,3.44353,3.70841,12190309,0.0,1.0
1994-09-07,3.69075,4.41301,3.56714,3.83203,18342941,0.0,1.0
1994-09-08,4.02628,4.2117,4.00862,4.04394,13906137,0.0,1.0
1994-09-09,4.1393,4.1393,3.885,3.95564,6526377,0.0,1.0
1994-09-12,4.05806,4.09691,3.53359,4.051,3650241,0.0,1.0
1994-09-13,4.0616,4.1287,3.88677,4.0616,3726689,0.0,1.0
1994-09-14,3.96977,4.0616,3.7402,3.93798,2743060,0.0,1.0
1994-09-15,3.9733,3.9733,3.62188,3.9733,3064707,0.0,1.0
1994-09-16,3.92032,4.02628,3.8179,4.00862,3245351,0.0,1.0
1994-09-19,3.95564,3.95564,3.7402,3.83203,1403242,0.0,1.0
1994-09-20,3.74373,3.90266,3.70841,3.81437,1349445,0.0,1.0
1994-09-21,3.77905,4.00862,3.77905,4.00862,1621826,0.0,1.0
1994-09-22,3.9733,3.9733,3.81437,3.86734,1044787,0.0,1.0
1994-09-23,3.70841,3.76139,3.51063,3.60246,1788312,0.0,1.0
1994-09-26,3.45765,3.51593,3.35859,3.51593,1273615,0.11005,1.0
1994-09-27,3.50039,3.53535,3.4188,3.42269,1020848,0.0,1.0
1994-09-28,3.4965,3.59363,3.4188,3.58392,1632431,0.0,1.0
1994-09-29,3.64996,3.69075,3.16628,3.30225,2143627,0.0,1.0
1994-09-30,3.108,3.33722,3.108,3.12743,1643756,0.0,1.0
1994-10-03,3.108,3.33722,3.108,3.12743,0,0.0,1.0
1994-10-04,3.108,3.33722,3.108,3.12743,0,0.0,1.0
1994-10-05,3.02836,3.04973,2.62238,2.75641,1562418,0.0,1.0
1994-10-06,2.8749,2.90404,2.62238,2.62626,1591762,0.0,1.0
1994-10-07,2.52525,2.8749,2.0979,2.81663,3394591,0.0,1.0
1994-10-10,2.68065,2.77778,2.49612,2.70008,2697552,0.0,1.0
1994-10-11,2.80109,2.80109,2.70008,2.7195,1490861,0.0,1.0
1994-10-12,2.7195,2.83217,2.7195,2.78749,2132302,0.0,1.0
1994-10-13,2.7331,2.77778,2.52525,2.54468,1131530,0.0,1.0
1994-10-14,2.42813,2.68065,2.331,2.57382,3523806,0.0,1.0
1994-10-17,2.36791,2.46504,2.33294,2.39899,747490,0.0,1.0
1994-10-18,2.40093,2.46504,2.39899,2.43784,546203,0.0,1.0
1994-10-19,2.44755,2.5641,2.44755,2.56022,1062032,0.0,1.0
1994-10-20,2.62238,2.99145,2.50583,2.99145,4303728,0.0,1.0
1994-10-21,2.93318,3.04779,2.82051,2.92929,7904239,0.0,1.0
1994-10-24,2.96814,3.30225,2.96814,3.28283,9675666,0.0,1.0
1994-10-25,3.29837,3.30225,3.04973,3.12743,6468462,0.0,1.0
1994-10-26,3.01865,3.06721,2.81663,2.92347,3500125,0.0,1.0
1994-10-27,2.7972,2.98174,2.7972,2.97203,1927411,0.0,1.0
1994-10-28,2.97786,3.12743,2.81663,2.8749,8410287,0.0,1.0
1994-10-31,2.78166,2.85548,2.73116,2.77778,1463576,0.0,1.0
1994-11-01,2.87102,2.88462,2.75835,2.83605,963191,0.0,1.0
1994-11-02,2.81663,2.85548,2.77778,2.81663,499871,0.0,1.0
1994-11-03,2.83605,3.04584,2.83605,3.0303,5195876,0.0,1.0
1994-11-04,3.0303,3.0303,2.81857,2.86908,2514283,0.0,1.0
1994-11-07,2.81663,2.91375,2.73893,2.90987,486486,0.0,1.0
1994-11-08,2.93318,3.14685,2.93318,3.04584,7816208,0.0,1.0
1994-11-09,2.9526,3.08858,2.9526,3.06527,3517113,0.0,1.0
1994-11-10,3.14685,3.17793,2.97203,2.99145,3132558,0.0,1.0
1994-11-11,3.01088,3.20513,3.01088,3.14297,4877730,0.0,1.0
1994-11-14,3.16239,3.16239,3.04584,3.14297,1834232,0.0,1.0
1994-11-15,3.06915,3.10606,3.0303,3.06915,1344658,0.0,1.0
1994-11-16,3.04002,3.06721,2.97009,3.04779,1134619,0.0,1.0
1994-11-17,3.04973,3.04973,2.97397,3.01088,712998,0.0,1.0
1994-11-18,2.94289,3.01088,2.92929,2.98174,802058,0.0,1.0
1994-11-21,2.90404,2.9934,2.90404,2.98951,129730,0.0,1.0
1994-11-22,2.99145,2.99145,2.93318,2.98368,563706,0.0,1.0
1994-11-23,2.9526,2.9526,2.91375,2.93318,336679,0.0,1.0
1994-11-24,2.92152,2.92152,2.86519,2.90404,496782,0.0,1.0
1994-11-25,2.9526,2.97203,2.87685,2.91375,450450,0.0,1.0
1994-11-28,2.89433,2.92929,2.86519,2.91181,391248,0.0,1.0
1994-11-29,2.8749,3.04973,2.8749,3.04973,369112,0.0,1.0
1994-11-30,2.97203,3.00699,2.94289,3.00699,864349,0.0,1.0
1994-12-01,2.73893,3.02642,2.73893,2.97203,609008,0.0,1.0
1994-12-02,2.98174,3.01088,2.94289,2.96814,179665,0.0,1.0
1994-12-05,2.9662,2.96814,2.89433,2.89821,295495,0.0,1.0
1994-12-06,2.85742,2.90987,2.81663,2.85548,242986,0.0,1.0
1994-12-07,2.85742,2.8749,2.83605,2.85159,136937,0.0,1.0
1994-12-08,2.82051,2.83023,2.7972,2.80692,139511,0.0,1.0
1994-12-09,2.79332,2.87296,2.78749,2.7972,194080,0.0,1.0
1994-12-12,2.7603,2.77001,2.72145,2.72145,187902,0.0,1.0
1994-12-13,2.7195,2.81663,2.7195,2.76807,300128,0.0,1.0
1994-12-14,2.74864,2.74864,2.70979,2.73116,325354,0.0,1.0
1994-12-15,2.74087,2.90404,2.73116,2.87685,578635,0.0,1.0
1994-12-16,2.81663,3.0303,2.81663,2.99922,2213640,0.0,1.0
1994-12-19,2.9157,3.06915,2.9157,3.06915,2108106,0.0,1.0
1994-12-20,3.22455,3.22455,3.03419,3.09829,7432167,0.0,1.0
1994-12-21,3.06915,3.14297,2.99145,3.08858,3225222,0.0,1.0
1994-12-22,3.0303,3.08858,3.00505,3.08858,1425996,0.0,1.0
1994-12-23,3.07887,3.14685,3.0303,3.108,3777087,0.0,1.0
1994-12-26,3.66744,3.66744,3.12743,3.2634,16255839,0.0,1.0
1994-12-27,3.2634,3.2634,3.00894,3.04002,3041438,0.0,1.0
1994-12-28,3.01088,3.04002,2.91375,2.94289,1510938,0.0,1.0
1994-12-29,2.98368,3.00117,2.89433,2.96232,791762,0.0,1.0
1994-12-30,2.95649,3.01088,2.91375,3.01088,407207,0.0,1.0
1995-01-02,2.95649,3.01088,2.91375,3.01088,0,0.0,1.0
1995-01-03,2.75835,2.99922,2.75835,2.90404,347747,0.0,1.0
1995-01-04,2.90404,2.96232,2.85159,2.96232,316602,0.0,1.0
1995-01-05,2.93318,2.96037,2.89627,2.90404,245560,0.0,1.0
1995-01-06,2.89433,2.89433,2.83605,2.86908,236293,0.0,1.0
1995-01-09,2.89433,2.89433,2.77778,2.78943,449420,0.0,1.0
1995-01-10,2.15229,2.76807,2.15229,2.68648,1874387,0.0,1.0
1995-01-11,2.71756,2.77389,2.6418,2.71562,1243757,0.0,1.0
1995-01-12,2.7195,2.75447,2.64763,2.71562,654826,0.0,1.0
1995-01-13,2.68065,2.68065,2.62432,2.67094,265122,0.0,1.0
1995-01-16,2.66123,2.68065,2.61267,2.62238,239897,0.0,1.0
1995-01-17,2.66123,2.69037,2.59324,2.61461,158044,0.0,1.0
1995-01-18,2.61267,2.66123,2.58353,2.6418,141055,0.0,1.0
1995-01-19,2.67677,2.67677,2.5272,2.5272,250708,0.0,1.0
1995-01-20,2.47669,2.5641,2.43201,2.52525,289832,0.0,1.0
1995-01-23,2.4864,2.4864,2.39122,2.42813,166795,0.0,1.0
1995-01-24,2.48058,2.48252,2.41259,2.42813,253796,0.0,1.0
1995-01-25,2.47669,2.4864,2.42813,2.43007,182754,0.0,1.0
1995-01-26,2.43007,2.44755,2.42813,2.42813,154440,0.0,1.0
1995-01-27,2.43007,2.49612,2.43007,2.4864,126641,0.0,1.0
1995-01-30,2.43007,2.49612,2.43007,2.4864,0,0.0,1.0
1995-01-31,2.43007,2.49612,2.43007,2.4864,0,0.0,1.0
1995-02-01,2.43007,2.49612,2.43007,2.4864,0,0.0,1.0
1995-02-02,2.43007,2.49612,2.43007,2.4864,0,0.0,1.0
1995-02-03,2.43007,2.49612,2.43007,2.4864,0,0.0,1.0
1995-02-06,2.45727,2.45727,2.2533,2.331,184298,0.0,1.0
1995-02-07,2.31352,2.31352,2.25719,2.28244,115315,0.0,1.0
1995-02-08,2.31158,2.31158,2.28244,2.31158,130759,0.0,1.0
1995-02-09,2.32129,2.37956,2.31158,2.37956,198713,0.0,1.0
1995-02-10,2.40482,2.40482,2.28827,2.29021,303217,0.0,1.0
1995-02-13,2.29021,2.34654,2.29021,2.34654,89060,0.0,1.0
1995-02-14,2.36402,2.36402,2.31546,2.33489,35006,0.0,1.0
1995-02-15,2.29604,2.331,2.29215,2.32517,48906,0.0,1.0
1995-02-16,2.32129,2.331,2.26301,2.331,105019,0.0,1.0
1995-02-17,2.29215,2.331,2.27273,2.331,127156,0.0,1.0
1995-02-20,2.29215,2.331,2.29215,2.31935,137966,0.0,1.0
1995-02-21,2.32129,2.35043,2.29409,2.35043,61261,0.0,1.0
1995-02-22,2.331,2.60295,2.331,2.60295,1002830,0.0,1.0
1995-02-23,2.60295,2.7195,2.52525,2.58353,1973743,0.0,1.0
1995-02-24,2.62238,2.62238,2.43007,2.47669,628056,0.0,1.0
1995-02-27,2.63792,2.70785,2.50777,2.52137,1131016,0.0,1.0
1995-02-28,2.51554,2.51554,2.42813,2.45532,348520,0.0,1.0
1995-03-01,2.4359,2.49612,2.4087,2.48252,202316,0.0,1.0
1995-03-02,2.4864,2.56216,2.45727,2.50583,430373,0.0,1.0
1995-03-03,2.54468,2.61849,2.51554,2.60295,1482109,0.0,1.0
1995-03-06,2.61849,2.69037,2.61267,2.67094,1276704,0.0,1.0
1995-03-07,2.75835,2.77778,2.60295,2.75835,2353151,0.0,1.0
1995-03-08,2.7195,2.75641,2.67677,2.70008,1337965,0.0,1.0
1995-03-09,2.66123,2.70008,2.61267,2.62044,878764,0.0,1.0
1995-03-10,2.59324,2.60295,2.53108,2.53497,1000771,0.0,1.0
1995-03-13,2.57382,2.62238,2.48835,2.52525,596653,0.0,1.0
1995-03-14,2.6418,2.6418,2.5272,2.5641,1256627,0.0,1.0
1995-03-15,2.57382,2.61655,2.49612,2.51554,311969,0.0,1.0
1995-03-16,2.48835,2.59907,2.48835,2.59907,169369,0.0,1.0
1995-03-17,2.55439,2.63986,2.55439,2.63986,611068,0.0,1.0
1995-03-20,2.669,2.70008,2.58547,2.58547,1199484,0.0,1.0
1995-03-21,2.54468,2.61267,2.54468,2.61267,218790,0.0,1.0
1995-03-22,2.65346,2.7195,2.60295,2.70785,776833,0.0,1.0
1995-03-23,2.63209,2.8749,2.63209,2.84577,5774511,0.0,1.0
1995-03-24,2.81663,2.84577,2.75835,2.83605,1284941,0.0,1.0
1995-03-27,2.80692,2.93318,2.80692,2.90987,3691631,0.0,1.0
1995-03-28,2.98757,2.98757,2.89433,2.92929,3546972,0.0,1.0
1995-03-29,2.90404,2.94095,2.83605,2.93901,1534619,0.0,1.0
1995-03-30,2.98174,2.99145,2.87685,2.89433,1164992,0.0,1.0
1995-03-31,2.88462,2.9526,2.85548,2.93318,1004890,0.0,1.0
1995-04-03,2.93124,3.00699,2.92541,3.00505,1712225,0.0,1.0
1995-04-04,2.96814,3.02642,2.91764,3.02059,1663834,0.0,1.0
1995-04-05,2.98174,3.10412,2.91375,2.93318,3995363,0.0,1.0
1995-04-06,2.93318,2.97203,2.89433,2.97203,1177348,0.0,1.0
1995-04-07,2.98174,3.00699,2.94872,2.99145,1097039,0.0,1.0
1995-04-10,2.97203,2.9934,2.91375,2.92929,495752,0.0,1.0
1995-04-11,2.92929,2.96037,2.86519,2.87296,659459,0.0,1.0
1995-04-12,2.84382,2.91181,2.84382,2.88073,404118,0.0,1.0
1995-04-13,2.94678,2.94678,2.84577,2.84577,321235,0.0,1.0
1995-04-14,2.84577,2.86519,2.80886,2.86325,371171,0.0,1.0
1995-04-17,2.83217,2.85548,2.77778,2.81274,291892,0.0,1.0
1995-04-18,2.7972,2.85354,2.76807,2.77389,171943,0.0,1.0
1995-04-19,2.75447,2.80109,2.75447,2.78166,319691,0.0,1.0
1995-04-20,2.83605,2.89433,2.80109,2.87879,668725,0.0,1.0
1995-04-21,2.85548,2.89821,2.83605,2.83605,404633,0.0,1.0
1995-04-24,2.75835,2.80109,2.72533,2.74864,351094,0.0,1.0
1995-04-25,2.72922,2.83605,2.72922,2.77778,357271,0.0,1.0
1995-04-26,2.76807,2.77778,2.67094,2.6826,514800,0.0,1.0
1995-04-27,2.62238,2.68065,2.42813,2.5641,1137708,0.0,1.0
1995-04-28,2.5641,2.60295,2.52525,2.57964,484427,0.0,1.0
1995-05-01,2.5641,2.60295,2.52525,2.57964,0,0.0,1.0
1995-05-02,2.58353,2.5913,2.5641,2.58353,195109,0.0,1.0
1995-05-03,2.67677,2.67677,2.5913,2.60295,149807,0.0,1.0
1995-05-04,2.5641,2.56605,2.55051,2.5641,170399,0.0,1.0
1995-05-05,2.5641,2.61267,2.5641,2.58353,154440,0.0,1.0
1995-05-08,2.4864,2.52525,2.46309,2.49806,408236,0.0,1.0
1995-05-09,2.50583,2.52525,2.44367,2.49612,100386,0.0,1.0
1995-05-10,2.52525,2.52525,2.41064,2.42036,231660,0.0,1.0
1995-05-11,2.47669,2.4864,2.43978,2.43978,101416,0.0,1.0
1995-05-12,2.4864,2.54468,2.47669,2.51554,440669,0.0,1.0
1995-05-15,2.52525,2.52525,2.50194,2.51554,132818,0.0,1.0
1995-05-16,2.52137,2.52137,2.49612,2.50389,80309,0.0,1.0
1995-05-17,2.50583,2.53497,2.50583,2.53497,134878,0.0,1.0
1995-05-18,3.12743,3.27894,2.91375,3.1857,8276439,0.0,1.0
1995-05-19,3.20513,3.52564,3.1488,3.45571,9279270,0.0,1.0
1995-05-22,3.45571,3.45571,3.45571,3.45571,0,0.0,1.0
1995-05-23,3.10995,3.2906,2.95649,2.99145,7796646,0.0,1.0
1995-05-24,3.03613,3.08469,2.8749,2.94289,2072585,0.0,1.0
1995-05-25,2.9526,2.9526,2.7195,2.82634,2314541,0.0,1.0
1995-05-26,2.81663,3.20513,2.72145,2.89433,1779664,0.0,1.0
1995-05-29,2.87102,2.87102,2.77778,2.79526,483397,0.0,1.0
1995-05-30,2.79915,2.84577,2.72339,2.77584,284684,0.0,1.0
1995-05-31,2.70008,2.75835,2.67677,2.75835,293951,0.0,1.0
1995-06-01,2.75835,2.75835,2.7195,2.73504,393822,0.0,1.0
1995-06-02,2.74864,2.80692,2.74864,2.77778,806177,0.0,1.0
1995-06-05,2.73893,2.75835,2.63209,2.64957,381467,0.11367,1.0
1995-06-06,2.58353,2.62238,2.57964,2.60878,718661,0.0,1.0
1995-06-07,2.62238,2.71562,2.62238,2.71562,491634,0.0,1.0
1995-06-08,2.71562,2.73504,2.62238,2.62238,764993,0.0,1.0
1995-06-09,2.62238,2.67677,2.62238,2.67677,274903,0.0,1.0
1995-06-12,2.62432,2.65152,2.61655,2.64763,290862,0.0,1.0
1995-06-13,2.6418,2.67871,2.6418,2.66123,166795,0.0,1.0
1995-06-14,2.66123,2.66123,2.61267,2.63015,215701,0.0,1.0
1995-06-15,2.5641,2.61461,2.46698,2.46892,1190218,0.0,1.0
1995-06-16,2.45921,2.5777,2.43007,2.5136,304762,0.0,1.0
1995-06-19,2.46892,2.4864,2.4359,2.47086,269755,0.0,1.0
1995-06-20,2.48446,2.48446,2.46504,2.47669,239382,0.0,1.0
1995-06-21,2.46698,2.52137,2.46698,2.51554,206435,0.0,1.0
1995-06-22,2.50583,2.51943,2.46698,2.46698,125611,0.0,1.0
1995-06-23,2.47669,2.52525,2.43784,2.49417,208494,0.0,1.0
1995-06-26,2.52525,2.5272,2.49029,2.5272,177606,0.0,1.0
1995-06-27,2.54468,2.5641,2.49612,2.50777,185843,0.0,1.0
1995-06-28,2.43007,2.4864,2.43007,2.46504,345431,0.0,1.0
1995-06-29,2.46504,2.47281,2.45144,2.46309,140026,0.0,1.0
1995-06-30,2.45727,2.45727,2.40287,2.40676,458172,0.0,1.0
1995-07-03,2.34071,2.38928,2.34071,2.34848,418018,0.0,1.0
1995-07-04,2.35043,2.42619,2.34071,2.41842,616730,0.0,1.0
1995-07-05,2.44561,2.50389,2.39122,2.47669,484942,0.0,1.0
1995-07-06,2.47669,2.50777,2.43784,2.50777,928184,0.0,1.0
1995-07-07,2.5,2.68065,2.44755,2.68065,896782,0.0,1.0
1995-07-10,2.6418,2.65152,2.54468,2.58741,1085713,0.0,1.0
1995-07-11,2.57382,2.58741,2.52137,2.56022,749034,0.0,1.0
1995-07-12,2.54468,2.57382,2.50971,2.56216,402059,0.0,1.0
1995-07-13,2.5641,2.59713,2.5272,2.56216,314028,0.0,1.0
1995-07-14,2.54856,2.60295,2.52525,2.53108,180180,0.0,1.0
1995-07-17,2.49223,2.7195,2.49223,2.65152,898841,0.0,1.0
1995-07-18,2.65734,2.68065,2.5641,2.59518,466924,0.0,1.0
1995-07-19,2.59907,2.65734,2.55439,2.60295,1077991,0.0,1.0
1995-07-20,2.5641,2.60295,2.54468,2.60295,524066,0.0,1.0
1995-07-21,2.62238,2.62238,2.5272,2.53497,133848,0.0,1.0
1995-07-24,2.53497,2.6418,2.53497,2.58353,180180,0.0,1.0
1995-07-25,2.58353,2.59324,2.53108,2.59324,257915,0.0,1.0
1995-07-26,2.59324,2.65734,2.53691,2.5641,620334,0.0,1.0
1995-07-27,2.55439,2.55828,2.52525,2.54468,108623,0.0,1.0
1995-07-28,2.56022,2.56022,2.52914,2.54468,155470,0.0,1.0
1995-07-31,2.53691,2.59324,2.50583,2.5641,557014,0.0,1.0
1995-08-01,2.58353,2.73699,2.5641,2.71562,2510165,0.0,1.0
1995-08-02,2.73504,2.75447,2.67677,2.70785,2004631,0.0,1.0
1995-08-03,2.7195,2.77778,2.67677,2.69037,541570,0.0,1.0
1995-08-04,2.7195,2.7195,2.67094,2.69037,387644,0.0,1.0
1995-08-07,2.7195,2.7195,2.67677,2.69037,130759,0.0,1.0
1995-08-08,2.70008,2.70979,2.64375,2.6554,241441,0.0,1.0
1995-08-09,2.67094,2.67677,2.61267,2.66123,297040,0.0,1.0
1995-08-10,2.63792,2.79332,2.60684,2.79332,1097039,0.0,1.0
1995-08-11,2.73893,2.74864,2.69619,2.70785,572972,0.0,1.0
1995-08-14,2.7195,2.7972,2.65346,2.7972,890604,0.0,1.0
1995-08-15,2.7972,2.7972,2.6418,2.70008,275933,0.0,1.0
1995-08-16,2.70008,2.70008,2.64375,2.69037,275418,0.0,1.0
1995-08-17,2.66123,2.75835,2.66123,2.70008,244015,0.0,1.0
1995-08-18,2.70008,2.73893,2.66123,2.70008,243500,0.0,1.0
1995-08-21,2.68065,2.70008,2.56993,2.66123,272329,0.0,1.0
1995-08-22,2.6418,2.65152,2.58353,2.65152,165251,0.0,1.0
1995-08-23,2.69814,2.8749,2.62626,2.66123,188417,0.0,1.0
1995-08-24,2.67094,2.7195,2.62238,2.69619,184298,0.0,1.0
1995-08-25,2.69619,2.69619,2.62238,2.68065,70013,0.0,1.0
1995-08-28,2.6418,2.67483,2.60295,2.6418,33977,0.0,1.0
1995-08-29,2.66123,2.67094,2.60295,2.62238,81338,0.0,1.0
1995-08-30,2.6418,2.68065,2.58547,2.6418,65380,0.0,1.0
1995-08-31,2.60295,2.71756,2.58741,2.71756,196654,0.0,1.0
1995-09-01,2.67677,2.67677,2.63209,2.63209,47362,0.0,1.0
1995-09-04,2.68065,2.81663,2.64763,2.75835,1642212,0.0,1.0
1995-09-05,2.75835,2.81274,2.7195,2.76418,1032174,0.0,1.0
1995-09-06,2.78749,2.91375,2.7195,2.83605,1372457,0.0,1.0
1995-09-07,2.83605,2.83605,2.7603,2.77778,377863,0.0,1.0
1995-09-08,2.75835,2.81663,2.7195,2.74476,163706,0.0,1.0
1995-09-11,2.74864,2.77778,2.72922,2.77778,252252,0.0,1.0
1995-09-12,2.81274,2.86519,2.74087,2.77778,1215958,0.0,1.0
1995-09-13,2.75835,2.81663,2.7195,2.7972,431402,0.0,1.0
1995-09-14,2.77778,2.77778,2.69037,2.73893,177606,0.0,1.0
1995-09-15,2.7195,2.73893,2.56605,2.70979,116345,0.0,1.0
1995-09-18,2.70979,2.75447,2.68065,2.72922,342857,0.0,1.0
1995-09-19,2.77195,2.77195,2.67677,2.70979,201802,0.0,1.0
1995-09-20,2.68065,2.70008,2.62432,2.70008,217246,0.0,1.0
1995-09-21,2.68065,2.68065,2.64957,2.67094,47876,0.0,1.0
1995-09-22,2.68065,2.69037,2.63015,2.68454,110682,0.0,1.0
1995-09-25,2.67094,2.67094,2.6418,2.67094,39125,0.0,1.0
1995-09-26,2.66123,2.69619,2.66123,2.69037,50450,0.0,1.0
1995-09-27,2.67094,2.67094,2.58353,2.65152,165251,0.0,1.0
1995-09-28,2.6418,2.6418,2.57382,2.63598,188932,0.0,1.0
1995-09-29,2.65152,2.70979,2.6049,2.70979,341312,0.0,1.0
1995-10-02,2.65152,2.70979,2.6049,2.70979,0,0.0,1.0
1995-10-03,2.65152,2.70979,2.6049,2.70979,0,0.0,1.0
1995-10-04,2.67094,2.67094,2.65152,2.65152,6692,0.0,1.0
1995-10-05,2.67094,2.69037,2.6418,2.68842,41184,0.0,1.0
1995-10-06,2.70979,2.76612,2.62238,2.68065,75161,0.0,1.0
1995-10-09,2.69037,2.69037,2.61267,2.63986,41184,0.0,1.0
1995-10-10,2.6418,2.70591,2.61267,2.6418,105534,0.0,1.0
1995-10-11,2.6418,2.6418,2.52914,2.59907,148777,0.0,1.0
1995-10-12,2.69037,2.69037,2.54662,2.58353,156499,0.0,1.0
1995-10-13,2.5641,2.60295,2.52525,2.5641,258430,0.0,1.0
1995-10-16,1.9425,2.60295,1.9425,2.59907,369626,0.0,1.0
1995-10-17,1.9425,2.60295,1.9425,2.59907,369626,0.0,1.0
1995-10-18,2.52525,2.58353,2.51554,2.54079,71042,0.0,1.0
1995-10-19,2.58159,2.58159,2.4864,2.51748,67439,0.0,1.0
1995-10-20,2.52525,2.59518,2.49029,2.58741,132304,0.0,1.0
1995-10-23,2.59324,2.62238,2.51554,2.53885,120978,0.0,1.0
1995-10-24,2.53497,2.54468,2.51554,2.52525,67954,0.0,1.0
1995-10-25,2.63792,2.70979,2.5641,2.70008,652766,0.0,1.0
1995-10-26,2.70008,2.70008,2.56605,2.57576,136422,0.0,1.0
1995-10-27,2.58353,2.58353,2.52137,2.58353,81853,0.0,1.0
1995-10-30,2.58353,2.58353,2.52525,2.53885,23681,0.0,1.0
1995-10-31,2.54468,2.54468,2.50583,2.52525,53024,0.0,1.0
1995-11-01,2.50583,2.54856,2.50194,2.54468,19562,0.0,1.0
1995-11-02,2.48835,2.52525,2.48835,2.52525,27799,0.0,1.0
1995-11-03,2.52525,2.54468,2.52525,2.54468,17503,0.0,1.0
1995-11-06,2.52525,2.55051,2.52525,2.54274,22136,0.0,1.0
1995-11-07,2.59907,2.59907,2.52914,2.52914,14414,0.0,1.0
1995-11-08,2.47086,2.5641,2.44755,2.46892,182239,0.0,1.0
1995-11-09,2.47669,2.47669,2.44755,2.47669,72587,0.0,1.0
1995-11-10,2.50583,2.50583,2.47669,2.5,16988,0.0,1.0
1995-11-13,2.46892,2.46892,2.38928,2.42813,27284,0.0,1.0
1995-11-14,2.42813,2.50389,2.39122,2.44755,32432,0.0,1.0
1995-11-15,2.44367,2.4864,2.41064,2.4864,37066,0.0,1.0
1995-11-16,2.41064,2.47475,2.41064,2.42424,5663,0.0,1.0
1995-11-17,2.45727,2.45727,2.41842,2.44755,9266,0.0,1.0
1995-11-20,2.39899,2.48058,2.39899,2.42813,28314,0.0,1.0
1995-11-21,2.42813,2.47669,2.42619,2.42813,15444,0.0,1.0
1995-11-22,2.44755,2.44755,2.37956,2.42424,16988,0.0,1.0
1995-11-23,2.30186,2.39899,2.29409,2.38928,43243,0.0,1.0
1995-11-24,2.38928,2.4223,2.36597,2.4223,31403,0.0,1.0
1995-11-27,2.38928,2.38928,2.37374,2.37374,4633,0.0,1.0
1995-11-28,2.34071,2.42813,2.34071,2.42813,42728,0.0,1.0
1995-11-29,2.4087,2.4087,2.35625,2.40676,25225,0.0,1.0
1995-11-30,2.38928,2.38928,2.35043,2.38539,9781,0.0,1.0
1995-12-01,2.35043,2.41842,2.35043,2.41647,21107,0.0,1.0
1995-12-04,2.35043,2.40676,2.35043,2.40676,43758,0.0,1.0
1995-12-05,2.41647,2.41647,2.35043,2.38539,7207,0.0,1.0
1995-12-06,2.40676,2.40676,2.35043,2.38539,21107,0.0,1.0
1995-12-07,2.38928,2.38928,2.34071,2.37956,20592,0.0,1.0
1995-12-08,2.35043,2.37956,2.35043,2.37956,57658,0.0,1.0
1995-12-11,2.40482,2.40482,2.34071,2.36985,21107,0.0,1.0
1995-12-12,2.34071,2.4223,2.331,2.4223,71042,0.0,1.0
1995-12-13,2.35237,2.3582,2.331,2.3582,27284,0.0,1.0
1995-12-14,2.34071,2.34071,2.27855,2.32517,82883,0.0,1.0
1995-12-15,2.28244,2.3174,2.23388,2.23388,77220,0.0,1.0
1995-12-18,2.17366,2.22805,2.15618,2.22028,43758,0.0,1.0
1995-12-19,2.16589,2.19503,2.13675,2.13675,40669,0.0,1.0
1995-12-20,2.1756,2.19114,2.15618,2.16977,11326,0.0,1.0
1995-12-21,2.17172,2.17172,2.14646,2.14646,23681,0.0,1.0
1995-12-22,2.14646,2.14646,2.13287,2.13287,14929,0.0,1.0
1995-12-25,2.11733,2.11733,2.04157,2.05905,23166,0.0,1.0
1995-12-26,2.00272,2.04351,2.00078,2.00078,25225,0.0,1.0
1995-12-27,2.03963,2.03963,1.98135,2.01437,43243,0.0,1.0
1995-12-28,2.0202,2.0202,1.98135,1.98135,31403,0.0,1.0
1995-12-29,2.02991,2.02991,1.9425,1.98524,60232,0.0,1.0
1996-01-01,2.02991,2.02991,1.9425,1.98524,0,0.0,1.0
1996-01-02,1.9425,2.0202,1.90754,2.0202,58739,0.0,1.0
1996-01-03,1.9425,2.02991,1.93862,2.01243,68468,0.0,1.0
1996-01-04,2.0338,2.05517,2.0338,2.05517,17503,0.0,1.0
1996-01-05,2.00078,2.00078,1.96581,1.96581,8237,0.0,1.0
1996-01-08,1.96193,1.99689,1.9425,1.99495,28314,0.0,1.0
1996-01-09,1.98135,2.0202,1.96193,2.00855,25740,0.0,1.0
1996-01-10,1.96193,1.97747,1.9425,1.97164,15444,0.0,1.0
1996-01-11,1.96193,1.96193,1.94444,1.95221,16474,0.0,1.0
1996-01-12,1.96193,2.0979,1.94444,1.97941,18533,0.0,1.0
1996-01-15,1.97747,2.00855,1.9425,2.00855,36036,0.0,1.0
1996-01-16,1.96193,2.00466,1.9425,2.00466,35006,0.0,1.0
1996-01-17,1.97164,1.97164,1.97164,1.97164,1544,0.0,1.0
1996-01-18,1.96193,1.96193,1.92308,1.92308,25740,0.0,1.0
1996-01-19,1.92308,1.97552,1.88617,1.91725,21107,0.0,1.0
1996-01-22,1.92308,1.92308,1.88423,1.88423,7722,0.0,1.0
1996-01-23,1.8648,1.92308,1.86286,1.8648,16474,0.0,1.0
1996-01-24,1.8648,1.88423,1.85897,1.86286,19562,0.0,1.0
1996-01-25,1.88423,1.90559,1.87451,1.87451,14414,0.0,1.0
1996-01-26,1.87646,1.892,1.87646,1.892,6692,0.0,1.0
1996-01-29,1.892,1.892,1.892,1.892,3089,0.0,1.0
1996-01-30,1.88423,1.89394,1.85509,1.89394,16988,0.0,1.0
1996-01-31,1.90171,1.90171,1.88423,1.88423,13900,0.0,1.0
1996-02-01,1.88423,1.88423,1.85315,1.88423,10296,0.0,1.0
1996-02-02,1.88423,1.92502,1.85509,1.92308,65894,0.0,1.0
1996-02-05,1.90365,1.90365,1.84538,1.84538,18533,0.0,1.0
1996-02-06,1.8648,1.8648,1.85509,1.85897,6178,0.0,1.0
1996-02-07,1.88228,1.88228,1.88228,1.88228,1030,0.0,1.0
1996-02-08,1.88423,1.88423,1.86286,1.8648,6692,0.0,1.0
1996-02-09,1.92308,1.92308,1.8512,1.88034,21622,0.0,1.0
1996-02-12,1.88423,1.88423,1.87451,1.88423,11326,0.0,1.0
1996-02-13,1.88423,1.97164,1.84538,1.93473,27284,0.0,1.0
1996-02-14,1.92113,1.92696,1.88423,1.91336,25740,0.0,1.0
1996-02-15,1.92308,1.92308,1.86674,1.91919,109652,0.0,1.0
1996-02-16,1.88423,1.94639,1.85315,1.9425,174002,0.0,1.0
1996-02-19,1.88423,1.94639,1.85315,1.9425,0,0.0,1.0
1996-02-20,1.88423,1.94639,1.85315,1.9425,0,0.0,1.0
1996-02-21,1.88423,1.94639,1.85315,1.9425,0,0.0,1.0
1996-02-22,1.88423,1.94639,1.85315,1.9425,0,0.0,1.0
1996-02-23,1.88423,1.94639,1.85315,1.9425,0,0.0,1.0
1996-02-26,1.88423,1.94639,1.85315,1.9425,0,0.0,1.0
1996-02-27,1.88423,1.94639,1.85315,1.9425,0,0.0,1.0
1996-02-28,1.88423,1.94639,1.85315,1.9425,0,0.0,1.0
1996-02-29,1.88423,1.94639,1.85315,1.9425,0,0.0,1.0
1996-03-01,1.88423,1.94639,1.85315,1.9425,0,0.0,1.0
1996-03-04,2.0979,2.331,1.94639,2.331,719176,0.0,1.0
1996-03-05,2.13675,2.23193,2.08236,2.162,1589188,0.0,1.0
1996-03-06,2.11344,2.11344,1.99106,2.01632,441184,0.0,1.0
1996-03-07,2.00078,2.0202,2.00078,2.0202,147233,0.0,1.0
1996-03-08,1.99883,2.03963,1.9425,2.03186,162162,0.0,1.0
1996-03-11,1.98135,2.0202,1.98135,2.00078,50965,0.0,1.0
1996-03-12,1.96387,2.01826,1.95221,1.97358,27799,0.0,1.0
1996-03-13,2.331,2.331,2.00078,2.00855,58687,0.0,1.0
1996-03-14,2.05517,2.05517,1.98135,2.03574,40154,0.0,1.0
1996-03-15,2.01049,2.01826,1.98135,2.01049,18018,0.0,1.0
1996-03-18,1.98135,2.00078,1.98135,1.99301,18533,0.0,1.0
1996-03-19,2.00078,2.01243,1.99689,1.99689,78764,0.0,1.0
1996-03-20,2.0338,2.0338,1.98135,2.00078,18018,0.0,1.0
1996-03-21,2.00078,2.03574,1.99106,2.01826,23166,0.0,1.0
1996-03-22,2.01632,2.02991,2.01243,2.02991,6178,0.0,1.0
1996-03-25,1.96775,2.02409,1.96775,2.01632,73102,0.0,1.0
1996-03-26,1.98135,2.01049,1.98135,2.00078,24196,0.0,1.0
1996-03-27,1.96581,1.98135,1.96193,1.97164,33462,0.0,1.0
1996-03-28,1.97164,1.97358,1.95416,1.97164,65380,0.0,1.0
1996-03-29,1.99106,2.02991,1.94444,2.02991,163192,0.0,1.0
1996-04-01,2.01632,2.0979,2.00272,2.05517,246589,0.0,1.0
1996-04-02,1.9425,2.05517,1.9425,2.02797,41699,0.0,1.0
1996-04-03,1.97358,2.0202,1.97358,2.01632,37066,0.0,1.0
1996-04-04,1.98135,2.00078,1.98135,2.00078,17503,0.0,1.0
1996-04-05,1.99689,2.09402,1.98135,2.08819,166795,0.0,1.0
1996-04-08,2.08819,2.08819,2.0474,2.07459,270270,0.0,1.0
1996-04-09,2.05905,2.07459,2.03963,2.05905,90090,0.0,1.0
1996-04-10,2.03963,2.05905,2.03768,2.0474,63320,0.0,1.0
1996-04-11,1.8648,2.05905,1.8648,2.05905,66409,0.0,1.0
1996-04-12,2.02214,2.08819,2.02214,2.07653,189961,0.0,1.0
1996-04-15,2.08236,2.13287,2.08042,2.10373,187387,0.0,1.0
1996-04-16,2.0979,2.11733,2.07848,2.10567,141570,0.0,1.0
1996-04-17,2.11733,2.11733,2.0979,2.0979,145688,0.0,1.0
1996-04-18,2.07848,2.11733,2.07848,2.11344,71557,0.0,1.0
1996-04-19,2.0979,2.1756,2.05905,2.16395,359330,0.0,1.0
1996-04-22,2.1756,2.1756,2.12704,2.162,435006,0.0,1.0
1996-04-23,2.12704,2.14258,2.04934,2.14258,148262,0.0,1.0
1996-04-24,2.19114,2.21445,2.15618,2.21445,1014671,0.0,1.0
1996-04-25,2.23388,2.36985,2.21445,2.331,3833715,0.0,1.0
1996-04-26,2.33877,2.91375,2.27467,2.91375,14521478,0.0,1.0
1996-04-29,2.71562,2.8108,2.66123,2.77778,5553147,0.0,1.0
1996-04-30,2.77389,2.77389,2.54468,2.62238,2970396,0.0,1.0
1996-05-01,2.77389,2.77389,2.54468,2.62238,0,0.0,1.0
1996-05-02,2.69037,2.7195,2.42813,2.4864,682110,0.0,1.0
1996-05-03,2.50194,2.52331,2.331,2.41647,365508,0.0,1.0
1996-05-06,2.42813,2.42813,2.37956,2.41647,176576,0.0,1.0
1996-05-07,2.44755,2.51554,2.331,2.36985,175547,0.0,1.0
1996-05-08,2.39899,2.39899,2.331,2.331,109138,0.0,1.0
1996-05-09,2.36791,2.42036,2.331,2.36985,187387,0.0,1.0
1996-05-10,2.331,2.36791,2.331,2.35043,125611,0.0,1.0
1996-05-13,2.35043,2.38733,2.35043,2.37374,190476,0.0,1.0
1996-05-14,2.38733,2.40287,2.35237,2.37956,133848,0.0,1.0
1996-05-15,2.37956,2.42813,2.36985,2.42424,139511,0.0,1.0
1996-05-16,2.4864,2.4864,2.4087,2.4087,238867,0.0,1.0
1996-05-17,2.43784,2.52137,2.40482,2.52137,523552,0.0,1.0
1996-05-20,2.52137,2.61461,2.48446,2.49806,743371,0.0,1.0
1996-05-21,2.50583,2.50777,2.331,2.36985,186358,0.0,1.0
1996-05-22,2.34848,2.42813,2.331,2.36597,142085,0.0,1.0
1996-05-23,2.36985,2.36985,2.2805,2.28827,142600,0.0,1.0
1996-05-24,2.28244,2.29215,2.25136,2.29215,180695,0.0,1.0
1996-05-27,2.27273,2.331,2.26884,2.29215,19562,0.0,1.0
1996-05-28,2.27273,2.32906,2.27273,2.29021,46332,0.0,1.0
1996-05-29,2.28244,2.29215,2.28244,2.29215,69498,0.0,1.0
1996-05-30,2.29215,2.30963,2.22805,2.27078,125611,0.0,1.0
1996-05-31,2.26301,2.37956,2.21445,2.30186,73102,0.0,1.0
1996-06-03,2.28244,2.30769,2.24359,2.2533,81338,0.0,1.0
1996-06-04,2.2533,2.32129,2.22416,2.27855,291892,0.0,1.0
1996-06-05,2.27273,2.44755,2.24942,2.42424,1692662,0.0,1.0
1996-06-06,2.48446,2.48446,2.30186,2.38539,1073873,0.0,1.0
1996-06-07,2.40482,2.47863,2.38928,2.47863,1635520,0.0,1.0
1996-06-10,2.44755,2.44755,2.35043,2.44173,819562,0.0,1.0
1996-06-11,2.4087,2.4087,2.32712,2.36014,592020,0.0,1.0
1996-06-12,2.32129,2.40676,2.32129,2.34848,507593,0.0,1.0
1996-06-13,2.36985,2.36985,2.32712,2.36985,333076,0.0,1.0
1996-06-14,2.36014,2.42424,2.27467,2.32712,542599,0.0,1.0
1996-06-17,2.35043,2.38928,2.28244,2.29215,223423,0.0,1.0
1996-06-18,2.30769,2.36791,2.29215,2.36597,312484,0.0,1.0
1996-06-19,2.4864,2.5272,2.41842,2.4495,912740,0.0,1.0
1996-06-20,2.42813,2.60295,2.42813,2.57187,1191762,0.0,1.0
1996-06-21,2.57382,2.62238,2.50583,2.55245,750064,0.0,1.0
1996-06-24,2.52137,2.54468,2.50583,2.52331,305791,0.0,1.0
1996-06-25,2.47669,2.4864,2.4087,2.45338,419562,0.0,1.0
1996-06-26,2.44755,2.4864,2.42813,2.4864,199228,0.0,1.0
1996-06-27,2.49417,2.5641,2.48058,2.51166,794851,0.0,1.0
1996-06-28,2.50194,2.61267,2.50194,2.58353,4513766,0.0,1.0
1996-07-01,2.60606,2.62937,2.37995,2.41259,401115,0.05332,1.0
1996-07-02,2.4289,2.4289,2.35897,2.36597,118404,0.0,1.0
1996-07-03,2.36597,2.55944,2.34266,2.37296,229515,0.0,1.0
1996-07-04,2.37762,2.37995,2.30769,2.36597,417417,0.0,1.0
1996-07-05,2.35431,2.35431,2.31935,2.32867,283140,0.0,1.0
1996-07-08,2.31935,2.32867,2.1655,2.30769,526812,0.0,1.0
1996-07-09,2.28438,2.29604,2.19114,2.22611,281853,0.0,1.0
1996-07-10,2.23776,2.29604,2.22611,2.27273,218361,0.0,1.0
1996-07-11,2.26107,2.27273,2.21445,2.2331,163020,0.0,1.0
1996-07-12,2.22611,2.22611,2.16783,2.21445,281424,0.0,1.0
1996-07-15,2.21445,2.22611,2.14918,2.22611,236379,0.0,1.0
1996-07-16,2.21212,2.331,2.17249,2.331,1021878,0.0,1.0
1996-07-17,2.28438,2.37762,2.28438,2.331,1241526,0.0,1.0
1996-07-18,2.29604,2.39627,2.17949,2.39627,1601886,0.0,1.0
1996-07-19,2.37296,2.62937,2.331,2.62937,2324751,0.0,1.0
1996-07-22,2.60606,2.63403,2.53613,2.5641,1683825,0.0,1.0
1996-07-23,2.5641,2.58741,2.4359,2.58741,559845,0.0,1.0
1996-07-24,2.55245,2.56177,2.51748,2.55245,714285,0.0,1.0
1996-07-25,2.55245,2.55245,2.44755,2.45921,336336,0.0,1.0
1996-07-26,2.44755,2.45921,2.38928,2.42424,341913,0.0,1.0
1996-07-29,2.41958,2.44755,2.331,2.44755,223509,0.0,1.0
1996-07-30,2.44755,2.45921,2.331,2.40093,133848,0.0,1.0
1996-07-31,2.40093,2.40093,2.32634,2.35431,164307,0.0,1.0
1996-08-01,2.35431,2.42424,2.32634,2.41259,148863,0.0,1.0
1996-08-02,2.40093,2.40093,2.35431,2.35431,83655,0.0,1.0
1996-08-05,2.40093,2.40093,2.338,2.35431,85371,0.0,1.0
1996-08-06,2.37762,2.40093,2.36597,2.38928,222651,0.0,1.0
1996-08-07,2.41958,2.47086,2.38695,2.40326,183612,0.0,1.0
1996-08-08,2.38928,2.42424,2.38928,2.41259,147147,0.0,1.0
1996-08-09,2.44755,2.44755,2.40093,2.42657,238524,0.0,1.0
1996-08-12,2.44755,2.49417,2.42657,2.45221,415701,0.0,1.0
1996-08-13,2.44755,2.45921,2.40093,2.40093,153153,0.0,1.0
1996-08-14,2.3986,2.40326,2.37529,2.38928,187473,0.0,1.0
1996-08-15,2.41259,2.41958,2.37762,2.38928,145002,0.0,1.0
1996-08-16,2.39627,2.39627,2.31935,2.39394,321750,0.0,1.0
1996-08-19,2.39627,2.39627,2.331,2.35431,148434,0.0,1.0
1996-08-20,2.34266,2.37529,2.331,2.34732,273702,0.0,1.0
1996-08-21,2.38928,2.39394,2.36597,2.36597,180180,0.0,1.0
1996-08-22,2.37762,2.44289,2.36597,2.3683,319605,0.0,1.0
1996-08-23,2.37762,2.37762,2.28438,2.34266,368082,0.0,1.0
1996-08-26,2.331,2.331,2.2028,2.27273,193908,0.0,1.0
1996-08-27,2.23776,2.30769,2.15618,2.28904,143286,0.0,1.0
1996-08-28,2.28904,2.28904,2.21911,2.28438,99099,0.0,1.0
1996-08-29,2.28438,2.30303,2.25408,2.2634,60918,0.0,1.0
1996-08-30,2.26107,2.37296,2.23776,2.30769,135993,0.0,1.0
1996-09-02,2.30769,2.32634,2.22844,2.24942,57915,0.0,1.0
1996-09-03,2.30769,2.30769,2.23776,2.23776,62634,0.0,1.0
1996-09-04,2.23776,2.27972,2.21911,2.27972,112827,0.0,1.0
1996-09-05,2.23776,2.37296,2.23776,2.30769,148863,0.0,1.0
1996-09-06,2.7972,2.7972,2.23776,2.34266,425568,0.0,1.0
1996-09-09,2.331,2.331,2.27273,2.30303,115830,0.0,1.0
1996-09-10,2.26107,2.37296,2.16783,2.37296,335907,0.0,1.0
1996-09-11,2.29604,2.36597,2.26107,2.33333,446589,0.0,1.0
1996-09-12,2.331,2.48951,2.331,2.4359,1302873,0.0,1.0
1996-09-13,2.42424,2.47086,2.38928,2.42424,999570,0.0,1.0
1996-09-16,2.42424,2.51515,2.37762,2.4662,1070355,0.0,1.0
1996-09-17,2.4662,2.5641,2.4662,2.48951,953667,0.0,1.0
1996-09-18,2.48951,2.48951,2.38928,2.42424,678678,0.0,1.0
1996-09-19,2.41259,2.48252,2.38928,2.48019,776490,0.0,1.0
1996-09-20,2.4662,2.55245,2.4662,2.54079,1165164,0.0,1.0
1996-09-23,2.5641,2.72261,2.52914,2.69231,3053193,0.0,1.0
1996-09-24,2.68065,2.77389,2.62238,2.68998,1232517,0.0,1.0
1996-09-25,2.63869,2.67366,2.54079,2.5711,451308,0.0,1.0
1996-09-26,2.5641,2.71562,2.51748,2.70396,1418274,0.0,1.0
1996-09-27,2.69231,2.73893,2.61072,2.68065,580008,0.0,1.0
1996-09-30,2.69231,2.73893,2.61072,2.68065,0,0.0,1.0
1996-10-01,2.69231,2.73893,2.61072,2.68065,0,0.0,1.0
1996-10-02,2.69231,2.73893,2.61072,2.68065,0,0.0,1.0
1996-10-03,2.68531,2.71795,2.65734,2.69231,834405,0.0,1.0
1996-10-04,2.68065,2.70396,2.65268,2.65268,377949,0.0,1.0
1996-10-07,2.65268,2.69231,2.64569,2.65268,639210,0.0,1.0
1996-10-08,2.65734,2.65734,2.61072,2.6317,131274,0.0,1.0
1996-10-09,2.64569,2.64569,2.5641,2.5641,215787,0.0,1.0
1996-10-10,2.58275,2.76923,2.58275,2.72727,864864,0.0,1.0
1996-10-11,2.70396,2.79254,2.68065,2.70396,1033461,0.0,1.0
1996-10-14,2.72727,2.72727,2.669,2.68298,465036,0.0,1.0
1996-10-15,2.72261,2.72261,2.63403,2.64569,232089,0.0,1.0
1996-10-16,2.64569,2.83217,2.63403,2.80886,3652077,0.0,1.0
1996-10-17,2.81585,2.9324,2.81585,2.91375,4460742,0.0,1.0
1996-10-18,2.92541,3.07226,2.9021,3.04895,8701407,0.0,1.0
1996-10-21,3.04196,3.05361,2.91842,3.01166,3051906,0.0,1.0
1996-10-22,2.99534,2.99534,2.9324,2.9324,3341052,0.0,1.0
1996-10-23,2.91842,2.9324,2.83683,2.88578,3657654,0.0,1.0
1996-10-24,2.85548,2.90676,2.84615,2.88578,3187899,0.0,1.0
1996-10-25,2.85548,2.91375,2.80886,2.90443,4993560,0.0,1.0
1996-10-28,2.86247,2.96037,2.83217,2.90909,2670525,0.0,1.0
1996-10-29,2.90909,2.98368,2.84382,2.86247,3613038,0.0,1.0
1996-10-30,2.84382,2.89044,2.61072,2.70396,1700127,0.0,1.0
1996-10-31,2.68065,2.79254,2.68065,2.72261,2296008,0.0,1.0
1996-11-01,2.68065,2.68531,2.5641,2.58741,540969,0.0,1.0
1996-11-04,2.58741,2.69464,2.58741,2.64103,945087,0.0,1.0
1996-11-05,2.63636,2.67599,2.61072,2.62238,791076,0.0,1.0
1996-11-06,2.62238,2.62937,2.57576,2.60606,461604,0.0,1.0
1996-11-07,2.60606,2.72727,2.60606,2.68065,1821534,0.0,1.0
1996-11-08,2.69231,2.70396,2.61538,2.65268,475761,0.0,1.0
1996-11-11,2.65268,2.68065,2.62471,2.65734,902187,0.0,1.0
1996-11-12,2.64569,2.71562,2.64569,2.67366,972972,0.0,1.0
1996-11-13,2.68065,2.75058,2.66434,2.72261,2525523,0.0,1.0
1996-11-14,2.72727,2.75058,2.70396,2.72261,940797,0.0,1.0
1996-11-15,2.71795,2.73893,2.65967,2.669,546546,0.0,1.0
1996-11-18,2.65734,2.72261,2.63403,2.70396,1403259,0.0,1.0
1996-11-19,2.72261,2.83916,2.70396,2.75991,4051476,0.0,1.0
1996-11-20,2.74592,2.75758,2.68065,2.71562,862719,0.0,1.0
1996-11-21,2.71795,2.72727,2.5641,2.59674,753753,0.0,1.0
1996-11-22,2.58741,2.61072,2.49417,2.57343,1176318,0.0,1.0
1996-11-25,2.56876,2.63403,2.5641,2.62238,1642212,0.0,1.0
1996-11-26,2.62238,2.65734,2.58741,2.62937,1800084,0.0,1.0
1996-11-27,2.63403,2.72727,2.62238,2.6993,2625051,0.0,1.0
1996-11-28,2.71562,2.79254,2.69231,2.75058,2272413,0.0,1.0
1996-11-29,2.75058,2.82051,2.72727,2.77389,2003859,0.0,1.0
1996-12-02,2.76923,2.97669,2.76923,2.93706,5783778,0.0,1.0
1996-12-03,2.9324,2.96037,2.8345,2.84382,5742165,0.0,1.0
1996-12-04,2.83916,2.84382,2.78555,2.84382,2803515,0.0,1.0
1996-12-05,2.86247,2.95571,2.83916,2.9324,5597592,0.0,1.0
1996-12-06,2.94173,3.12354,2.9021,3.08858,13158288,0.0,1.0
1996-12-09,3.12354,3.21678,3.06527,3.12354,8128692,0.0,1.0
1996-12-10,3.11888,3.11888,2.93939,3.00233,3980691,0.0,1.0
1996-12-11,3.00233,3.04895,2.94872,2.97203,2073357,0.0,1.0
1996-12-12,2.97203,2.99534,2.77855,2.85548,2204202,0.0,1.0
1996-12-13,2.79953,2.85548,2.68065,2.70396,2145858,0.0,1.0
1996-12-16,2.43357,2.55944,2.43357,2.43357,2271126,0.0,1.0
1996-12-17,2.21445,2.32867,2.19114,2.19114,1601028,0.0,1.0
1996-12-18,2.18415,2.37762,2.18182,2.37762,2115399,0.0,1.0
1996-12-19,2.32634,2.37762,2.14219,2.21212,2148861,0.0,1.0
1996-12-20,2.21445,2.29837,2.0979,2.22611,2737020,0.0,1.0
1996-12-23,2.26107,2.30303,2.17949,2.23077,1374945,0.0,1.0
1996-12-24,2.24242,2.24242,2.12121,2.12121,839982,0.0,1.0
1996-12-25,2.14452,2.17949,2.0979,2.15618,1285284,0.0,1.0
1996-12-26,2.15618,2.22611,2.14452,2.20979,2320890,0.0,1.0
1996-12-27,2.20979,2.20979,2.16783,2.19114,980694,0.0,1.0
1996-12-30,2.24009,2.27273,2.20513,2.24242,2031315,0.0,1.0
1996-12-31,2.23776,2.24242,2.17949,2.2028,703989,0.0,1.0
1997-01-01,2.23776,2.24242,2.17949,2.2028,0,0.0,1.0
1997-01-02,2.18648,2.24942,2.17949,2.20979,528923,0.0,1.0
1997-01-03,2.2331,2.2331,2.16783,2.18648,822822,0.0,1.0
1997-01-06,2.18648,2.21678,2.12121,2.12121,646074,0.0,1.0
1997-01-07,2.10023,2.21445,2.10023,2.18415,1299441,0.0,1.0
1997-01-08,2.16783,2.19114,2.16317,2.18648,726940,0.0,1.0
1997-01-09,2.19114,2.34965,2.19114,2.31469,5130346,0.0,1.0
1997-01-10,2.32634,2.331,2.27273,2.30303,1973400,0.0,1.0
1997-01-13,2.30769,2.33333,2.28438,2.32634,1468373,0.0,1.0
1997-01-14,2.331,2.37063,2.25641,2.2634,678764,0.0,1.0
1997-01-15,2.26107,2.30769,2.24942,2.28438,857356,0.0,1.0
1997-01-16,2.28438,2.30303,2.24009,2.27506,473187,0.0,1.0
1997-01-17,2.26807,2.26807,2.24009,2.26107,588674,0.0,1.0
1997-01-20,2.25641,2.26107,2.21678,2.24709,330330,0.0,1.0
1997-01-21,2.26107,2.28438,2.2331,2.25874,812715,0.0,1.0
1997-01-22,2.26107,2.29604,2.23543,2.26107,909514,0.0,1.0
1997-01-23,2.29604,2.30769,2.2331,2.30769,8183222,0.0,1.0
1997-01-24,2.34965,2.34965,2.24942,2.28904,1551539,0.0,1.0
1997-01-27,2.30303,2.3986,2.3007,2.34266,2819216,0.0,1.0
1997-01-28,2.34266,2.34732,2.28671,2.30536,881333,0.0,1.0
1997-01-29,2.30769,2.31935,2.29371,2.30769,928399,0.0,1.0
1997-01-30,2.31235,2.31469,2.28438,2.29371,776756,0.0,1.0
1997-01-31,2.29604,2.30769,2.29371,2.29837,803354,0.0,1.0
1997-02-03,2.29604,2.30769,2.29371,2.29837,0,0.0,1.0
1997-02-04,2.29604,2.30769,2.29371,2.29837,0,0.0,1.0
1997-02-05,2.29604,2.30769,2.29371,2.29837,0,0.0,1.0
1997-02-06,2.29604,2.30769,2.29371,2.29837,0,0.0,1.0
1997-02-07,2.29604,2.30769,2.29371,2.29837,0,0.0,1.0
1997-02-10,2.29604,2.30769,2.29371,2.29837,0,0.0,1.0
1997-02-11,2.29604,2.30769,2.29371,2.29837,0,0.0,1.0
1997-02-12,2.29604,2.30769,2.29371,2.29837,0,0.0,1.0
1997-02-13,2.29604,2.30769,2.29371,2.29837,0,0.0,1.0
1997-02-14,2.29604,2.30769,2.29371,2.29837,0,0.0,1.0
1997-02-17,2.331,2.37762,2.331,2.35897,939939,0.0,1.0
1997-02-18,2.35897,2.39627,2.13287,2.23776,2451812,0.0,1.0
1997-02-19,2.20979,2.34033,2.20979,2.34033,2182130,0.0,1.0
1997-02-20,2.10723,2.32634,2.10723,2.29837,2470152,0.0,1.0
1997-02-21,2.34965,2.47086,2.33566,2.47086,5550779,0.0,1.0
1997-02-24,2.52681,2.53147,2.33566,2.40093,2478702,0.0,1.0
1997-02-25,2.37762,2.4359,2.37762,2.38928,2155999,0.0,1.0
1997-02-26,2.40093,2.51748,2.39161,2.51748,1175494,0.0,1.0
1997-02-27,2.4662,2.48252,2.4359,2.45688,1803662,0.0,1.0
1997-02-28,2.44755,2.6014,2.42424,2.57809,3052009,0.0,1.0
1997-03-03,2.66667,2.83683,2.64569,2.83683,8027838,0.0,1.0
1997-03-04,2.9021,2.90909,2.79254,2.84615,7634050,0.0,1.0
1997-03-05,2.82051,2.86946,2.76923,2.77622,2806128,0.0,1.0
1997-03-06,2.72727,2.84382,2.70396,2.7972,3044304,0.0,1.0
1997-03-07,2.82051,2.84149,2.75058,2.77389,1787343,0.0,1.0
1997-03-10,2.7972,2.7972,2.7669,2.77389,2379234,0.0,1.0
1997-03-11,2.7972,2.9021,2.7972,2.8648,4119005,0.0,1.0
1997-03-12,2.88112,2.9021,2.78555,2.83916,2250980,0.0,1.0
1997-03-13,2.83916,2.84382,2.73193,2.7669,2153966,0.0,1.0
1997-03-14,2.75058,2.77389,2.64103,2.72727,2982125,0.0,1.0
1997-03-17,2.72727,2.79254,2.71562,2.7669,2893824,0.0,1.0
1997-03-18,2.76923,2.85548,2.72261,2.79487,2697591,0.0,1.0
1997-03-19,2.82051,2.82051,2.73893,2.76457,1531569,0.0,1.0
1997-03-20,2.75058,2.80886,2.69231,2.69231,2362589,0.0,1.0
1997-03-21,2.67599,2.77389,2.65268,2.76457,1545859,0.0,1.0
1997-03-24,2.82051,2.84382,2.77389,2.83217,4375251,0.0,1.0
1997-03-25,2.86713,3.07459,2.86247,2.93473,5960470,0.0,1.0
1997-03-26,2.94872,3.11189,2.9021,3.11189,9417712,0.0,1.0
1997-03-27,3.12354,3.29371,3.08858,3.29371,10302628,0.0,1.0
1997-03-28,3.51748,3.51748,3.19347,3.39161,13112590,0.0,1.0
1997-03-31,3.43823,3.56643,3.42657,3.51748,9215387,0.0,1.0
1997-04-01,3.51748,3.51748,3.41492,3.47319,6017626,0.0,1.0
1997-04-02,3.47319,3.48951,3.42657,3.4359,2812095,0.0,1.0
1997-04-03,3.44988,3.74825,3.4289,3.72494,4766537,0.0,1.0
1997-04-04,3.77156,4.05594,3.68298,3.92774,8360755,0.0,1.0
1997-04-07,3.9627,4.26107,3.91142,4.18415,7314403,0.0,1.0
1997-04-08,4.1958,4.31235,3.96504,4.20979,4407623,0.0,1.0
1997-04-09,4.24242,4.32168,4.16084,4.16084,5325194,0.0,1.0
1997-04-10,4.19814,4.25408,4.03497,4.05828,4901651,0.0,1.0
1997-04-11,4.01166,4.05361,3.84615,3.9627,3907581,0.0,1.0
1997-04-14,4.00932,4.10256,3.96037,4.05594,4489296,0.0,1.0
1997-04-15,4.10023,4.10256,3.94173,4.08625,2433571,0.0,1.0
1997-04-16,4.12587,4.37296,4.10256,4.23776,5633726,0.0,1.0
1997-04-17,4.23776,4.24242,4.13753,4.15385,2120590,0.0,1.0
1997-04-18,4.17483,4.28904,4.14918,4.25408,2556364,0.0,1.0
1997-04-21,4.33566,4.37063,4.1958,4.26107,2831005,0.0,1.0
1997-04-22,4.27273,4.47552,4.26573,4.42657,4662904,0.0,1.0
1997-04-23,4.48951,4.48951,4.41725,4.47552,2951378,0.0,1.0
1997-04-24,4.4289,4.46387,4.31469,4.44056,4543792,0.0,1.0
1997-04-25,4.4289,4.84849,4.38695,4.70862,5772379,0.0,1.0
1997-04-28,4.70862,4.70862,4.70862,4.70862,0,0.0,1.0
1997-04-29,4.63869,4.63869,4.31235,4.4662,3760794,0.0,1.0
1997-04-30,4.91142,4.91142,4.4289,4.54545,2842897,0.0,1.0
1997-05-01,4.91142,4.91142,4.4289,4.54545,0,0.0,1.0
1997-05-02,4.91142,4.91142,4.4289,4.54545,0,0.0,1.0
1997-05-05,4.44755,4.62005,4.40559,4.54545,4231652,0.0,1.0
1997-05-06,4.6014,4.61072,4.48718,4.52214,3439464,0.0,1.0
1997-05-07,4.55245,4.56876,4.45221,4.45921,2980456,0.0,1.0
1997-05-08,4.47552,4.77389,4.31235,4.33566,4024749,0.0,1.0
1997-05-09,4.4289,4.54545,4.33566,4.5338,2818045,0.0,1.0
1997-05-12,4.65967,4.65967,4.52448,4.55711,2508371,0.0,1.0
1997-05-13,4.54545,4.84849,4.35897,4.7669,3423609,0.0,1.0
1997-05-14,4.7669,4.93706,4.61538,4.662,8397177,0.0,1.0
1997-05-15,4.61538,4.77855,4.59207,4.74359,3534093,0.0,1.0
1997-05-16,4.28904,4.56876,4.2704,4.2704,3607890,0.0,1.0
1997-05-19,4.26573,4.35431,4.07925,4.1958,1567274,0.0,1.0
1997-05-20,4.23776,4.32867,4.23543,4.3007,1389733,0.0,1.0
1997-05-21,4.34033,4.35897,4.16783,4.19114,1471213,0.0,1.0
1997-05-22,3.77156,4.05128,3.77156,3.77156,2555982,0.0,1.0
1997-05-23,3.84615,3.84615,3.71795,3.82751,1258969,0.0,1.0
1997-05-26,3.84615,3.93007,3.70629,3.75524,899124,0.0,1.0
1997-05-27,3.81818,3.91608,3.81585,3.9021,1220153,0.0,1.0
1997-05-28,3.89277,3.91608,3.79953,3.82284,722436,0.0,1.0
1997-05-29,3.77156,3.8345,3.76457,3.7669,971041,0.0,1.0
1997-05-30,3.78089,3.84615,3.75291,3.83683,917545,0.0,1.0
1997-06-02,3.91608,4.00466,3.91608,3.96737,1654584,0.0,1.0
1997-06-03,3.99767,4.0303,3.86946,3.97902,1291281,0.0,1.0
1997-06-04,4.02797,4.1655,3.98601,4.0676,1515747,0.0,1.0
1997-06-05,4.05594,4.05594,3.96504,4.02797,1065473,0.0,1.0
1997-06-06,3.84848,3.91608,3.68298,3.77156,1760427,0.0,1.0
1997-06-09,3.7296,3.81119,3.70629,3.78788,625980,0.0,1.0
1997-06-10,3.75291,3.84615,3.7296,3.75291,413556,0.0,1.0
1997-06-11,3.73427,3.79953,3.57809,3.68298,916859,0.0,1.0
1997-06-12,3.70163,3.74825,3.64802,3.71329,481552,0.0,1.0
1997-06-13,3.61305,3.83683,3.58974,3.82284,902196,0.0,1.0
1997-06-16,3.74126,3.82284,3.70163,3.77622,515186,0.26057,1.0
1997-06-17,3.77622,3.78788,3.70629,3.74126,476156,0.0,1.0
1997-06-18,3.77156,3.77156,3.70862,3.73193,368112,0.0,1.0
1997-06-19,3.70629,3.7296,3.67832,3.68298,302445,0.0,1.0
1997-06-20,3.7296,3.81119,3.72261,3.81119,819973,0.0,1.0
1997-06-23,3.84615,3.98135,3.84615,3.8648,1103324,0.0,1.0
1997-06-24,3.9627,3.9627,3.82284,3.92774,565310,0.0,1.0
1997-06-25,3.95804,3.99534,3.92774,3.96037,921921,0.0,1.0
1997-06-26,3.93939,3.96037,3.88112,3.88345,778335,0.0,1.0
1997-06-27,3.93706,4.0676,3.91142,4.00932,2362010,0.0,1.0
1997-06-30,3.93706,4.0676,3.91142,4.00932,0,0.0,1.0
1997-07-01,3.93706,4.0676,3.91142,4.00932,0,0.0,1.0
1997-07-02,4.40093,4.40093,3.89511,4.23776,3717817,0.0,1.0
1997-07-03,4.1958,4.21445,4.03497,4.16783,1787270,0.0,1.0
1997-07-04,4.30769,4.33566,4.07925,4.21911,3071134,0.0,1.0
1997-07-07,4.21911,4.25175,3.81585,3.86946,1811002,0.0,1.0
1997-07-08,3.88112,4.03263,3.86946,3.98601,1131839,0.0,1.0
1997-07-09,4.01166,4.02098,3.92308,3.96504,580137,0.0,1.0
1997-07-10,3.97436,4.06294,3.94173,3.99767,1056425,0.0,1.0
1997-07-11,3.98601,4.37762,3.98368,4.37762,3584037,0.0,1.0
1997-07-14,4.81585,4.81585,4.66667,4.81585,3087213,0.0,1.0
1997-07-15,5.28671,5.28904,4.98368,5.05828,9959964,0.0,1.0
1997-07-16,5.01166,5.01166,4.82051,4.97669,4216027,0.0,1.0
1997-07-17,4.91842,5.24476,4.89511,5.15152,6939345,0.0,1.0
1997-07-18,5.17483,5.65967,5.17483,5.64103,9645215,0.0,1.0
1997-07-21,4.38228,4.40559,4.24942,4.24942,2935218,0.0,1.0
1997-07-22,3.9627,4.1958,3.8718,4.16783,7356320,0.0,1.0
1997-07-23,4.10256,4.11422,3.9697,4.02098,3519194,0.0,1.0
1997-07-24,3.9627,4.09091,3.84615,3.9627,2166175,0.0,1.0
1997-07-25,3.91608,3.9627,3.75291,3.77622,2523614,0.0,1.0
1997-07-28,3.75291,3.83683,3.61305,3.65734,1632559,0.0,1.0
1997-07-29,3.6317,3.70163,3.49883,3.61305,1911109,0.0,1.0
1997-07-30,3.63636,3.78788,3.62471,3.78788,1845738,0.0,1.0
1997-07-31,3.78788,3.84615,3.67133,3.6993,1301672,0.0,1.0
1997-08-01,3.70163,3.7296,3.57809,3.61305,1786330,0.0,1.0
1997-08-04,3.59441,3.77156,3.56643,3.67832,1170226,0.0,1.0
1997-08-05,3.72494,3.7296,3.63869,3.66434,794508,0.0,1.0
1997-08-06,3.67133,3.70163,3.56643,3.57576,697125,0.0,1.0
1997-08-07,3.55478,3.63636,3.51981,3.63636,901887,0.0,1.0
1997-08-08,3.65501,3.65501,3.52448,3.54312,1221577,0.0,1.0
1997-08-11,3.58508,3.58508,3.37995,3.40559,1514456,0.0,1.0
1997-08-12,3.4359,3.43823,3.31235,3.40093,751668,0.0,1.0
1997-08-13,3.42424,3.4359,3.19814,3.21212,554053,0.0,1.0
1997-08-14,3.21678,3.35664,3.21678,3.35664,735122,0.0,1.0
1997-08-15,3.44988,3.44988,3.27273,3.31002,649077,0.0,1.0
1997-08-18,3.31002,3.31235,3.21678,3.22844,859622,0.0,1.0
1997-08-19,3.24009,3.33333,3.24009,3.28904,406263,0.0,1.0
1997-08-20,3.29837,3.34499,3.29837,3.34033,299442,0.0,1.0
1997-08-21,3.35198,3.41492,3.34499,3.37995,654753,0.0,1.0
1997-08-22,3.3683,3.3683,3.29837,3.35431,769523,0.0,1.0
1997-08-25,3.31002,3.40093,3.28205,3.38462,1673074,0.0,1.0
1997-08-26,3.40093,3.49184,3.35664,3.39161,1386588,0.0,1.0
1997-08-27,3.40793,3.44522,3.37995,3.41725,937682,0.0,1.0
1997-08-28,3.4289,3.46853,3.3683,3.39161,886464,0.0,1.0
1997-08-29,3.3986,3.40326,3.31002,3.34499,1238175,0.0,1.0
1997-09-01,3.32168,3.35664,3.29138,3.31002,1162354,0.0,1.0
1997-09-02,3.32401,3.3986,3.32168,3.39627,766074,0.0,1.0
1997-09-03,3.39161,3.53846,3.38928,3.51515,2050448,0.0,1.0
1997-09-04,3.56177,3.65967,3.54079,3.59207,2374305,0.0,1.0
1997-09-05,3.58974,3.60606,3.4965,3.52914,1320762,0.0,1.0
1997-09-08,3.52448,3.65967,3.51981,3.58275,1636892,0.0,1.0
1997-09-09,3.6014,3.6014,3.51981,3.5338,884933,0.0,1.0
1997-09-10,3.49883,3.54312,3.44988,3.47552,661655,0.0,1.0
1997-09-11,3.4965,3.53846,3.44988,3.46853,743877,0.0,1.0
1997-09-12,3.45221,3.47319,3.32867,3.3683,689725,0.0,1.0
1997-09-15,3.35431,3.35431,3.26573,3.28671,495924,0.0,1.0
1997-09-16,3.31002,3.34499,3.27739,3.31935,376696,0.0,1.0
1997-09-17,3.31935,3.32168,3.26807,3.28671,287409,0.0,1.0
1997-09-18,3.31002,3.34499,3.29138,3.31002,249794,0.0,1.0
1997-09-19,3.31002,3.35664,3.31002,3.33333,178726,0.0,1.0
1997-09-22,3.31002,3.34499,3.06527,3.09557,477134,0.0,1.0
1997-09-23,3.07226,3.07226,2.82051,2.88578,739253,0.0,1.0
1997-09-24,2.9324,3.0303,2.91375,3.00699,850514,0.0,1.0
1997-09-25,3.07692,3.10023,3.00699,3.01865,708897,0.0,1.0
1997-09-26,3.05361,3.07226,2.95804,2.99767,339481,0.0,1.0
1997-09-29,2.98368,2.98368,2.89044,2.9021,506966,0.0,1.0
1997-09-30,2.91375,2.95571,2.90909,2.92774,186958,0.0,1.0
1997-10-01,2.91375,2.95571,2.90909,2.92774,0,0.0,1.0
1997-10-02,2.91375,2.95571,2.90909,2.92774,0,0.0,1.0
1997-10-03,2.91375,2.95571,2.90909,2.92774,0,0.0,1.0
1997-10-06,2.96037,3.00932,2.93473,2.99068,215028,0.0,1.0
1997-10-07,2.98368,3.01865,2.96037,2.99534,147404,0.0,1.0
1997-10-08,3.0303,3.12354,3.01865,3.08392,395641,0.0,1.0
1997-10-09,3.07226,3.09557,3.03497,3.07226,287151,0.0,1.0
1997-10-10,3.06527,3.11888,3.05828,3.11189,332136,0.0,1.0
1997-10-13,3.14219,3.16317,3.11189,3.11422,304161,0.0,1.0
1997-10-14,3.11189,3.11189,3.07692,3.10023,286031,0.0,1.0
1997-10-15,3.09557,3.11655,3.09557,3.0979,519197,0.0,1.0
1997-10-16,3.14685,3.21678,3.1352,3.19814,517473,0.0,1.0
1997-10-17,3.21678,3.31469,3.21678,3.30303,652316,0.0,1.0
1997-10-20,3.4965,3.54312,3.37995,3.4965,1675816,0.0,1.0
1997-10-21,3.50117,3.54079,3.47319,3.53147,1363169,0.0,1.0
1997-10-22,3.53147,3.63636,3.47319,3.5338,1951457,0.0,1.0
1997-10-23,3.4965,3.51981,3.44522,3.48019,1008515,0.0,1.0
1997-10-24,3.40093,3.48019,3.40093,3.45455,1137481,0.0,1.0
1997-10-27,3.4965,3.63636,3.4965,3.59441,4396207,0.0,1.0
1997-10-28,3.6303,3.66061,3.33636,3.35455,1800658,0.0,1.0
1997-10-29,3.27273,3.36364,3.21212,3.29091,1372579,0.0,1.0
1997-10-30,3.32727,3.32727,3.21212,3.23636,1048756,0.0,1.0
1997-10-31,3.20606,3.24848,3.15152,3.24848,677734,0.0,1.0
1997-11-03,3.22727,3.32424,3.18182,3.27273,510041,0.0,1.0
1997-11-04,3.30303,3.42424,3.30303,3.34242,816562,0.0,1.0
1997-11-05,3.35758,3.3697,3.26364,3.3,300152,0.0,1.0
1997-11-06,3.27273,3.30303,3.2303,3.23636,596310,0.0,1.0
1997-11-07,3.21212,3.29697,3.21212,3.25758,449219,0.0,1.0
1997-11-10,3.27273,3.27273,3.19697,3.21818,648780,0.0,1.0
1997-11-11,3.22727,3.23333,3.18485,3.20909,386305,0.0,1.0
1997-11-12,3.21212,3.27273,3.17273,3.18182,570979,0.0,1.0
1997-11-13,3.18182,3.18182,3.12121,3.18182,457915,0.0,1.0
1997-11-14,3.21212,3.25455,3.18182,3.19697,401138,0.0,1.0
1997-11-17,3.27576,3.27576,3.18182,3.22121,309547,0.0,1.0
1997-11-18,3.20606,3.26667,3.19697,3.21818,328809,0.0,1.0
1997-11-19,3.21818,3.27273,3.21212,3.22727,422888,0.0,1.0
1997-11-20,3.22727,3.22727,3.15152,3.16061,381704,0.0,1.0
1997-11-21,3.12424,3.14545,3.07879,3.09091,443137,0.0,1.0
1997-11-24,3.05455,3.07576,2.98485,2.99091,430445,0.0,1.0
1997-11-25,2.96364,2.99091,2.92424,2.94848,364013,0.0,1.0
1997-11-26,2.98485,3.02727,2.9697,3.02727,204927,0.0,1.0
1997-11-27,3.0303,3.0303,2.9697,3.01515,285793,0.0,1.0
1997-11-28,2.93939,3.0303,2.93333,3.0303,197795,0.0,1.0
1997-12-01,3.05152,3.05152,2.97879,3.01515,165284,0.0,1.0
1997-12-02,3.01515,3.04545,3.00606,3.0303,190971,0.0,1.0
1997-12-03,3.03333,3.03333,2.9697,3.01818,202666,0.0,1.0
1997-12-04,3.02424,3.08485,3,3.04848,346249,0.0,1.0
1997-12-05,3.06061,3.08485,3.04848,3.05455,280338,0.0,1.0
1997-12-08,3.06061,3.33333,3.06061,3.33333,2198985,0.0,1.0
1997-12-09,3.31818,3.42424,3.28182,3.31818,2159870,0.0,1.0
1997-12-10,3.31212,3.3697,3.27576,3.31212,888344,0.0,1.0
1997-12-11,3.32727,3.33939,3.24848,3.26061,693092,0.0,1.0
1997-12-12,3.32727,3.39394,3.29091,3.33939,1553653,0.0,1.0
1997-12-15,3.41818,3.62727,3.40909,3.62727,4759036,0.0,1.0
1997-12-16,3.62727,3.63333,3.54545,3.62727,2155708,0.0,1.0
1997-12-17,3.6,3.60303,3.41818,3.44848,1972440,0.0,1.0
1997-12-18,3.4,3.4697,3.36667,3.45152,1341638,0.0,1.0
1997-12-19,3.44242,3.59091,3.43939,3.51212,957908,0.0,1.0
1997-12-22,3.51515,3.5697,3.42424,3.51515,1383142,0.0,1.0
1997-12-23,3.62121,3.62121,3.5,3.52121,1103942,0.0,1.0
1997-12-24,3.52121,3.52121,3.3697,3.41515,996270,0.0,1.0
1997-12-25,3.43333,3.49091,3.39394,3.44848,684123,0.0,1.0
1997-12-26,3.53939,3.53939,3.43939,3.49091,779110,0.0,1.0
1997-12-29,3.48485,3.50303,3.38788,3.41818,1036778,0.0,1.0
1997-12-30,3.41818,3.44848,3.39394,3.42424,744638,0.0,1.0
1997-12-31,3.39394,3.47879,3.39394,3.4697,486272,0.0,1.0
1998-01-01,3.39394,3.47879,3.39394,3.4697,0,0.0,1.0
1998-01-02,3.39394,3.47879,3.39394,3.4697,0,0.0,1.0
1998-01-05,3.47273,3.60606,3.47273,3.54242,1376925,0.0,1.0
1998-01-06,3.54545,3.72727,3.54545,3.70606,2967802,0.0,1.0
1998-01-07,3.69697,3.70303,3.57576,3.65758,1564240,0.0,1.0
1998-01-08,3.63939,3.65152,3.55455,3.5697,1184357,0.0,1.0
1998-01-09,3.56061,3.6303,3.49394,3.60303,1292287,0.0,1.0
1998-01-12,3.6303,3.75758,3.55152,3.6303,2439538,0.0,1.0
1998-01-13,3.54545,3.54545,3.26667,3.38182,2218468,0.0,1.0
1998-01-14,3.40909,3.47576,3.40909,3.45152,1332807,0.0,1.0
1998-01-15,3.48788,3.49394,3.42424,3.45455,768445,0.0,1.0
1998-01-16,3.47879,3.54545,3.45152,3.51515,708599,0.0,1.0
1998-01-19,3.51515,3.6,3.4697,3.47879,572253,0.0,1.0
1998-01-20,3.47879,3.47879,3.40909,3.41212,522265,0.0,1.0
1998-01-21,3.41212,3.45455,3.39394,3.40606,434198,0.0,1.0
1998-01-22,3.39697,3.48485,3.35758,3.41818,471956,0.0,1.0
1998-01-23,3.37879,3.48485,3.37879,3.46061,325426,0.0,1.0
1998-01-26,3.37879,3.48485,3.37879,3.46061,0,0.0,1.0
1998-01-27,3.37879,3.48485,3.37879,3.46061,0,0.0,1.0
1998-01-28,3.37879,3.48485,3.37879,3.46061,0,0.0,1.0
1998-01-29,3.37879,3.48485,3.37879,3.46061,0,0.0,1.0
1998-01-30,3.37879,3.48485,3.37879,3.46061,0,0.0,1.0
1998-02-02,3.37879,3.48485,3.37879,3.46061,0,0.0,1.0
1998-02-03,3.37879,3.48485,3.37879,3.46061,0,0.0,1.0
1998-02-04,3.37879,3.48485,3.37879,3.46061,0,0.0,1.0
1998-02-05,3.37879,3.48485,3.37879,3.46061,0,0.0,1.0
1998-02-06,3.37879,3.48485,3.37879,3.46061,0,0.0,1.0
1998-02-09,3.53939,3.61818,3.47879,3.54545,829260,0.0,1.0
1998-02-10,3.51515,3.51515,3.48485,3.49394,293297,0.0,1.0
1998-02-11,3.4697,3.56061,3.45455,3.5303,465729,0.0,1.0
1998-02-12,3.51515,3.63636,3.50909,3.62727,1328062,0.0,1.0
1998-02-13,3.6303,3.75455,3.59091,3.62424,2500849,0.0,1.0
1998-02-16,3.62424,3.62424,3.5303,3.54545,930082,0.0,1.0
1998-02-17,3.53333,3.55758,3.48182,3.54242,582595,0.0,1.0
1998-02-18,3.54545,3.56061,3.47879,3.49697,441448,0.0,1.0
1998-02-19,3.51515,3.51515,3.44848,3.47879,482460,0.0,1.0
1998-02-20,3.46061,3.51515,3.46061,3.47273,311784,0.0,1.0
1998-02-23,3.4697,3.48182,3.36364,3.43333,619747,0.0,1.0
1998-02-24,3.43333,3.43333,3.39697,3.41818,407098,0.0,1.0
1998-02-25,3.42424,3.42424,3.3303,3.33333,553040,0.0,1.0
1998-02-26,3.33333,3.3697,3.30303,3.3697,340006,0.0,1.0
1998-02-27,3.3697,3.39394,3.33636,3.34242,351513,0.0,1.0
1998-03-02,3.29697,3.29697,3.19697,3.21212,685064,0.0,1.0
1998-03-03,3.16667,3.31818,3.16667,3.30303,371917,0.0,1.0
1998-03-04,3.30303,3.30303,3.18182,3.22727,446724,0.0,1.0
1998-03-05,3.22727,3.36364,3.22727,3.27273,242906,0.0,1.0
1998-03-06,3.30303,3.30303,3.25152,3.28788,213899,0.0,1.0
1998-03-09,3.33333,3.33333,3.27273,3.28788,221117,0.0,1.0
1998-03-10,3.27273,3.31818,3.20606,3.22727,240917,0.0,1.0
1998-03-11,3.30303,3.30303,3.21212,3.21212,214355,0.0,1.0
1998-03-12,3.21212,3.26667,3.21212,3.22727,206250,0.0,1.0
1998-03-13,3.22424,3.24242,3.21212,3.21515,190658,0.0,1.0
1998-03-16,3.21515,3.25455,3.21515,3.22424,201432,0.0,1.0
1998-03-17,3.23636,3.27273,3.21212,3.27273,335227,0.0,1.0
1998-03-18,3.30303,3.33333,3.25758,3.25758,193496,0.0,1.0
1998-03-19,3.25758,3.27273,3.18485,3.21212,201465,0.0,1.0
1998-03-20,3.22121,3.27273,3.21212,3.21515,181441,0.0,1.0
1998-03-23,3.21515,3.30303,3.21515,3.23939,339233,0.0,1.0
1998-03-24,3.2697,3.47879,3.2697,3.37273,1256452,0.0,1.0
1998-03-25,3.45455,3.45455,3.31818,3.33636,891102,0.0,1.0
1998-03-26,3.32727,3.32727,3.23636,3.25152,544490,0.0,1.0
1998-03-27,3.25152,3.45152,3.24545,3.37576,1375889,0.0,1.0
1998-03-30,3.41818,3.56061,3.41818,3.48485,2144594,0.0,1.0
1998-03-31,3.48485,3.51515,3.39394,3.43939,1029379,0.0,1.0
1998-04-01,3.39394,3.48182,3.38788,3.48182,943615,0.0,1.0
1998-04-02,3.51515,3.69091,3.5,3.60606,5333708,0.0,1.0
1998-04-03,3.59091,3.62424,3.54545,3.57576,2050432,0.0,1.0
1998-04-06,3.57576,3.65152,3.49091,3.56061,2150491,0.0,1.0
1998-04-07,3.57576,3.90909,3.55758,3.80303,7483694,0.0,1.0
1998-04-08,3.80606,3.89394,3.78182,3.83333,5416854,0.0,1.0
1998-04-09,3.81818,3.86061,3.57576,3.59091,3631782,0.0,1.0
1998-04-10,3.57576,3.63333,3.5303,3.61212,1618581,0.0,1.0
1998-04-13,3.60606,3.71212,3.54545,3.62727,1774509,0.0,1.0
1998-04-14,3.62121,3.63333,3.56061,3.5697,949172,0.0,1.0
1998-04-15,3.54545,3.60606,3.54242,3.59091,1000550,0.0,1.0
1998-04-16,3.60909,3.66061,3.56061,3.5697,1285789,0.0,1.0
1998-04-17,3.5697,3.57273,3.45455,3.46061,1155878,0.0,1.0
1998-04-20,3.43939,3.44545,3.36364,3.41818,1101358,0.0,1.0
1998-04-21,3.43333,3.53939,3.43333,3.47576,771537,0.0,1.0
1998-04-22,3.47576,3.63636,3.47576,3.60909,955885,0.0,1.0
1998-04-23,3.60909,3.63636,3.54545,3.57576,818166,0.0,1.0
1998-04-24,3.6,3.6,3.48485,3.48788,914321,0.0,1.0
1998-04-27,3.4697,3.59394,3.42424,3.56061,770771,0.0,1.0
1998-04-28,3.59091,3.71212,3.59091,3.69697,2634370,0.0,1.0
1998-04-29,3.70303,3.72727,3.6303,3.66061,1826847,0.0,1.0
1998-04-30,3.66667,3.69697,3.60606,3.62727,1044740,0.0,1.0
1998-05-01,3.66667,3.69697,3.60606,3.62727,0,0.0,1.0
1998-05-04,3.63636,3.68182,3.6,3.64545,1886867,0.0,1.0
1998-05-05,3.66667,3.77879,3.65455,3.72121,3073544,0.0,1.0
1998-05-06,3.72121,3.72121,3.72121,3.72121,0,0.0,1.0
1998-05-07,3.72727,3.78182,3.5303,3.53333,1135200,0.0,1.0
1998-05-08,3.53333,3.63636,3.51515,3.62727,1160716,0.0,1.0
1998-05-11,3.64545,3.64848,3.54848,3.57879,1648291,0.0,1.0
1998-05-12,3.59091,3.63636,3.55152,3.56364,1479403,0.0,1.0
1998-05-13,3.56364,3.64242,3.54848,3.62424,1677294,0.0,1.0
1998-05-14,3.65152,3.81212,3.64848,3.69697,4900500,0.0,1.0
1998-05-15,3.75152,3.78788,3.6303,3.63333,1893114,0.0,1.0
1998-05-18,3.65455,3.66667,3.5697,3.61212,1180697,0.0,1.0
1998-05-19,3.62121,3.66667,3.55455,3.5697,884083,0.0,1.0
1998-05-20,3.5697,3.60606,3.54848,3.5697,652813,0.0,1.0
1998-05-21,3.5697,3.59091,3.51515,3.5697,753595,0.0,1.0
1998-05-22,3.58485,3.66667,3.56061,3.6303,1542740,0.0,1.0
1998-05-25,3.63636,3.75152,3.63636,3.72727,3547876,0.0,1.0
1998-05-26,3.74242,3.7697,3.65455,3.67273,1939928,0.0,1.0
1998-05-27,3.68182,3.9,3.67576,3.87879,5823530,0.0,1.0
1998-05-28,3.9,3.99697,3.79091,3.99697,4777479,0.0,1.0
1998-05-29,4.00909,4.11515,3.96061,4.01212,5374763,0.0,1.0
1998-06-01,4.09091,4.28788,4.09091,4.15152,6100535,0.0,1.0
1998-06-02,4.14848,4.22121,4.01818,4.13939,2997446,0.0,1.0
1998-06-03,4.1303,4.23939,4.09091,4.12727,1968922,0.0,1.0
1998-06-04,4.13636,4.15152,4.01515,4.02727,1755329,0.0,1.0
1998-06-05,4.01515,4.06667,3.87879,3.9697,2647293,0.0,1.0
1998-06-08,3.95455,3.95455,3.87879,3.91212,1787973,0.0,1.0
1998-06-09,3.89394,3.90909,3.6697,3.74242,1831520,0.0,1.0
1998-06-10,3.71212,3.87879,3.68485,3.81212,1521076,0.0,1.0
1998-06-11,3.81212,3.82424,3.70606,3.72121,815489,0.0,1.0
1998-06-12,3.87879,3.90606,3.77273,3.84242,1048262,0.0,1.0
1998-06-15,3.81818,3.87879,3.75758,3.77879,863950,0.0,1.0
1998-06-16,3.78788,3.78788,3.57576,3.72727,984591,0.0,1.0
1998-06-17,3.73333,3.75758,3.69697,3.75152,545332,0.0,1.0
1998-06-18,3.76364,3.86061,3.75152,3.83636,876671,0.0,1.0
1998-06-19,3.83636,3.87273,3.81212,3.86364,955116,0.0,1.0
1998-06-22,3.88182,4.02121,3.88182,4,1933153,0.0,1.0
1998-06-23,3.99697,4.04242,3.90909,4.01515,1147964,0.0,1.0
1998-06-24,4,4.0303,3.93939,3.94848,915374,0.0,1.0
1998-06-25,3.90909,3.92727,3.81818,3.84545,511078,0.0,1.0
1998-06-26,3.84545,3.87879,3.83333,3.84545,658050,0.0,1.0
1998-06-29,3.83333,3.83333,3.72727,3.74545,703151,0.0,1.0
1998-06-30,3.75455,3.75455,3.62121,3.62727,488994,0.22090,1.0
1998-07-01,3.71212,3.72121,3.57576,3.58182,537890,0.0,1.0
1998-07-02,3.58182,3.60606,3.50909,3.57273,661841,0.0,1.0
1998-07-03,3.57576,3.69091,3.54848,3.69091,916334,0.0,1.0
1998-07-06,3.69697,3.69697,3.57576,3.58788,325406,0.0,1.0
1998-07-07,3.57273,3.59091,3.5303,3.59091,340742,0.0,1.0
1998-07-08,3.60606,3.60606,3.58182,3.58485,286813,0.0,1.0
1998-07-09,3.6,3.60303,3.5303,3.55152,628498,0.0,1.0
1998-07-10,3.58182,3.66061,3.54545,3.6303,435494,0.0,1.0
1998-07-13,3.60606,3.66667,3.57879,3.66667,506623,0.0,1.0
1998-07-14,3.63636,3.68182,3.57576,3.59091,551908,0.0,1.0
1998-07-15,3.54848,3.65152,3.54848,3.6,299191,0.0,1.0
1998-07-16,3.59697,3.59697,3.5,3.51515,401610,0.0,1.0
1998-07-17,3.5,3.51515,3.38788,3.39394,942223,0.0,1.0
1998-07-20,3.33636,3.36364,3.18182,3.22727,765194,0.0,1.0
1998-07-21,3.21212,3.33333,3.19394,3.30303,419460,0.0,1.0
1998-07-22,3.27879,3.33636,3.27273,3.28485,232921,0.0,1.0
1998-07-23,3.28485,3.3303,3.25758,3.29697,253087,0.0,1.0
1998-07-24,3.21212,3.48485,3.21212,3.33939,814321,0.0,1.0
1998-07-27,3.33333,3.34848,3.24545,3.27273,693343,0.0,1.0
1998-07-28,3.27273,3.27273,3.20606,3.22727,596558,0.0,1.0
1998-07-29,3.21212,3.30303,3.21212,3.27273,373751,0.0,1.0
1998-07-30,3.27273,3.3,3.21212,3.24242,525951,0.0,1.0
1998-07-31,3.24242,3.25758,3.22424,3.22727,412827,0.0,1.0
1998-08-03,3.22727,3.22727,3.10909,3.12121,564052,0.0,1.0
1998-08-04,3.11515,3.11515,3.05455,3.06364,628172,0.0,1.0
1998-08-05,3.07576,3.15152,3.06667,3.14848,395894,0.0,1.0
1998-08-06,3.14545,3.16667,3.09091,3.10606,241359,0.0,1.0
1998-08-07,3.07576,3.07879,3.03333,3.03636,425954,0.0,1.0
1998-08-10,3.03333,3.03333,2.90909,2.94545,495020,0.0,1.0
1998-08-11,2.87879,2.9697,2.86364,2.86364,348562,0.0,1.0
1998-08-12,2.86364,2.86364,2.71515,2.83333,656944,0.0,1.0
1998-08-13,2.83333,2.83636,2.78788,2.81818,386747,0.0,1.0
1998-08-14,2.81818,2.81818,2.68182,2.68788,391380,0.0,1.0
1998-08-17,2.63636,2.63636,2.41818,2.41818,826894,0.0,1.0
1998-08-18,2.32727,2.46667,2.3,2.38788,665445,0.0,1.0
1998-08-19,2.38788,2.53939,2.38788,2.5303,570626,0.0,1.0
1998-08-20,2.52727,2.61818,2.45758,2.60303,932481,0.0,1.0
1998-08-21,2.6,2.66061,2.5303,2.64545,890304,0.0,1.0
1998-08-24,2.64545,2.7697,2.60606,2.66667,972708,0.0,1.0
1998-08-25,2.62424,2.72424,2.60303,2.6697,559149,0.0,1.0
1998-08-26,2.63636,2.69697,2.62121,2.6303,570026,0.0,1.0
1998-08-27,2.48788,2.62424,2.48788,2.59091,395515,0.0,1.0
1998-08-28,2.57576,2.57576,2.52121,2.52727,334702,0.0,1.0
1998-08-31,2.49394,2.56364,2.36364,2.56061,528172,0.0,1.0
1998-09-01,2.56061,2.60909,2.5,2.55455,494258,0.0,1.0
1998-09-02,2.5303,2.5697,2.5,2.54545,220285,0.0,1.0
1998-09-03,2.51818,2.58485,2.51818,2.57576,304319,0.0,1.0
1998-09-04,2.59091,2.69091,2.57879,2.65455,635445,0.0,1.0
1998-09-07,2.72727,2.84242,2.69697,2.83333,1966985,0.0,1.0
1998-09-08,2.87273,2.88788,2.77273,2.77576,1558979,0.0,1.0
1998-09-09,2.7,2.87576,2.7,2.86667,925726,0.0,1.0
1998-09-10,2.84848,2.95758,2.84848,2.91515,1636450,0.0,1.0
1998-09-11,2.92424,2.92424,2.85455,2.87576,1168655,0.0,1.0
1998-09-14,2.88182,3.02727,2.88182,3.00909,1536609,0.0,1.0
1998-09-15,3.0303,3.29697,3.0303,3.1697,4505625,0.0,1.0
1998-09-16,3.24242,3.33333,3.24242,3.33333,6696182,0.0,1.0
1998-09-17,3.33333,3.37879,3.18182,3.19697,2879999,0.0,1.0
1998-09-18,3.19697,3.19697,3.0303,3.05455,1916323,0.0,1.0
1998-09-21,3.0303,3.14545,2.92424,3.14545,1139813,0.0,1.0
1998-09-22,3.16667,3.17273,3.0303,3.09697,861419,0.0,1.0
1998-09-23,3.08788,3.14545,3.07879,3.13636,630637,0.0,1.0
1998-09-24,3.1697,3.17576,3.00303,3.0303,722426,0.0,1.0
1998-09-25,3.02424,3.11515,3,3.11515,524053,0.0,1.0
1998-09-28,3.11818,3.16667,3.07273,3.12121,696587,0.0,1.0
1998-09-29,3.11515,3.12121,3.06061,3.08182,479909,0.0,1.0
1998-09-30,3.09091,3.15152,3.09091,3.13636,530026,0.0,1.0
1998-10-01,3.09091,3.15152,3.09091,3.13636,0,0.0,1.0
1998-10-02,3.09091,3.15152,3.09091,3.13636,0,0.0,1.0
1998-10-05,3.14545,3.20606,3.12121,3.20303,803256,0.0,1.0
1998-10-06,3.18182,3.21515,3.08485,3.10303,476348,0.0,1.0
1998-10-07,3.07576,3.10606,3.06364,3.07576,427746,0.0,1.0
1998-10-08,3.09091,3.2697,3.09091,3.25758,1916690,0.0,1.0
1998-10-09,3.31818,3.45455,3.25758,3.30606,4774292,0.0,1.0
1998-10-12,3.33333,3.59091,3.33333,3.58485,4571124,0.0,1.0
1998-10-13,3.58485,3.58485,3.42424,3.43939,2974996,0.0,1.0
1998-10-14,3.4303,3.4697,3.34848,3.39394,1313364,0.0,1.0
1998-10-15,3.39091,3.48485,3.38788,3.42424,1170830,0.0,1.0
1998-10-16,3.43939,3.4697,3.34242,3.34848,1374368,0.0,1.0
1998-10-19,3.35758,3.39091,3.31818,3.36364,900613,0.0,1.0
1998-10-20,3.37879,3.46061,3.36364,3.41212,886740,0.0,1.0
1998-10-21,3.4,3.4,3.19697,3.21515,1582812,0.0,1.0
1998-10-22,3.19697,3.21212,3.10606,3.20606,1373727,0.0,1.0
1998-10-23,3.20606,3.29697,3.18182,3.18182,879628,0.0,1.0
1998-10-26,3.15152,3.15152,3.04545,3.09091,1117189,0.0,1.0
1998-10-27,3.0303,3.15152,3.0303,3.1303,614305,0.0,1.0
1998-10-28,3.1303,3.20909,3.10606,3.19697,540382,0.0,1.0
1998-10-29,3.19697,3.21212,3.14242,3.14242,352790,0.0,1.0
1998-10-30,3.07576,3.18182,3.06061,3.13333,424882,0.0,1.0
1998-11-02,3.09091,3.12121,3.06061,3.10606,429102,0.0,1.0
1998-11-03,3.12121,3.18788,3.10606,3.18485,659297,0.0,1.0
1998-11-04,3.20909,3.26667,3.20909,3.22727,584823,0.0,1.0
1998-11-05,3.25758,3.25758,3.16667,3.19697,544850,0.0,1.0
1998-11-06,3.22727,3.24242,3.16667,3.18788,985915,0.0,1.0
1998-11-09,3.22727,3.4,3.22727,3.39394,2231602,0.0,1.0
1998-11-10,3.40909,3.49091,3.35152,3.39091,2514224,0.0,1.0
1998-11-11,3.44848,3.4697,3.36364,3.4,1219188,0.0,1.0
1998-11-12,3.36364,3.40303,3.28788,3.31515,1345037,0.0,1.0
1998-11-13,3.28182,3.32424,3.27273,3.28485,598105,0.0,1.0
1998-11-16,3.3,3.30303,3.24242,3.24848,719562,0.0,1.0
1998-11-17,3.24242,3.31818,3.24242,3.27273,425905,0.0,1.0
1998-11-18,3.27273,3.27273,3.23333,3.23939,506220,0.0,1.0
1998-11-19,3.21212,3.21212,3.17879,3.18182,672461,0.0,1.0
1998-11-20,3.18182,3.21212,3.15758,3.16667,545028,0.0,1.0
1998-11-23,3.18182,3.21212,3.12121,3.19394,324789,0.0,1.0
1998-11-24,3.18182,3.33333,3.18182,3.3303,793752,0.0,1.0
1998-11-25,3.2303,3.33333,3.2303,3.29697,1069210,0.0,1.0
1998-11-26,3.29697,3.42424,3.26061,3.36061,2152504,0.0,1.0
1998-11-27,3.36364,3.41818,3.33333,3.36364,2159771,0.0,1.0
1998-11-30,3.39091,3.47879,3.39091,3.43636,5232384,0.0,1.0
1998-12-01,3.43636,3.43636,3.30303,3.30303,1673994,0.0,1.0
1998-12-02,3.24545,3.27273,3.16667,3.20606,1272272,0.0,1.0
1998-12-03,3.21212,3.37879,3.20606,3.31515,1098874,0.0,1.0
1998-12-04,3.50909,3.50909,3.21212,3.27576,1186449,0.0,1.0
1998-12-07,3.30606,3.33333,3.21515,3.23333,478213,0.0,1.0
1998-12-08,3.23636,3.27879,3.21515,3.25758,317552,0.0,1.0
1998-12-09,3.27273,3.27273,3.18485,3.21818,391314,0.0,1.0
1998-12-10,3.2,3.23636,3.18182,3.18485,288420,0.0,1.0
1998-12-11,3.16667,3.21212,3.11515,3.21212,383962,0.0,1.0
1998-12-14,3.18182,3.20606,3.15152,3.15455,190403,0.0,1.0
1998-12-15,3.13333,3.13636,3.05758,3.13333,441788,0.0,1.0
1998-12-16,3.14545,3.14545,3.06061,3.06061,242963,0.0,1.0
1998-12-17,3.0303,3.0697,2.99394,2.99394,577450,0.0,1.0
1998-12-18,3,3.02727,2.94545,2.96061,384929,0.0,1.0
1998-12-21,2.93939,2.93939,2.87879,2.87879,442263,0.0,1.0
1998-12-22,2.87879,3.02727,2.84848,3.02727,358040,0.0,1.0
1998-12-23,3.0303,3.0303,2.9697,2.99091,253655,0.0,1.0
1998-12-24,2.9697,2.99091,2.91515,2.97273,138445,0.0,1.0
1998-12-25,2.99394,3.02424,2.99394,3.00909,166637,0.0,1.0
1998-12-28,3.05455,3.05455,2.97879,2.97879,147243,0.0,1.0
1998-12-29,2.9697,3,2.90909,2.91515,170758,0.0,1.0
1998-12-30,2.88182,2.96667,2.88182,2.92424,217434,0.0,1.0
1998-12-31,2.92727,3,2.92727,2.92727,126060,0.0,1.0
1999-01-01,2.92727,3,2.92727,2.92727,0,0.0,1.0
1999-01-04,2.92424,2.92424,2.86364,2.87879,120681,0.0,1.0
1999-01-05,2.87879,2.87879,2.77576,2.82424,208956,0.0,1.0
1999-01-06,2.79394,2.87576,2.79394,2.83333,191096,0.0,1.0
1999-01-07,2.83333,2.86667,2.83333,2.84848,161858,0.0,1.0
1999-01-08,2.84242,3,2.84242,2.95455,230456,0.0,1.0
1999-01-11,2.95455,2.97576,2.90909,2.96061,212570,0.0,1.0
1999-01-12,2.93939,2.95455,2.89394,2.89394,221001,0.0,1.0
1999-01-13,2.84848,2.89394,2.84848,2.84848,219137,0.0,1.0
1999-01-14,2.84545,2.92424,2.84545,2.87273,123255,0.0,1.0
1999-01-15,2.86364,2.88485,2.82727,2.84545,276923,0.0,1.0
1999-01-18,2.81818,2.82424,2.71515,2.81818,555707,0.0,1.0
1999-01-19,2.80606,2.87879,2.80606,2.84242,267927,0.0,1.0
1999-01-20,2.79091,2.84242,2.79091,2.80606,172672,0.0,1.0
1999-01-21,2.78182,2.84242,2.76364,2.83939,449170,0.0,1.0
1999-01-22,2.84242,2.90303,2.84242,2.85758,259050,0.0,1.0
1999-01-25,2.86364,2.86364,2.79091,2.80303,221443,0.0,1.0
1999-01-26,2.77576,2.78788,2.76364,2.76364,235950,0.0,1.0
1999-01-27,2.76364,2.86667,2.72727,2.80606,181695,0.0,1.0
1999-01-28,2.81818,2.83333,2.75758,2.78182,197340,0.0,1.0
1999-01-29,2.78182,2.78788,2.75152,2.78182,313873,0.0,1.0
1999-02-01,2.53636,2.74242,2.5303,2.68182,235224,0.0,1.0
1999-02-02,2.68182,2.72727,2.68182,2.69697,178009,0.0,1.0
1999-02-03,2.71212,2.72727,2.69697,2.69697,86790,0.0,1.0
1999-02-04,2.68485,2.71212,2.68182,2.69091,145735,0.0,1.0
1999-02-05,2.68788,2.72727,2.63939,2.66364,214500,0.0,1.0
1999-02-08,2.55152,2.64242,2.55152,2.57576,174075,0.0,1.0
1999-02-09,2.66667,2.66667,2.62121,2.64545,158707,0.0,1.0
1999-02-10,2.66667,2.66667,2.62121,2.64545,0,0.0,1.0
1999-02-11,2.66667,2.66667,2.62121,2.64545,0,0.0,1.0
1999-02-12,2.66667,2.66667,2.62121,2.64545,0,0.0,1.0
1999-02-15,2.66667,2.66667,2.62121,2.64545,0,0.0,1.0
1999-02-16,2.66667,2.66667,2.62121,2.64545,0,0.0,1.0
1999-02-17,2.66667,2.66667,2.62121,2.64545,0,0.0,1.0
1999-02-18,2.66667,2.66667,2.62121,2.64545,0,0.0,1.0
1999-02-19,2.66667,2.66667,2.62121,2.64545,0,0.0,1.0
1999-02-22,2.66667,2.66667,2.62121,2.64545,0,0.0,1.0
1999-02-23,2.66667,2.66667,2.62121,2.64545,0,0.0,1.0
1999-02-24,2.66667,2.66667,2.62121,2.64545,0,0.0,1.0
1999-02-25,2.66667,2.66667,2.62121,2.64545,0,0.0,1.0
1999-02-26,2.66667,2.66667,2.62121,2.64545,0,0.0,1.0
1999-03-01,2.64545,2.6697,2.63636,2.66364,94753,0.0,1.0
1999-03-02,2.67273,2.72727,2.66667,2.7,148299,0.0,1.0
1999-03-03,2.7,2.80303,2.7,2.78788,289575,0.0,1.0
1999-03-04,2.78788,2.84242,2.78182,2.78182,306022,0.0,1.0
1999-03-05,2.76364,2.80303,2.76364,2.77879,203884,0.0,1.0
1999-03-08,2.75758,2.84848,2.75758,2.80303,145348,0.0,1.0
1999-03-09,2.80606,2.88182,2.80606,2.84848,388790,0.0,1.0
1999-03-10,2.81818,2.82121,2.7697,2.77273,199650,0.0,1.0
1999-03-11,2.76667,2.87576,2.75758,2.83333,358552,0.0,1.0
1999-03-12,2.83333,2.92424,2.81818,2.90606,641174,0.0,1.0
1999-03-15,2.93939,3.09394,2.93636,2.98485,1147852,0.0,1.0
1999-03-16,2.9697,2.9697,2.90909,2.94545,337491,0.0,1.0
1999-03-17,2.94545,2.95455,2.89697,2.90606,387757,0.0,1.0
1999-03-18,2.90909,2.90909,2.81818,2.83939,270930,0.0,1.0
1999-03-19,2.82424,2.89394,2.82121,2.89394,289486,0.0,1.0
1999-03-22,2.90909,2.93333,2.84848,2.86364,412955,0.0,1.0
1999-03-23,2.89091,2.89091,2.84242,2.85152,214253,0.0,1.0
1999-03-24,2.85455,2.88182,2.84848,2.85455,160710,0.0,1.0
1999-03-25,2.86364,2.87879,2.81818,2.84848,153806,0.0,1.0
1999-03-26,2.84848,2.84848,2.82424,2.83939,158641,0.0,1.0
1999-03-29,2.93939,2.93939,2.87273,2.89697,507481,0.0,1.0
1999-03-30,2.92121,2.92424,2.88182,2.89091,236346,0.0,1.0
1999-03-31,2.87879,2.90303,2.85455,2.86667,226538,0.0,1.0
1999-04-01,2.93939,2.99394,2.87273,2.98788,697363,0.0,1.0
1999-04-02,2.99394,3.02424,2.9697,2.98788,766679,0.0,1.0
1999-04-05,2.99394,3.0303,2.98788,2.99697,542781,0.0,1.0
1999-04-06,3,3,2.93333,2.95758,403428,0.0,1.0
1999-04-07,2.95455,3.05152,2.91212,3.00303,775183,0.0,1.0
1999-04-08,3.0303,3.0303,2.93939,2.96364,266775,0.0,1.0
1999-04-09,2.94848,3,2.91212,2.96364,517110,0.0,1.0
1999-04-12,2.99394,2.99697,2.90909,2.92424,393363,0.0,1.0
1999-04-13,2.88485,2.89394,2.84242,2.84848,377850,0.0,1.0
1999-04-14,2.85758,2.93939,2.85152,2.8697,213447,0.0,1.0
1999-04-15,2.8697,2.87273,2.81818,2.81818,235950,0.0,1.0
1999-04-16,2.80303,2.84848,2.77576,2.82727,375590,0.0,1.0
1999-04-19,2.81818,2.82727,2.77576,2.80606,305992,0.0,1.0
1999-04-20,2.80606,2.87576,2.80606,2.83333,201960,0.0,1.0
1999-04-21,2.82424,2.8303,2.7697,2.7697,340520,0.0,1.0
1999-04-22,2.7303,2.7303,2.67879,2.70909,377332,0.0,1.0
1999-04-23,2.71818,2.72727,2.69697,2.71212,329040,0.0,1.0
1999-04-26,2.69697,2.71212,2.65152,2.65152,399270,0.0,1.0
1999-04-27,2.62121,2.63636,2.57576,2.60606,288189,0.0,1.0
1999-04-28,2.60606,2.69394,2.60606,2.62727,117193,0.0,1.0
1999-04-29,2.64242,2.69697,2.64242,2.67273,135871,0.0,1.0
1999-04-30,2.68182,2.70909,2.67273,2.70303,142936,0.0,1.0
1999-05-03,2.68182,2.70909,2.67273,2.70303,0,0.0,1.0
1999-05-04,2.72121,2.75758,2.7,2.71515,207570,0.0,1.0
1999-05-05,2.71212,2.72727,2.67879,2.72424,107606,0.0,1.0
1999-05-06,2.73333,2.74242,2.70303,2.73939,167194,0.0,1.0
1999-05-07,2.72727,2.72727,2.70303,2.71212,84308,0.0,1.0
1999-05-10,2.63636,2.68485,2.5697,2.57576,252450,0.0,1.0
1999-05-11,2.59091,2.63636,2.58182,2.60606,160783,0.0,1.0
1999-05-12,2.60606,2.60606,2.60606,2.60606,0,0.0,1.0
1999-05-13,2.60606,2.60606,2.58182,2.60606,58245,0.0,1.0
1999-05-14,2.59394,2.60606,2.51515,2.51515,154235,0.0,1.0
1999-05-17,2.4697,2.51515,2.45455,2.48485,145378,0.0,1.0
1999-05-18,2.48485,2.52424,2.47879,2.47879,129624,0.0,1.0
1999-05-19,2.46061,2.62424,2.45758,2.59394,275019,0.0,1.0
1999-05-20,2.60606,2.81818,2.60606,2.80303,1572694,0.0,1.0
1999-05-21,2.83333,2.89091,2.78788,2.81212,1225465,0.0,1.0
1999-05-24,2.81212,2.88485,2.7303,2.85758,1420726,0.0,1.0
1999-05-25,2.88485,2.92424,2.78788,2.80303,1593900,0.0,1.0
1999-05-26,2.74242,2.84242,2.73636,2.81818,679668,0.0,1.0
1999-05-27,2.82424,2.99394,2.81818,2.99394,2076898,0.0,1.0
1999-05-28,3.05455,3.07576,2.86364,2.87879,1167339,0.0,1.0
1999-05-31,2.87879,2.90909,2.77273,2.8,1079786,0.0,1.0
1999-06-01,3.01818,3.01818,2.84242,2.9697,1636381,0.0,1.0
1999-06-02,2.9697,3,2.84848,2.86364,1309394,0.0,1.0
1999-06-03,2.82727,2.84848,2.75152,2.76364,883245,0.0,1.0
1999-06-04,2.80303,2.84545,2.76667,2.84545,752760,0.0,1.0
1999-06-07,2.84545,2.89394,2.78182,2.88485,925261,0.0,1.0
1999-06-08,2.99697,3,2.84848,2.88182,1720749,0.0,1.0
1999-06-09,2.87879,3.1697,2.86364,3.10909,5013386,0.0,1.0
1999-06-10,3.1697,3.28788,3.12121,3.16364,4964810,0.0,1.0
1999-06-11,3.14545,3.15152,3.05152,3.08788,1699177,0.0,1.0
1999-06-14,3.12121,3.20909,3.12121,3.20606,2019247,0.0,1.0
1999-06-15,3.26667,3.29697,2.89394,2.98485,3072422,0.0,1.0
1999-06-16,3.04545,3.15152,3.01818,3.11212,1782587,0.0,1.0
1999-06-17,3.18485,3.24242,3.12121,3.24242,3155351,0.0,1.0
1999-06-18,3.27273,3.42424,3.17576,3.33333,4985713,0.0,1.0
1999-06-21,3.33333,3.66667,3.32727,3.66667,6552681,0.0,1.0
1999-06-22,3.73939,3.9697,3.72727,3.86364,11395514,0.0,1.0
1999-06-23,3.86364,3.90909,3.74242,3.85758,4830877,0.0,1.0
1999-06-24,3.86364,3.89394,3.75758,3.87879,3934630,0.0,1.0
1999-06-25,3.87879,3.93939,3.58182,3.60606,5556302,0.0,1.0
1999-06-28,3.57576,3.78788,3.57576,3.78788,4436599,0.0,1.0
1999-06-29,3.8303,3.87576,3.63939,3.7303,3472359,0.0,1.0
1999-06-30,3.78182,3.78788,3.51515,3.53939,1788336,0.0,1.0
1999-07-01,3.51515,3.51515,3.18485,3.18485,2422580,0.0,1.0
1999-07-02,3.21212,3.3303,3.07576,3.3303,2039912,0.0,1.0
1999-07-05,3.40909,3.42424,3.22727,3.23636,1218442,0.0,1.0
1999-07-06,3.18182,3.39394,3.18182,3.25758,1297382,0.0,1.0
1999-07-07,3.27273,3.33333,3.23636,3.31818,874058,0.0,1.0
1999-07-08,3.31818,3.53333,3.21212,3.46364,1517162,0.18114,1.0
1999-07-09,3.46364,3.69394,3.46364,3.57879,3663921,0.0,1.0
1999-07-12,3.6303,3.69697,3.59091,3.62727,2768396,0.0,1.0
1999-07-13,3.66061,3.66061,3.53939,3.63333,2519276,0.0,1.0
1999-07-14,3.69697,3.81212,3.69697,3.78182,8599199,0.0,1.0
1999-07-15,3.77576,3.78788,3.56061,3.6,2870343,0.0,1.0
1999-07-16,3.53939,3.57576,3.33333,3.38485,2267080,0.0,1.0
1999-07-19,3.32121,3.32121,3.18788,3.20303,1487251,0.0,1.0
1999-07-20,3.19697,3.42424,3.15152,3.40909,1210899,0.0,1.0
1999-07-21,3.42727,3.48182,3.32727,3.43939,1884310,0.0,1.0
1999-07-22,3.41818,3.41818,3.24242,3.24242,1226937,0.0,1.0
1999-07-23,3.22121,3.36364,3.22121,3.31818,731207,0.0,1.0
1999-07-26,3.36364,3.36364,3.27273,3.36061,713793,0.0,1.0
1999-07-27,3.34242,3.48182,3.34242,3.41818,1134474,0.0,1.0
1999-07-28,3.46364,3.4697,3.32727,3.3697,658551,0.0,1.0
1999-07-29,3.41212,3.44848,3.33333,3.34545,498841,0.0,1.0
1999-07-30,3.37879,3.54545,3.33333,3.51818,1980776,0.0,1.0
1999-08-02,3.59091,3.75152,3.54848,3.59394,2393556,0.0,1.0
1999-08-03,3.66667,3.68182,3.5303,3.5697,1208249,0.0,1.0
1999-08-04,3.48485,3.63333,3.48485,3.56364,850347,0.0,1.0
1999-08-05,3.57576,3.57576,3.47273,3.50303,1029382,0.0,1.0
1999-08-06,3.5,3.54545,3.36667,3.46364,955149,0.0,1.0
1999-08-09,3.48485,3.53333,3.36364,3.49697,838886,0.0,1.0
1999-08-10,3.51515,3.68182,3.46364,3.58788,2667664,0.0,1.0
1999-08-11,3.60606,3.69697,3.5303,3.63636,3598188,0.0,1.0
1999-08-12,3.65152,3.70606,3.48485,3.52121,1937638,0.0,1.0
1999-08-13,3.5303,3.57576,3.42424,3.44242,846516,0.0,1.0
1999-08-16,3.47879,3.5,3.41515,3.45455,472352,0.0,1.0
1999-08-17,3.48485,3.65152,3.48485,3.5303,1070292,0.0,1.0
1999-08-18,3.53333,3.81818,3.53333,3.8,6389519,0.0,1.0
1999-08-19,3.8,4.08788,3.75758,3.99394,14976344,0.0,1.0
1999-08-20,3.98788,4.06061,3.89091,3.95758,5636261,0.0,1.0
1999-08-23,3.93939,4.14545,3.90909,4.12121,5370083,0.0,1.0
1999-08-24,4.13636,4.15152,3.95758,3.97273,3328575,0.0,1.0
1999-08-25,3.93636,3.93636,3.78182,3.79091,3439484,0.0,1.0
1999-08-26,3.78788,3.9697,3.75152,3.96061,2195127,0.0,1.0
1999-08-27,3.93939,3.96061,3.85152,3.89697,1809129,0.0,1.0
1999-08-30,3.93939,3.93939,3.78788,3.79091,1263514,0.0,1.0
1999-08-31,3.92121,3.92424,3.81818,3.89394,1386578,0.0,1.0
1999-09-01,3.87879,3.90909,3.75758,3.77273,1281674,0.0,1.0
1999-09-02,3.72727,3.81515,3.63939,3.79697,1563903,0.0,1.0
1999-09-03,3.78788,3.80303,3.69697,3.71515,657466,0.0,1.0
1999-09-06,3.69697,3.78788,3.69697,3.70606,496459,0.0,1.0
1999-09-07,3.73333,3.81818,3.68788,3.70606,550440,0.0,1.0
1999-09-08,3.81212,3.90303,3.78788,3.88788,2511465,0.0,1.0
1999-09-09,3.9303,4.0303,3.86364,4,3426261,0.0,1.0
1999-09-10,4.00606,4.0303,3.87879,3.90303,2755543,0.0,1.0
1999-09-13,3.90303,3.9697,3.90303,3.96364,1521132,0.0,1.0
1999-09-14,3.98485,4.05758,3.90606,3.92424,1968163,0.0,1.0
1999-09-15,3.96061,3.96061,3.82121,3.85152,1129758,0.0,1.0
1999-09-16,3.84242,3.8697,3.78182,3.79091,1096260,0.0,1.0
1999-09-17,3.84848,3.84848,3.76061,3.82121,569349,0.0,1.0
1999-09-20,3.81818,3.86061,3.78788,3.83333,350767,0.0,1.0
1999-09-21,3.81818,3.81818,3.75758,3.77576,382800,0.0,1.0
1999-09-22,3.78788,3.8303,3.72121,3.72727,619278,0.0,1.0
1999-09-23,3.75758,3.76667,3.60606,3.6697,1271777,0.0,1.0
1999-09-24,3.69697,3.78788,3.69697,3.71818,501346,0.0,1.0
1999-09-27,3.69697,3.71212,3.66667,3.69697,568062,0.0,1.0
1999-09-28,3.69697,3.74242,3.69697,3.70909,312843,0.0,1.0
1999-09-29,3.75758,3.78485,3.69697,3.7,586245,0.0,1.0
1999-09-30,3.75152,3.77273,3.66061,3.68182,565630,0.0,1.0
1999-10-01,3.75152,3.77273,3.66061,3.68182,0,0.0,1.0
1999-10-04,3.75152,3.77273,3.66061,3.68182,0,0.0,1.0
1999-10-05,3.75152,3.77273,3.66061,3.68182,0,0.0,1.0
1999-10-06,3.75152,3.77273,3.66061,3.68182,0,0.0,1.0
1999-10-07,3.75152,3.77273,3.66061,3.68182,0,0.0,1.0
1999-10-08,3.69091,3.73636,3.69091,3.70606,595987,0.0,1.0
1999-10-11,3.70606,3.75758,3.70606,3.72424,475692,0.0,1.0
1999-10-12,3.72424,3.77273,3.72424,3.75455,259215,0.0,1.0
1999-10-13,3.77273,3.77273,3.60606,3.60606,528990,0.0,1.0
1999-10-14,3.62121,3.63636,3.48485,3.50303,438834,0.0,1.0
1999-10-15,3.55152,3.72727,3.51515,3.66061,635570,0.0,1.0
1999-10-18,4,4,3.62121,3.63636,2374268,0.0,1.0
1999-10-19,3.6303,3.6303,3.55455,3.55455,406471,0.0,1.0
1999-10-20,3.53939,3.63636,3.53939,3.61515,319087,0.0,1.0
1999-10-21,3.63636,3.63636,3.51818,3.5303,354984,0.0,1.0
1999-10-22,3.5,3.67576,3.5,3.57576,392627,0.0,1.0
1999-10-25,3.59394,3.62121,3.52121,3.5303,188760,0.0,1.0
1999-10-26,3.51818,3.60606,3.51818,3.56061,249454,0.0,1.0
1999-10-27,3.72727,3.72727,3.57576,3.65152,455232,0.0,1.0
1999-10-28,3.66061,3.66061,3.54545,3.57576,445748,0.0,1.0
1999-10-29,3.56364,3.65758,3.56061,3.6,226463,0.0,1.0
1999-11-01,3.56061,3.63333,3.55152,3.57576,168046,0.0,1.0
1999-11-02,3.57576,3.61818,3.56061,3.57273,145365,0.0,1.0
1999-11-03,3.5697,3.5697,3.48485,3.48788,289905,0.0,1.0
1999-11-04,3.48788,3.48788,3.35758,3.4,589380,0.0,1.0
1999-11-05,3.39394,3.42424,3.37879,3.39394,306405,0.0,1.0
1999-11-08,3.4,3.4,3.35758,3.36364,223080,0.0,1.0
1999-11-09,3.36667,3.38182,3.34242,3.34545,315381,0.0,1.0
1999-11-10,3.20606,3.33333,3.20606,3.29697,270930,0.0,1.0
1999-11-11,3.32424,3.33333,3.2697,3.27273,149338,0.0,1.0
1999-11-12,3.33333,3.42424,3.32727,3.34545,324390,0.0,1.0
1999-11-15,3.36364,3.50606,3.34848,3.47879,451539,0.0,1.0
1999-11-16,3.6,3.67273,3.51818,3.55455,1821712,0.0,1.0
1999-11-17,3.5,3.65152,3.5,3.63636,601778,0.0,1.0
1999-11-18,3.63636,3.68485,3.6,3.62727,825297,0.0,1.0
1999-11-19,3.63333,3.65152,3.56061,3.56061,523050,0.0,1.0
1999-11-22,3.54545,3.61515,3.52121,3.59697,344018,0.0,1.0
1999-11-23,3.6,3.63636,3.59091,3.59697,197614,0.0,1.0
1999-11-24,3.60606,3.60606,3.56364,3.57576,125037,0.0,1.0
1999-11-25,3.54242,3.56061,3.48485,3.48485,263340,0.0,1.0
1999-11-26,3.48485,3.51515,3.45455,3.46667,218130,0.0,1.0
1999-11-29,3.48182,3.58788,3.46061,3.51515,236633,0.0,1.0
1999-11-30,3.49697,3.59091,3.49697,3.54242,184866,0.0,1.0
1999-12-01,3.5303,3.63636,3.5303,3.6,310200,0.0,1.0
1999-12-02,3.6,3.66061,3.57576,3.61212,528409,0.0,1.0
1999-12-03,3.63636,3.69394,3.60606,3.63636,601874,0.0,1.0
1999-12-06,3.63939,3.63939,3.54545,3.56667,202340,0.0,1.0
1999-12-07,3.52424,3.60606,3.52424,3.53939,195172,0.0,1.0
1999-12-08,3.53333,3.58182,3.51515,3.5303,150480,0.0,1.0
1999-12-09,3.53939,3.59091,3.50909,3.52727,143883,0.0,1.0
1999-12-10,3.58182,3.58182,3.45455,3.48485,162690,0.0,1.0
1999-12-13,3.48485,3.51515,3.45758,3.51212,199551,0.0,1.0
1999-12-14,3.51212,3.5303,3.4697,3.49697,94050,0.0,1.0
1999-12-15,3.49697,3.57273,3.4697,3.52121,374220,0.0,1.0
1999-12-16,3.51515,3.66667,3.34848,3.57879,1727649,0.0,1.0
1999-12-17,3.55152,3.56667,3.50909,3.55455,222173,0.0,1.0
1999-12-20,3.55152,3.56667,3.50909,3.55455,0,0.0,1.0
1999-12-21,3.55455,3.6303,3.52424,3.6,560007,0.0,1.0
1999-12-22,3.60303,3.60909,3.5697,3.57879,436451,0.0,1.0
1999-12-23,3.57576,3.59697,3.42424,3.43939,428545,0.0,1.0
1999-12-24,3.39394,3.46061,3.33333,3.35152,256608,0.0,1.0
1999-12-27,3.33333,3.33939,3.26667,3.30303,270897,0.0,1.0
1999-12-28,3.30303,3.33939,3.29091,3.29697,165650,0.0,1.0
1999-12-29,3.30303,3.39091,3.26667,3.32727,127509,0.0,1.0
1999-12-30,3.29697,3.3303,3.27273,3.30303,142045,0.0,1.0
1999-12-31,3.29697,3.3303,3.27273,3.30303,0,0.0,1.0
2000-01-03,3.29697,3.3303,3.27273,3.30303,0,0.0,1.0
2000-01-04,3.30303,3.38788,3.24242,3.36364,288067,0.0,1.0
2000-01-05,3.36364,3.44848,3.34848,3.40303,410929,0.0,1.0
2000-01-06,3.37879,3.48485,3.22727,3.48485,450711,0.0,1.0
2000-01-07,3.52121,3.56667,3.44848,3.55455,1466210,0.0,1.0
2000-01-10,3.54545,3.69697,3.49091,3.68182,1560319,0.0,1.0
2000-01-11,3.68182,3.68485,3.39697,3.47879,980060,0.0,1.0
2000-01-12,3.47879,3.53939,3.34848,3.36364,580140,0.0,1.0
2000-01-13,3.34848,3.39091,3.33939,3.36364,282404,0.0,1.0
2000-01-14,3.35455,3.45455,3.35455,3.40303,244398,0.0,1.0
2000-01-17,3.40909,3.45455,3.36667,3.44242,170386,0.0,1.0
2000-01-18,3.45455,3.5,3.39394,3.40909,350014,0.0,1.0
2000-01-19,3.40909,3.44545,3.35758,3.3697,406854,0.0,1.0
2000-01-20,3.38182,3.42424,3.36364,3.39394,320760,0.0,1.0
2000-01-21,3.39697,3.44848,3.34848,3.35758,824551,0.0,1.0
2000-01-24,3.36667,3.36667,3.25758,3.31818,972223,0.0,1.0
2000-01-25,3.32121,3.42727,3.24545,3.36364,651971,0.0,1.0
2000-01-26,3.30909,3.63636,3.30909,3.45455,752562,0.0,1.0
2000-01-27,3.51212,3.53939,3.34848,3.39697,1132811,0.0,1.0
2000-01-28,3.5,3.5,3.35758,3.45152,1111463,0.0,1.0
2000-01-31,3.5,3.5,3.35758,3.45152,0,0.0,1.0
2000-02-01,3.5,3.5,3.35758,3.45152,0,0.0,1.0
2000-02-02,3.5,3.5,3.35758,3.45152,0,0.0,1.0
2000-02-03,3.5,3.5,3.35758,3.45152,0,0.0,1.0
2000-02-04,3.5,3.5,3.35758,3.45152,0,0.0,1.0
2000-02-07,3.5,3.5,3.35758,3.45152,0,0.0,1.0
2000-02-08,3.5,3.5,3.35758,3.45152,0,0.0,1.0
2000-02-09,3.5,3.5,3.35758,3.45152,0,0.0,1.0
2000-02-10,3.5,3.5,3.35758,3.45152,0,0.0,1.0
2000-02-11,3.5,3.5,3.35758,3.45152,0,0.0,1.0
2000-02-14,3.50909,3.69697,3.50909,3.69394,2537984,0.0,1.0
2000-02-15,3.76364,3.84848,3.61212,3.63636,3985826,0.0,1.0
2000-02-16,3.62121,3.78485,3.53333,3.68485,2077812,0.0,1.0
2000-02-17,3.72727,3.83333,3.59091,3.63636,3201389,0.0,1.0
2000-02-18,3.63636,3.66667,3.51515,3.62424,1344654,0.0,1.0
2000-02-21,3.63636,3.93333,3.63636,3.89091,5752718,0.0,1.0
2000-02-22,3.93333,3.93939,3.63636,3.63636,2431882,0.0,1.0
2000-02-23,3.59394,3.75455,3.51818,3.69697,1671245,0.0,1.0
2000-02-24,3.72727,3.81212,3.66667,3.68788,1516152,0.0,1.0
2000-02-25,3.72121,3.74242,3.60606,3.69697,1647680,0.0,1.0
2000-02-28,3.67879,3.78788,3.67879,3.76364,1878360,0.0,1.0
2000-02-29,3.77273,3.93333,3.73636,3.84848,3766112,0.0,1.0
2000-03-01,4.23333,4.23333,3.84848,3.88182,5131906,0.0,1.0
2000-03-02,3.88485,4.07576,3.88485,3.99697,4472794,0.0,1.0
2000-03-03,4.06061,4.08485,3.93939,3.98788,4268844,0.0,1.0
2000-03-06,4.01515,4.07576,3.78788,3.78788,4131795,0.0,1.0
2000-03-07,3.78182,3.81818,3.66364,3.76364,1854333,0.0,1.0
2000-03-08,3.76667,3.81818,3.69697,3.78788,1351004,0.0,1.0
2000-03-09,3.81212,3.84848,3.72727,3.81818,1352578,0.0,1.0
2000-03-10,3.83333,3.83333,3.64545,3.68485,1501787,0.0,1.0
2000-03-13,3.69697,3.78182,3.69091,3.76364,1034956,0.0,1.0
2000-03-14,3.69091,3.71515,3.54545,3.60303,1961048,0.0,1.0
2000-03-15,3.57576,3.62424,3.42424,3.48788,2936023,0.0,1.0
2000-03-16,3.4697,3.4697,3.36667,3.3697,1403335,0.0,1.0
2000-03-17,3.36364,3.50909,3.35758,3.42424,1065755,0.0,1.0
2000-03-20,3.39394,3.48485,3.39394,3.46667,1756709,0.0,1.0
2000-03-21,3.48485,3.51515,3.44242,3.49091,1168655,0.0,1.0
2000-03-22,3.49091,3.52727,3.44848,3.51818,1191980,0.0,1.0
2000-03-23,3.51818,3.63333,3.48485,3.61212,2033180,0.0,1.0
2000-03-24,3.63939,3.66667,3.54545,3.56061,1630873,0.0,1.0
2000-03-27,3.57879,3.65455,3.57576,3.63636,1530236,0.0,1.0
2000-03-28,3.63636,3.87273,3.63636,3.81212,2831529,0.0,1.0
2000-03-29,3.82424,3.86364,3.72727,3.76364,2534011,0.0,1.0
2000-03-30,3.76364,4,3.76364,3.92424,4997421,0.0,1.0
2000-03-31,3.92424,3.92424,3.78788,3.86061,2209462,0.0,1.0
2000-04-03,3.86364,4,3.86364,3.90909,2718302,0.0,1.0
2000-04-04,3.90909,3.90909,3.77273,3.77879,1583010,0.0,1.0
2000-04-05,3.75758,3.84848,3.7303,3.80606,1100161,0.0,1.0
2000-04-06,3.81818,3.93333,3.81818,3.93333,2191052,0.0,1.0
2000-04-07,3.9697,3.99394,3.92121,3.93333,3351665,0.0,1.0
2000-04-10,3.96364,4.08485,3.96364,4.03939,5019148,0.0,1.0
2000-04-11,4.03939,4.03939,4.03939,4.03939,0,0.0,1.0
2000-04-12,3.9697,4.01818,3.83333,4,1795896,0.0,1.0
2000-04-13,4.01515,4.01515,3.93939,4.00606,2376287,0.0,1.0
2000-04-14,4.01515,4.01818,3.90909,3.91515,1947828,0.0,1.0
2000-04-17,3.90909,4.09091,3.86667,4.06667,5175991,0.0,1.0
2000-04-18,4.06061,4.21212,4.00606,4.17576,5938871,0.0,1.0
2000-04-19,4.20606,4.21212,4.11212,4.14242,3228575,0.0,1.0
2000-04-20,4.16667,4.54545,4.16667,4.38788,8405430,0.0,1.0
2000-04-21,4.48485,4.82727,4.39394,4.81515,5713910,0.0,1.0
2000-04-24,4.83333,4.84848,4.54848,4.67576,10305016,0.0,1.0
2000-04-25,4.67576,4.98788,4.57576,4.72727,6502785,0.0,1.0
2000-04-26,4.7303,4.78788,4.50909,4.50909,5188590,0.0,1.0
2000-04-27,4.48485,4.48485,4.24545,4.25758,4171434,0.0,1.0
2000-04-28,4.23636,4.39091,4.21515,4.37879,3269092,0.0,1.0
2000-05-01,4.23636,4.39091,4.21515,4.37879,0,0.0,1.0
2000-05-02,4.23636,4.39091,4.21515,4.37879,0,0.0,1.0
2000-05-03,4.23636,4.39091,4.21515,4.37879,0,0.0,1.0
2000-05-04,4.23636,4.39091,4.21515,4.37879,0,0.0,1.0
2000-05-05,4.23636,4.39091,4.21515,4.37879,0,0.0,1.0
2000-05-08,4.42424,4.4697,4.23636,4.33333,2497011,0.0,1.0
2000-05-09,4.34848,4.37273,4.23636,4.25758,1999869,0.0,1.0
2000-05-10,4.25758,4.27273,4.12121,4.12121,2033750,0.0,1.0
2000-05-11,4.11515,4.24242,4.09091,4.15152,1638071,0.0,1.0
2000-05-12,4.16667,4.4697,4.16667,4.45152,4717541,0.0,1.0
2000-05-15,4.47879,4.5,4.30303,4.39394,2867832,0.0,1.0
2000-05-16,4.43939,4.62121,4.39697,4.5,3962320,0.0,1.0
2000-05-17,4.50909,4.53939,4.40909,4.46061,1808096,0.0,1.0
2000-05-18,4.4697,4.6,4.40909,4.59697,3325219,0.0,1.0
2000-05-19,4.66061,4.71212,4.5697,4.64848,4432943,0.0,1.0
2000-05-22,4.67879,4.81212,4.6303,4.72727,5793130,0.0,1.0
2000-05-23,4.72727,4.75758,4.51515,4.66667,3514315,0.0,1.0
2000-05-24,4.69697,4.72121,4.57879,4.63636,2715068,0.0,1.0
2000-05-25,4.68182,4.81212,4.63636,4.71818,2659348,0.0,1.0
2000-05-26,4.74242,4.75758,4.57576,4.63636,2887490,0.0,1.0
2000-05-29,4.60909,4.67576,4.55152,4.63636,2662938,0.0,1.0
2000-05-30,4.66667,4.68182,4.55758,4.59394,1365408,0.0,1.0
2000-05-31,4.60606,4.67576,4.57879,4.61515,1411219,0.0,1.0
2000-06-01,4.63636,4.89697,4.62424,4.78182,3617536,0.0,1.0
2000-06-02,4.78182,4.78182,4.78182,4.78182,0,0.0,1.0
2000-06-05,4.84242,4.8697,4.60606,4.63333,2630803,0.0,1.0
2000-06-06,4.63333,4.69697,4.61212,4.66364,1306239,0.0,1.0
2000-06-07,4.69697,4.75758,4.66061,4.70909,1414826,0.0,1.0
2000-06-08,4.70909,4.70909,4.61515,4.65152,1036913,0.0,1.0
2000-06-09,4.65152,4.65152,4.54848,4.55152,1279572,0.0,1.0
2000-06-12,4.51515,4.59394,4.45758,4.57273,1875331,0.0,1.0
2000-06-13,4.60606,4.65152,4.54545,4.59091,934527,0.0,1.0
2000-06-14,4.66667,4.66667,4.59394,4.62727,1018717,0.0,1.0
2000-06-15,4.62121,4.70909,4.60606,4.69697,1326267,0.0,1.0
2000-06-16,4.71212,4.75152,4.60606,4.66667,2456068,0.0,1.0
2000-06-19,4.66061,4.9697,4.60606,4.74242,3357182,0.0,1.0
2000-06-20,4.74242,4.81212,4.6303,4.6303,1407796,0.0,1.0
2000-06-21,4.6303,4.6303,4.6303,4.6303,0,0.0,1.0
2000-06-22,4.75152,4.75152,4.5,4.51515,1717980,0.0,1.0
2000-06-23,4.51515,4.5697,4.45455,4.47273,1875756,0.0,1.0
2000-06-26,4.47879,4.54545,4.47879,4.54545,1409077,0.0,1.0
2000-06-27,4.57576,4.57576,4.48485,4.48788,777810,0.0,1.0
2000-06-28,4.49091,4.54545,4.48485,4.49091,779678,0.0,1.0
2000-06-29,4.5,4.57273,4.5,4.55152,700930,0.0,1.0
2000-06-30,4.57273,4.68788,4.56667,4.60606,1201966,0.0,1.0
2000-07-03,4.62121,4.69091,4.50909,4.61515,999649,0.0,1.0
2000-07-04,4.60909,4.66061,4.59394,4.60909,551348,0.0,1.0
2000-07-05,4.66061,4.66667,4.59091,4.6,513328,0.0,1.0
2000-07-06,4.60606,4.69394,4.60606,4.6697,865372,0.0,1.0
2000-07-07,4.6697,4.68485,4.63939,4.66667,623875,0.0,1.0
2000-07-10,4.69091,4.69697,4.57576,4.58788,1164752,0.0,1.0
2000-07-11,4.63636,4.66061,4.60606,4.61818,778958,0.0,1.0
2000-07-12,4.6303,4.64242,4.57576,4.59394,1020360,0.0,1.0
2000-07-13,4.6,4.62424,4.54545,4.57576,1168474,0.0,1.0
2000-07-14,4.57576,4.57879,4.54848,4.57576,731726,0.0,1.0
2000-07-17,4.54545,4.69697,4.54545,4.65455,1224419,0.0,1.0
2000-07-18,4.65455,4.68485,4.57576,4.63636,653152,0.0,1.0
2000-07-19,4.66667,4.68182,4.60606,4.66061,752869,0.0,1.0
2000-07-20,4.67273,4.84848,4.66061,4.82727,4809743,0.0,1.0
2000-07-21,4.84848,4.84848,4.78485,4.80303,1566655,0.0,1.0
2000-07-24,4.84848,4.9697,4.78788,4.94545,3309950,0.0,1.0
2000-07-25,4.93939,4.94545,4.86364,4.92727,1503124,0.0,1.0
2000-07-26,4.95455,4.95455,4.87273,4.88788,1555564,0.0,1.0
2000-07-27,4.90909,4.93939,4.78788,4.79091,1647594,0.0,1.0
2000-07-28,4.81818,4.84242,4.75758,4.78182,733372,0.0,1.0
2000-07-31,4.72121,4.72121,4.54545,4.7,742404,0.17766,1.0
2000-08-01,4.69697,4.72121,4.66667,4.66667,601775,0.0,1.0
2000-08-02,4.6697,4.72121,4.66667,4.7,814285,0.0,1.0
2000-08-03,4.69697,4.69697,4.61515,4.63333,919743,0.0,1.0
2000-08-04,4.6303,4.63939,4.57576,4.59091,982070,0.0,1.0
2000-08-07,4.57576,4.68182,4.57576,4.65455,474190,0.0,1.0
2000-08-08,4.65455,4.69697,4.6303,4.63939,544005,0.0,1.0
2000-08-09,4.64242,4.6697,4.62727,4.6697,699468,0.0,1.0
2000-08-10,4.6697,4.6697,4.60909,4.63636,612879,0.0,1.0
2000-08-11,4.63636,4.75455,4.60606,4.72121,942503,0.0,1.0
2000-08-14,4.72121,4.75758,4.70303,4.74242,970220,0.0,1.0
2000-08-15,4.74242,4.76364,4.70606,4.70606,761310,0.0,1.0
2000-08-16,4.71212,4.72727,4.64545,4.6697,736874,0.0,1.0
2000-08-17,4.67273,4.72727,4.67273,4.72727,978678,0.0,1.0
2000-08-18,4.76364,4.95152,4.75758,4.9,3656575,0.0,1.0
2000-08-21,4.95455,5.09091,4.93939,4.99091,3707910,0.0,1.0
2000-08-22,4.99091,5.02121,4.78788,4.78788,1847010,0.0,1.0
2000-08-23,4.73636,4.96667,4.62121,4.84848,2711937,0.0,1.0
2000-08-24,4.84848,4.98485,4.7,4.95455,2971911,0.0,1.0
2000-08-25,4.98485,5.01515,4.9303,4.97576,1946409,0.0,1.0
2000-08-28,5,5.19697,5,5.13939,4530488,0.0,1.0
2000-08-29,5.13939,5.15152,4.96364,5.09394,1919095,0.0,1.0
2000-08-30,5.01515,5.15152,5.01515,5.01515,1843793,0.0,1.0
2000-08-31,5,5,4.78788,4.80303,2137413,0.0,1.0
2000-09-01,4.78788,4.84242,4.72121,4.72727,1341272,0.0,1.0
2000-09-04,4.72727,4.80303,4.66667,4.80303,769949,0.0,1.0
2000-09-05,4.79394,4.84242,4.69697,4.7,891330,0.0,1.0
2000-09-06,4.7,4.81515,4.60303,4.70303,1344869,0.0,1.0
2000-09-07,4.74242,4.78788,4.69697,4.72424,457892,0.0,1.0
2000-09-08,4.75455,4.75758,4.69697,4.73939,439920,0.0,1.0
2000-09-11,4.74545,4.83636,4.74545,4.80909,481876,0.0,1.0
2000-09-12,4.80909,4.83939,4.76061,4.80909,426796,0.0,1.0
2000-09-13,4.80909,4.81212,4.75758,4.79091,538748,0.0,1.0
2000-09-14,4.78788,4.78788,4.74242,4.77273,435415,0.0,1.0
2000-09-15,4.78788,4.92424,4.78182,4.85455,862792,0.0,1.0
2000-09-18,4.86364,4.87879,4.73939,4.74242,608190,0.0,1.0
2000-09-19,4.72727,4.72727,4.60606,4.61515,617658,0.0,1.0
2000-09-20,4.62121,4.71515,4.62121,4.70909,280229,0.0,1.0
2000-09-21,4.72727,4.72727,4.62121,4.62121,358050,0.0,1.0
2000-09-22,4.62121,4.63333,4.54545,4.54545,568260,0.0,1.0
2000-09-25,4.5,4.51818,4.38182,4.39091,659670,0.0,1.0
2000-09-26,4.38182,4.42727,4.35152,4.4,347170,0.0,1.0
2000-09-27,4.48788,4.48788,4.40606,4.44545,268326,0.0,1.0
2000-09-28,4.44242,4.44242,4.24848,4.30303,764026,0.0,1.0
2000-09-29,4.30303,4.44848,4.26667,4.44848,1109958,0.0,1.0
2000-10-02,4.30303,4.44848,4.26667,4.44848,0,0.0,1.0
2000-10-03,4.30303,4.44848,4.26667,4.44848,0,0.0,1.0
2000-10-04,4.30303,4.44848,4.26667,4.44848,0,0.0,1.0
2000-10-05,4.30303,4.44848,4.26667,4.44848,0,0.0,1.0
2000-10-06,4.30303,4.44848,4.26667,4.44848,0,0.0,1.0
2000-10-09,4.43939,4.71212,4.40303,4.69697,2037800,0.0,1.0
2000-10-10,4.69697,4.72727,4.48485,4.53333,2160180,0.0,1.0
2000-10-11,4.51515,4.57273,4.48485,4.50909,1369912,0.0,1.0
2000-10-12,4.53939,4.54242,4.36364,4.39394,1786835,0.0,1.0
2000-10-13,4.40909,4.54545,4.33333,4.54545,4586340,0.0,1.0
2000-10-16,4.54545,4.54545,4.54545,4.54545,0,0.0,1.0
2000-10-17,4.54545,4.54545,4.54545,4.54545,0,0.0,1.0
2000-10-18,4.54545,4.54545,4.54545,4.54545,0,0.0,1.0
2000-10-19,4.54545,4.54545,4.54545,4.54545,0,0.0,1.0
2000-10-20,4.42424,4.43636,4.38788,4.42121,1539021,0.0,1.0
2000-10-23,4.47879,4.53333,4.4697,4.51515,1557956,0.0,1.0
2000-10-24,4.51818,4.5303,4.4697,4.47879,511328,0.0,1.0
2000-10-25,4.5,4.52424,4.4697,4.50909,1003302,0.0,1.0
2000-10-26,4.50909,4.51515,4.45455,4.46061,637768,0.0,1.0
2000-10-27,4.5,4.55152,4.48788,4.55152,2021735,0.0,1.0
2000-10-30,4.54848,4.57576,4.48788,4.54545,737048,0.0,1.0
2000-10-31,4.54545,4.57576,4.5303,4.54848,861531,0.0,1.0
2000-11-01,4.53939,4.56061,4.52424,4.54242,588730,0.0,1.0
2000-11-02,4.55455,4.66061,4.55455,4.60303,2010241,0.0,1.0
2000-11-03,4.40909,4.51212,4.33636,4.44242,33200897,0.0,1.0
2000-11-06,4.44242,4.44848,4.24242,4.42121,5962186,0.0,1.0
2000-11-07,4.41818,4.5,4.40909,4.47576,7145223,0.0,1.0
2000-11-08,4.47576,4.47879,4.30606,4.42727,6178570,0.0,1.0
2000-11-09,4.34848,4.4697,4.34848,4.46364,4722571,0.0,1.0
2000-11-10,4.46061,4.50909,4.43333,4.49091,6738877,0.0,1.0
2000-11-13,4.5,4.56061,4.48485,4.5,5423864,0.0,1.0
2000-11-14,4.50909,4.69091,4.48788,4.68485,15031873,0.0,1.0
2000-11-15,4.72727,4.80303,4.62121,4.66364,11121082,0.0,1.0
2000-11-16,4.66364,4.72727,4.63939,4.69394,5146119,0.0,1.0
2000-11-17,4.71212,4.73939,4.62121,4.63636,2945055,0.0,1.0
2000-11-20,4.6303,4.64242,4.56667,4.61212,3417110,0.0,1.0
2000-11-21,4.61212,4.65152,4.57273,4.57576,2591820,0.0,1.0
2000-11-22,4.57576,4.62424,4.55152,4.61212,1957722,0.0,1.0
2000-11-23,4.63636,4.7303,4.6,4.67576,4300603,0.0,1.0
2000-11-24,4.67576,4.70606,4.54545,4.55152,5241578,0.0,1.0
2000-11-27,4.51515,4.61212,4.51515,4.59091,3054487,0.0,1.0
2000-11-28,4.59091,4.63636,4.58788,4.61515,2271245,0.0,1.0
2000-11-29,4.61515,4.72727,4.60606,4.70606,4616766,0.0,1.0
2000-11-30,4.70606,4.75152,4.66061,4.66061,3330393,0.0,1.0
2000-12-01,4.66667,4.69697,4.65152,4.66667,2060395,0.0,1.0
2000-12-04,4.6697,4.69091,4.60606,4.65152,2358926,0.0,1.0
2000-12-05,4.63636,4.68182,4.60606,4.63333,3023077,0.0,1.0
2000-12-06,4.63636,4.78485,4.63636,4.66667,7220407,0.0,1.0
2000-12-07,4.68182,4.78182,4.60606,4.72121,11536566,0.0,1.0
2000-12-08,4.75758,5.14545,4.75758,4.89394,39102202,0.0,1.0
2000-12-11,4.87879,4.93333,4.78788,4.83636,12219821,0.0,1.0
2000-12-12,4.82121,4.86364,4.75455,4.84242,5811475,0.0,1.0
2000-12-13,4.84242,4.84848,4.74848,4.75758,4954541,0.0,1.0
2000-12-14,4.75758,4.80909,4.71515,4.72727,3736108,0.0,1.0
2000-12-15,4.71818,4.72727,4.59697,4.60606,6139125,0.0,1.0
2000-12-18,4.60606,4.66667,4.51515,4.65455,4076045,0.0,1.0
2000-12-19,4.66364,4.68788,4.57576,4.61212,1843901,0.0,1.0
2000-12-20,4.64848,4.73333,4.64848,4.68485,2743326,0.0,1.0
2000-12-21,4.69697,4.75152,4.63636,4.64545,3072112,0.0,1.0
2000-12-22,4.69697,4.81212,4.63939,4.81212,5067685,0.0,1.0
2000-12-25,4.82424,4.90303,4.72727,4.75758,4480902,0.0,1.0
2000-12-26,4.77879,4.9697,4.76061,4.93939,6698046,0.0,1.0
2000-12-27,4.98485,4.98485,4.84242,4.93939,4139325,0.0,1.0
2000-12-28,4.90909,5,4.85152,4.98485,8737331,0.0,1.0
2000-12-29,4.98485,5.06061,4.90909,4.95152,7827207,0.0,1.0
2001-01-01,4.98485,5.06061,4.90909,4.95152,0,0.0,1.0
2001-01-02,4.9697,4.98485,4.84848,4.91818,8518613,0.0,1.0
2001-01-03,4.93333,5.12121,4.92727,5.11515,12363886,0.0,1.0
2001-01-04,5.12121,5.13939,5,5.07879,6794614,0.0,1.0
2001-01-05,5.07879,5.17576,5.04545,5.10909,5585366,0.0,1.0
2001-01-08,5.10909,5.15152,4.93939,4.96364,6227615,0.0,1.0
2001-01-09,4.95455,5,4.91212,4.93636,3474045,0.0,1.0
2001-01-10,4.94242,5.05455,4.93636,5.0303,5088072,0.0,1.0
2001-01-11,5.0303,5.0303,4.92424,4.93939,3784777,0.0,1.0
2001-01-12,4.93939,4.9697,4.88788,4.90909,2937858,0.0,1.0
2001-01-15,4.90303,4.90303,4.61212,4.67576,4914192,0.0,1.0
2001-01-16,4.61515,4.72727,4.60909,4.66667,3736772,0.0,1.0
2001-01-17,4.68182,4.69697,4.63939,4.66667,1804397,0.0,1.0
2001-01-18,4.7,4.72424,4.67879,4.70909,1380053,0.0,1.0
2001-01-19,4.72727,4.80606,4.66667,4.76061,2665938,0.0,1.0
2001-01-22,4.72727,4.80606,4.66667,4.76061,0,0.0,1.0
2001-01-23,4.72727,4.80606,4.66667,4.76061,0,0.0,1.0
2001-01-24,4.72727,4.80606,4.66667,4.76061,0,0.0,1.0
2001-01-25,4.72727,4.80606,4.66667,4.76061,0,0.0,1.0
2001-01-26,4.72727,4.80606,4.66667,4.76061,0,0.0,1.0
2001-01-29,4.72727,4.80606,4.66667,4.76061,0,0.0,1.0
2001-01-30,4.72727,4.80606,4.66667,4.76061,0,0.0,1.0
2001-01-31,4.72727,4.80606,4.66667,4.76061,0,0.0,1.0
2001-02-01,4.72727,4.80606,4.66667,4.76061,0,0.0,1.0
2001-02-02,4.72727,4.80606,4.66667,4.76061,0,0.0,1.0
2001-02-05,4.78788,4.79394,4.60606,4.61515,2663041,0.0,1.0
2001-02-06,4.54848,4.64545,4.50606,4.50606,3238297,0.0,1.0
2001-02-07,4.48788,4.52727,4.47273,4.48485,4337847,0.0,1.0
2001-02-08,4.48485,4.57273,4.40909,4.45455,2726496,0.0,1.0
2001-02-09,4.5,4.54545,4.45455,4.54242,1863942,0.0,1.0
2001-02-12,4.54242,4.6,4.51212,4.57576,1964922,0.0,1.0
2001-02-13,4.59394,4.62121,4.54545,4.58182,1374750,0.0,1.0
2001-02-14,4.54545,4.59091,4.54545,4.57879,795257,0.0,1.0
2001-02-15,4.60606,4.60606,4.53939,4.53939,1257303,0.0,1.0
2001-02-16,4.52121,4.5303,4.44848,4.48788,2310257,0.0,1.0
2001-02-19,4.41818,4.63333,4.41818,4.6,2056563,0.0,1.0
2001-02-20,4.6,4.69091,4.49091,4.56364,3745028,0.0,1.0
2001-02-21,4.53636,4.53636,4.21515,4.29091,8624035,0.0,1.0
2001-02-22,4.24242,4.39394,4.23333,4.3303,2725770,0.0,1.0
2001-02-23,4.37576,4.44848,4.33333,4.44848,3124024,0.0,1.0
2001-02-26,4.42424,4.5303,4.4,4.52727,1953547,0.0,1.0
2001-02-27,4.53939,4.67576,4.48485,4.65758,4091205,0.0,1.0
2001-02-28,4.67879,4.68182,4.57576,4.66667,2424286,0.0,1.0
2001-03-01,4.66667,4.66667,4.58485,4.59091,766748,0.0,1.0
2001-03-02,4.59697,4.64848,4.59091,4.63333,1787947,0.0,1.0
2001-03-05,4.62424,4.63636,4.57576,4.57879,1403850,0.0,1.0
2001-03-06,4.57879,4.6303,4.5697,4.61515,2657236,0.0,1.0
2001-03-07,4.61818,4.70303,4.59394,4.67576,5112637,0.0,1.0
2001-03-08,4.66667,4.79697,4.66667,4.79697,9484546,0.0,1.0
2001-03-09,4.80303,4.81515,4.75758,4.78485,3322859,0.0,1.0
2001-03-12,4.78182,4.90909,4.76364,4.87879,6556367,0.0,1.0
2001-03-13,4.85455,4.87273,4.74848,4.75455,2931713,0.0,1.0
2001-03-14,4.74242,4.80303,4.71515,4.77273,2537535,0.0,1.0
2001-03-15,4.80606,4.80606,4.68485,4.76667,2569416,0.0,1.0
2001-03-16,4.78182,4.79697,4.72121,4.77879,1259656,0.0,1.0
2001-03-19,4.78485,4.89394,4.75758,4.87273,3407088,0.0,1.0
2001-03-20,4.89394,4.98485,4.84848,4.95455,8752329,0.0,1.0
2001-03-21,4.95152,5.01212,4.90909,4.92424,6214629,0.0,1.0
2001-03-22,4.93939,4.9697,4.89697,4.91818,5247848,0.0,1.0
2001-03-23,4.94848,5.04545,4.84848,4.9,9719982,0.0,1.0
2001-03-26,4.75758,5.25455,4.75152,5.23939,26931693,0.0,1.0
2001-03-27,5.23939,5.39697,5.16667,5.37273,15638911,0.0,1.0
2001-03-28,5.39394,5.5303,5.3303,5.5303,13840411,0.0,1.0
2001-03-29,5.54545,5.71212,5.36061,5.54545,22572578,0.0,1.0
2001-03-30,5.52727,6.1,5.45152,5.97576,51514815,0.0,1.0
2001-04-02,5.96364,6.16061,5.85758,5.9303,17998018,0.0,1.0
2001-04-03,5.90303,5.9697,5.81818,5.9303,6796093,0.0,1.0
2001-04-04,5.93939,6.01515,5.66667,5.68182,9039139,0.0,1.0
2001-04-05,5.65152,5.81818,5.60606,5.75758,6097073,0.0,1.0
2001-04-06,5.80303,5.90909,5.67273,5.75758,3657994,0.0,1.0
2001-04-09,5.76061,5.81515,5.63636,5.68485,6513144,0.0,1.0
2001-04-10,5.72121,6.10303,5.51515,6.09091,23186523,0.0,1.0
2001-04-11,6.09091,6.38788,5.9697,6.37879,29364515,0.0,1.0
2001-04-12,6.36364,6.54545,6.24545,6.45455,16484087,0.0,1.0
2001-04-13,6.42121,6.54848,6.36667,6.54848,7861395,0.0,1.0
2001-04-16,6.51515,6.68485,6.45455,6.67576,7757739,0.0,1.0
2001-04-17,6.66667,6.81818,6.60606,6.81212,7907642,0.0,1.0
2001-04-18,6.81212,6.85758,6.60606,6.83333,11488950,0.0,1.0
2001-04-19,6.80303,6.82424,6.39394,6.52727,10437095,0.0,1.0
2001-04-20,6.48485,6.51212,6.21212,6.24242,8108126,0.0,1.0
2001-04-23,6.18182,6.39394,6.15455,6.24545,6741286,0.0,1.0
2001-04-24,6.24242,6.36364,6.24242,6.28182,5824830,0.0,1.0
2001-04-25,6.27273,6.36364,5.93939,6.12121,8795906,0.0,1.0
2001-04-26,6.06364,6.08485,5.9697,6.02727,16381015,0.0,1.0
2001-04-27,6.01515,6.19394,6,6.08485,10051117,0.0,1.0
2001-04-30,6.21212,6.30303,6.02727,6.06364,3714044,0.0,1.0
2001-05-01,6.21212,6.30303,6.02727,6.06364,0,0.0,1.0
2001-05-02,6.21212,6.30303,6.02727,6.06364,0,0.0,1.0
2001-05-03,6.21212,6.30303,6.02727,6.06364,0,0.0,1.0
2001-05-04,6.21212,6.30303,6.02727,6.06364,0,0.0,1.0
2001-05-07,6.21212,6.30303,6.02727,6.06364,0,0.0,1.0
2001-05-08,6.09394,6.39394,6.09394,6.30909,2792430,0.0,1.0
2001-05-09,6.42424,6.45455,6.11818,6.14545,6252883,0.0,1.0
2001-05-10,6.14545,6.26061,6.07879,6.11818,2886517,0.0,1.0
2001-05-11,6.14545,6.44545,5.96667,6.39697,11619260,0.0,1.0
2001-05-14,6.4,6.62121,6.4,6.62121,5510706,0.0,1.0
2001-05-15,6.66364,6.77273,6.47879,6.77273,8877370,0.0,1.0
2001-05-16,6.77273,7.42424,6.69697,7.23636,23860366,0.0,1.0
2001-05-17,7.23636,7.41212,7.08485,7.25758,21391943,0.0,1.0
2001-05-18,7.25758,7.25758,7.25758,7.25758,0,0.0,1.0
2001-05-21,7.27273,7.27273,6.9697,7.04545,2358754,0.0,1.0
2001-05-22,7.0303,7.16667,6.93939,6.95455,2266235,0.0,1.0
2001-05-23,6.95455,7.20909,6.90909,7.19697,2835806,0.0,1.0
2001-05-24,7.19697,7.26667,7.12121,7.19394,2362318,0.0,1.0
2001-05-25,7.24545,7.24848,7.0303,7.23636,1649545,0.0,1.0
2001-05-28,7.32727,7.33333,7.06061,7.09091,1485000,0.0,1.0
2001-05-29,7.09091,7.16667,6.9697,7.0303,1602160,0.0,1.0
2001-05-30,7.02424,7.20606,6.93939,7.20606,2122510,0.0,1.0
2001-05-31,7.20606,7.20606,7.05455,7.15152,1765751,0.0,1.0
2001-06-01,7.15152,7.16667,6.99394,7.00303,1699480,0.0,1.0
2001-06-04,7.00606,7.09091,6.9697,7.02121,2158715,0.0,1.0
2001-06-05,7,7.09091,6.90909,7.0697,1905740,0.0,1.0
2001-06-06,7,7.10303,6.97273,7.07576,1250611,0.0,1.0
2001-06-07,7.06061,7.07576,6.92424,6.97879,1933576,0.0,1.0
2001-06-08,6.9697,6.9697,6.87576,6.93333,1378862,0.0,1.0
2001-06-11,6.32727,7.10303,6.32727,6.96061,1736378,0.0,1.0
2001-06-12,6.97576,6.97576,6.84848,6.96061,2244498,0.0,1.0
2001-06-13,6.90909,7.1303,6.83636,7.09091,3612467,0.0,1.0
2001-06-14,7.10606,7.16364,6.96364,7.04848,4755696,0.0,1.0
2001-06-15,6.97273,7.08182,6.90909,7.07576,2948425,0.0,1.0
2001-06-18,7.07273,7.07273,6.66667,6.77576,1864031,0.0,1.0
2001-06-19,6.72727,7.15152,6.72121,7.12121,7378236,0.0,1.0
2001-06-20,7.12121,7.12121,6.86364,6.95758,1334817,0.0,1.0
2001-06-21,6.91212,6.94242,6.84848,6.9303,2436076,0.0,1.0
2001-06-22,6.75758,7.09091,6.75758,7.08182,7337827,0.0,1.0
2001-06-25,6.93939,7.21818,6.93939,7.15455,5468031,0.0,1.0
2001-06-26,7.13636,7.22121,7.09091,7.19697,5646841,0.0,1.0
2001-06-27,7.18182,7.31212,7.17576,7.29697,5086590,0.0,1.0
2001-06-28,7.29091,7.32121,7.1697,7.27273,2729912,0.0,1.0
2001-06-29,7.27273,7.39394,7.23636,7.3697,4639236,0.0,1.0
2001-07-02,7.37273,7.38788,7.27273,7.35758,2847570,0.0,1.0
2001-07-03,7.33333,7.39394,7.22727,7.36061,2702667,0.0,1.0
2001-07-04,7.33333,7.62727,7.32121,7.60303,11607229,0.0,1.0
2001-07-05,7.6303,7.73939,7.27273,7.61212,35814511,0.0,1.0
2001-07-06,7.54545,7.57273,7.32727,7.51515,12819744,0.0,1.0
2001-07-09,7.45909,7.45909,6.86364,6.93182,5444850,0.11299,1.0
2001-07-10,6.90909,7.04545,6.70455,6.81818,2180090,0.0,1.0
2001-07-11,6.86364,7.27273,6.86364,7.06818,2518703,0.0,1.0
2001-07-12,7.04545,7.12727,6.97727,7.06818,772407,0.0,1.0
2001-07-13,7.08182,7.18182,6.93182,6.94545,714479,0.0,1.0
2001-07-16,7.1,7.1,6.77727,6.80909,1306193,0.0,1.0
2001-07-17,6.81818,6.88636,6.73182,6.86364,1776724,0.0,1.0
2001-07-18,6.86364,7.00909,6.77273,6.9,1133040,0.0,1.0
2001-07-19,6.93182,7.04545,6.81818,6.90909,399128,0.0,1.0
2001-07-20,6.91364,7.07727,6.90909,7.04545,1810690,0.0,1.0
2001-07-23,7.06818,7.07727,6.90909,6.96818,1737813,0.0,1.0
2001-07-24,6.93182,6.93182,6.81818,6.92273,1809531,0.0,1.0
2001-07-25,6.9,6.96364,6.8,6.93182,2677891,0.0,1.0
2001-07-26,6.9,6.9,6.75455,6.81818,738201,0.0,1.0
2001-07-27,6.79545,6.85455,6.75,6.78636,947962,0.0,1.0
2001-07-30,6.77727,6.77727,6.26364,6.38636,2271366,0.0,1.0
2001-07-31,6.27273,6.40909,6.25455,6.28636,1575002,0.0,1.0
2001-08-01,6.36364,6.45455,6.29545,6.45455,1149887,0.0,1.0
2001-08-02,6.45455,6.47727,6.13182,6.29545,1747207,0.0,1.0
2001-08-03,6.28636,6.38636,6.19091,6.30909,1067451,0.0,1.0
2001-08-06,6.19091,6.23636,6.04545,6.07727,2095370,0.0,1.0
2001-08-07,6.07727,6.36364,6.02273,6.36364,2202268,0.0,1.0
2001-08-08,6.33182,6.4,6.25455,6.33636,1516053,0.0,1.0
2001-08-09,6.41364,6.80455,6.36364,6.78636,5184073,0.0,1.0
2001-08-10,6.77273,6.98636,6.72273,6.94545,3542979,0.0,1.0
2001-08-13,6.90455,6.90909,6.71818,6.75909,1232781,0.0,1.0
2001-08-14,6.75,6.87273,6.65909,6.68182,1141314,0.0,1.0
2001-08-15,6.68182,6.77273,6.67273,6.70455,409310,0.0,1.0
2001-08-16,6.70455,6.75,6.61364,6.64091,438106,0.0,1.0
2001-08-17,6.63182,6.66818,6.52727,6.64545,382782,0.0,1.0
2001-08-20,6.63636,6.72727,6.45455,6.51364,2407748,0.0,1.0
2001-08-21,6.36818,6.51364,5.88182,5.92273,14051444,0.0,1.0
2001-08-22,5.9,5.90455,5.56818,5.73636,13057535,0.0,1.0
2001-08-23,5.74091,5.84091,5.61364,5.77273,4013282,0.0,1.0
2001-08-24,5.77273,5.84091,5.56818,5.7,3918339,0.0,1.0
2001-08-27,5.64545,5.73182,5.59091,5.65909,2270723,0.0,1.0
2001-08-28,5.65,5.76818,5.59091,5.76818,2460355,0.0,1.0
2001-08-29,5.76818,5.78182,5.71818,5.75455,2422156,0.0,1.0
2001-08-30,5.75455,5.80909,5.66818,5.70909,2464871,0.0,1.0
2001-08-31,5.69545,5.75909,5.60909,5.64091,2714604,0.0,1.0
2001-09-03,5.63636,5.64091,5.31818,5.4,4923582,0.0,1.0
2001-09-04,5.4,5.63636,5.4,5.6,1778355,0.0,1.0
2001-09-05,5.6,5.75455,5.6,5.72727,1831137,0.0,1.0
2001-09-06,5.72727,5.95455,5.72273,5.89091,4922731,0.0,1.0
2001-09-07,5.89091,5.94091,5.63182,5.63636,5760590,0.0,1.0
2001-09-10,5.59091,5.89091,5.53636,5.85,5413212,0.0,1.0
2001-09-11,5.84545,5.99545,5.77727,5.86364,3222745,0.0,1.0
2001-09-12,5.84091,5.96818,5.78636,5.86364,2817718,0.0,1.0
2001-09-13,5.86364,6.15,5.86364,5.95455,8133233,0.0,1.0
2001-09-14,5.97727,6.01818,5.79091,5.8,2965395,0.0,1.0
2001-09-17,5.8,5.82273,5.40909,5.65,3013388,0.0,1.0
2001-09-18,5.63636,5.81818,5.57273,5.64545,674564,0.0,1.0
2001-09-19,5.64545,5.76364,5.61364,5.73636,422510,0.0,1.0
2001-09-20,5.81364,5.90909,5.68636,5.87727,1917934,0.0,1.0
2001-09-21,5.92273,5.98182,5.85909,5.94091,3883110,0.0,1.0
2001-09-24,5.98182,6.27273,5.90909,6.02273,8150910,0.0,1.0
2001-09-25,6.02727,6.18182,6.01364,6.04545,3939650,0.0,1.0
2001-09-26,6.05909,6.13636,5.81818,5.99091,5901504,0.0,1.0
2001-09-27,6,6.34091,5.86364,6.19545,9526942,0.0,1.0
2001-09-28,6.20455,6.41818,6.18182,6.31818,9516522,0.0,1.0
2001-10-01,6.20455,6.41818,6.18182,6.31818,0,0.0,1.0
2001-10-02,6.20455,6.41818,6.18182,6.31818,0,0.0,1.0
2001-10-03,6.20455,6.41818,6.18182,6.31818,0,0.0,1.0
2001-10-04,6.20455,6.41818,6.18182,6.31818,0,0.0,1.0
2001-10-05,6.20455,6.41818,6.18182,6.31818,0,0.0,1.0
2001-10-08,6.34091,6.5,6.29545,6.32727,3581846,0.0,1.0
2001-10-09,6.30909,6.5,6.29545,6.33182,3626344,0.0,1.0
2001-10-10,6.36364,6.40909,6.27273,6.28636,2507540,0.0,1.0
2001-10-11,6.30909,6.68182,6.29545,6.49091,4233920,0.0,1.0
2001-10-12,6.5,6.86364,6.47727,6.86364,3890986,0.0,1.0
2001-10-15,6.84091,6.98182,6.84091,6.96364,5542508,0.0,1.0
2001-10-16,6.96364,7.01364,6.73182,6.94545,5169721,0.0,1.0
2001-10-17,6.93182,7.01364,6.77273,6.90909,2107041,0.0,1.0
2001-10-18,6.90909,7.06364,6.90909,7.01818,2766577,0.0,1.0
2001-10-19,7.04545,7.06818,6.63636,6.81818,2674311,0.0,1.0
2001-10-22,6.77273,6.85455,6.66818,6.79545,1581613,0.0,1.0
2001-10-23,7.05,7.47727,7.05,7.47727,21212853,0.0,1.0
2001-10-24,7.61364,7.72727,7.11818,7.5,11083105,0.0,1.0
2001-10-25,7.5,7.59545,7.19091,7.34091,3836450,0.0,1.0
2001-10-26,7.34091,7.86364,7.34091,7.86364,14673888,0.0,1.0
2001-10-29,7.86364,8.25,7.84091,8.04545,19707043,0.0,1.0
2001-10-30,8.09091,8.26364,7.98182,8.18182,11403335,0.0,1.0
2001-10-31,8.18182,8.18182,8.18182,8.18182,0,0.0,1.0
2001-11-01,8.34545,8.58182,8.19545,8.29545,6990170,0.0,1.0
2001-11-02,8.27273,8.40455,8.15909,8.36364,4812430,0.0,1.0
2001-11-05,8.71818,8.71818,8.26364,8.45455,3730857,0.0,1.0
2001-11-06,8.45455,8.54545,8.29545,8.4,3200868,0.0,1.0
2001-11-07,8.36364,8.4,7.72727,8.06818,5110600,0.0,1.0
2001-11-08,7.95455,8.17727,7.82273,8.03182,2446510,0.0,1.0
2001-11-09,8.18182,8.67273,8.18182,8.43182,6744835,0.0,1.0
2001-11-12,8.4,8.61364,8.09545,8.13182,1819908,0.0,1.0
2001-11-13,8.02727,8.17273,7.86364,8.04545,2965189,0.0,1.0
2001-11-14,8.11364,8.23182,7.97727,8.12727,1042582,0.0,1.0
2001-11-15,8.18182,8.33182,8.13636,8.33182,1367293,0.0,1.0
2001-11-16,8.71818,8.79091,8.22273,8.59091,2968044,0.0,1.0
2001-11-19,8.56818,8.63182,8.34545,8.56818,2968044,0.0,1.0
2001-11-20,8.56818,8.56818,8.35909,8.47727,1768362,0.0,1.0
2001-11-21,8.24545,8.53636,8.24545,8.38182,1643288,0.0,1.0
2001-11-22,8.36364,8.47727,8.21818,8.40909,3500097,0.0,1.0
2001-11-23,8.40909,8.43182,8.18182,8.31818,1106974,0.0,1.0
2001-11-26,8.31818,8.31818,8.06818,8.13636,1596155,0.0,1.0
2001-11-27,8.13636,8.31818,8.06818,8.17273,3256031,0.0,1.0
2001-11-28,8.18182,8.36818,8.12727,8.31818,6351341,0.0,1.0
2001-11-29,8.31818,8.43182,8.27273,8.38636,4404869,0.0,1.0
2001-11-30,8.38636,8.56818,8.38636,8.47273,4062656,0.0,1.0
2001-12-03,8.47273,8.62273,8.36818,8.49091,3834712,0.0,1.0
2001-12-04,8.49091,8.49091,8.21818,8.27273,1978658,0.0,1.0
2001-12-05,8.27273,8.32273,8.09091,8.18182,3807852,0.0,1.0
2001-12-06,8.18182,8.22727,7.90909,7.95455,3662622,0.0,1.0
2001-12-07,7.94545,8.15,7.77273,8.13636,2463527,0.0,1.0
2001-12-10,8.12727,8.27273,7.90909,8.09091,764192,0.0,1.0
2001-12-11,8.09091,8.17273,7.90909,7.91364,363990,0.0,1.0
2001-12-12,7.91364,7.95455,7.81818,7.93636,1425554,0.0,1.0
2001-12-13,7.93636,7.94091,7.72727,7.84091,1163470,0.0,1.0
2001-12-14,7.83636,7.89545,7.72273,7.74091,1121208,0.0,1.0
2001-12-17,7.74091,7.81818,7.31818,7.33182,875807,0.0,1.0
2001-12-18,7.31818,7.65,7.27273,7.63182,2538919,0.0,1.0
2001-12-19,7.63182,7.77273,7.5,7.74091,1959289,0.0,1.0
2001-12-20,7.74091,7.79545,7.52273,7.62273,3004408,0.0,1.0
2001-12-21,7.62273,7.89545,7.62273,7.71364,2953887,0.0,1.0
2001-12-24,7.71364,7.82273,7.45909,7.57727,4773267,0.0,1.0
2001-12-25,7.57727,7.63636,7.45,7.60455,3348913,0.0,1.0
2001-12-26,7.60455,7.65909,7.48182,7.63636,2146287,0.0,1.0
2001-12-27,7.63636,7.63636,7.48636,7.61364,2581920,0.0,1.0
2001-12-28,7.61364,7.65455,7.52273,7.64091,2635600,0.0,1.0
2001-12-31,7.62727,7.69091,7.45455,7.65909,1544620,0.0,1.0
2002-01-01,7.62727,7.69091,7.45455,7.65909,0,0.0,1.0
2002-01-02,7.62727,7.69091,7.45455,7.65909,0,0.0,1.0
2002-01-03,7.62727,7.69091,7.45455,7.65909,0,0.0,1.0
2002-01-04,7.65909,7.71818,7.63182,7.69091,1255918,0.0,1.0
2002-01-07,7.68182,7.75,7.67273,7.74545,2300016,0.0,1.0
2002-01-08,7.72727,7.90909,7.71818,7.90455,927078,0.0,1.0
2002-01-09,7.93182,8.16818,7.93182,8.10455,1288157,0.0,1.0
2002-01-10,8.11818,8.19091,7.94091,8.01818,1059804,0.0,1.0
2002-01-11,8.01818,8.06818,7.86364,7.88636,1482954,0.0,1.0
2002-01-14,7.88182,7.88636,7.40909,7.49091,1574542,0.0,1.0
2002-01-15,7.40909,7.55455,7.31818,7.49091,1709299,0.0,1.0
2002-01-16,7.42273,7.52273,7.38636,7.49091,1400080,0.0,1.0
2002-01-17,7.49091,7.49091,7.27727,7.3,1697905,0.0,1.0
2002-01-18,7.3,7.31818,7.09091,7.21818,1398936,0.0,1.0
2002-01-21,7.21818,7.21818,7.10455,7.12727,1307834,0.0,1.0
2002-01-22,7.12727,7.23182,7.09545,7.22727,1759872,0.0,1.0
2002-01-23,7.22727,7.52273,7.22727,7.5,2437008,0.0,1.0
2002-01-24,7.54545,7.7,7.42727,7.62727,3270830,0.0,1.0
2002-01-25,7.62727,7.77273,7.60455,7.65909,2641320,0.0,1.0
2002-01-28,7.62727,7.65909,7.28182,7.40909,1096102,0.0,1.0
2002-01-29,7.4,7.6,7.36818,7.59091,2721231,0.0,1.0
2002-01-30,7.59091,7.63636,7.47727,7.54545,1883312,0.0,1.0
2002-01-31,7.54545,8.07727,7.54545,7.95,8815565,0.0,1.0
2002-02-01,7.95,7.95,7.63636,7.74091,2114160,0.0,1.0
2002-02-04,7.73182,7.82273,7.67273,7.72273,2956281,0.0,1.0
2002-02-05,7.72273,7.76818,7.56364,7.59545,556494,0.0,1.0
2002-02-06,7.59545,7.70909,7.52727,7.63182,2498377,0.0,1.0
2002-02-07,7.61364,7.73182,7.56818,7.68636,2458064,0.0,1.0
2002-02-08,7.68636,7.76818,7.67727,7.73182,1948852,0.0,1.0
2002-02-11,7.68636,7.76818,7.67727,7.73182,0,0.0,1.0
2002-02-12,7.68636,7.76818,7.67727,7.73182,0,0.0,1.0
2002-02-13,7.68636,7.76818,7.67727,7.73182,0,0.0,1.0
2002-02-14,7.68636,7.76818,7.67727,7.73182,0,0.0,1.0
2002-02-15,7.68636,7.76818,7.67727,7.73182,0,0.0,1.0
2002-02-18,7.68636,7.76818,7.67727,7.73182,0,0.0,1.0
2002-02-19,7.68636,7.76818,7.67727,7.73182,0,0.0,1.0
2002-02-20,7.68636,7.76818,7.67727,7.73182,0,0.0,1.0
2002-02-21,7.68636,7.76818,7.67727,7.73182,0,0.0,1.0
2002-02-22,7.68636,7.76818,7.67727,7.73182,0,0.0,1.0
2002-02-25,7.90909,7.90909,7.70455,7.78182,1444146,0.0,1.0
2002-02-26,7.78182,7.78636,7.63636,7.68182,1161820,0.0,1.0
2002-02-27,7.68182,7.81364,7.67727,7.75455,1158324,0.0,1.0
2002-02-28,7.75455,7.78636,7.70455,7.72727,1182280,0.0,1.0
2002-03-01,7.72727,7.75,7.63636,7.64545,1660780,0.0,1.0
2002-03-04,7.64545,7.86364,7.61818,7.85455,1921256,0.0,1.0
2002-03-05,7.85,7.94091,7.76364,7.90455,2604950,0.0,1.0
2002-03-06,7.89091,7.96818,7.8,7.9,1895102,0.0,1.0
2002-03-07,7.9,7.95455,7.84545,7.89091,2291588,0.0,1.0
2002-03-08,7.89091,7.93182,7.65909,7.82273,1719784,0.0,1.0
2002-03-11,7.82273,7.86364,7.61818,7.85,3899850,0.0,1.0
2002-03-12,7.86364,8.26818,7.85455,8.22273,11703265,0.0,1.0
2002-03-13,8.13636,8.21364,7.97727,8.13182,6373838,0.0,1.0
2002-03-14,8.12727,8.18182,7.99091,8.17727,5945487,0.0,1.0
2002-03-15,8.13636,8.29091,8.12273,8.14545,7144042,0.0,1.0
2002-03-18,8.14545,8.25909,8.09091,8.24545,4318598,0.0,1.0
2002-03-19,8.24545,8.36818,8.19545,8.31818,4856768,0.0,1.0
2002-03-20,8.31818,8.36364,8.11818,8.17727,4297737,0.0,1.0
2002-03-21,8.17727,8.31818,8.07273,8.30455,5802489,0.0,1.0
2002-03-22,8.36364,8.56818,8.35909,8.56364,7790952,0.0,1.0
2002-03-25,8.59091,8.63636,8.35909,8.51364,3740865,0.0,1.0
2002-03-26,8.46818,8.5,8.33182,8.38182,2480854,0.0,1.0
2002-03-27,8.38182,8.44545,8.35455,8.44091,2809840,0.0,1.0
2002-03-28,8.43182,8.49091,8.23636,8.39545,5001143,0.0,1.0
2002-03-29,8.39545,8.42273,7.72727,8.2,2445333,0.0,1.0
2002-04-01,8.18182,8.21818,8.06818,8.14545,1712106,0.0,1.0
2002-04-02,8.14545,8.18636,7.95,7.99091,1107260,0.0,1.0
2002-04-03,7.99091,8.05909,7.90455,8.00909,2652980,0.0,1.0
2002-04-04,8.00909,8.05909,7.99091,8.05909,2380836,0.0,1.0
2002-04-05,8.05909,8.1,7.99545,8.03636,1896620,0.0,1.0
2002-04-08,8.03636,8.03636,7.88182,7.89091,604252,0.0,1.0
2002-04-09,7.88636,8.00455,7.88636,7.91818,1957679,0.0,1.0
2002-04-10,7.90909,7.97273,7.90909,7.93636,1171940,0.0,1.0
2002-04-11,7.90909,7.94091,7.80909,7.89545,1421787,0.0,1.0
2002-04-12,7.88636,7.93636,7.78636,7.88636,3924811,0.0,1.0
2002-04-15,7.89091,7.96364,7.88182,7.95455,4170973,0.0,1.0
2002-04-16,7.94545,7.98182,7.84091,7.93636,1976370,0.0,1.0
2002-04-17,7.93636,8,7.88636,7.95455,3747951,0.0,1.0
2002-04-18,7.95455,7.95909,7.75455,7.80455,2337975,0.0,1.0
2002-04-19,7.79545,7.92727,7.79545,7.92727,4342360,0.0,1.0
2002-04-22,7.93182,7.93182,7.81818,7.85909,1859880,0.0,1.0
2002-04-23,7.84091,7.86818,7.72273,7.72273,1564640,0.0,1.0
2002-04-24,7.72273,7.86364,7.72273,7.75909,1874002,0.0,1.0
2002-04-25,7.75909,7.84545,7.75909,7.82273,2064346,0.0,1.0
2002-04-26,7.82273,7.90909,7.81818,7.89091,3435225,0.0,1.0
2002-04-29,7.88636,7.95455,7.83182,7.92273,3019361,0.0,1.0
2002-04-30,7.90909,7.95455,7.89545,7.94545,2319363,0.0,1.0
2002-05-01,7.90909,7.95455,7.89545,7.94545,0,0.0,1.0
2002-05-02,7.90909,7.95455,7.89545,7.94545,0,0.0,1.0
2002-05-03,7.90909,7.95455,7.89545,7.94545,0,0.0,1.0
2002-05-06,7.90909,7.95455,7.89545,7.94545,0,0.0,1.0
2002-05-07,7.90909,7.95455,7.89545,7.94545,0,0.0,1.0
2002-05-08,7.93182,7.95,7.86818,7.92727,1493580,0.0,1.0
2002-05-09,7.90909,7.91364,7.79545,7.85909,1008986,0.0,1.0
2002-05-10,7.81818,7.85455,7.77273,7.81364,1231384,0.0,1.0
2002-05-13,7.79545,7.8,7.72273,7.77727,1192488,0.0,1.0
2002-05-14,7.75,7.78182,7.70455,7.75,1792978,0.0,1.0
2002-05-15,7.75,7.75,7.69545,7.72273,1936625,0.0,1.0
2002-05-16,7.72273,7.73636,7.65909,7.67727,2489080,0.0,1.0
2002-05-17,7.67727,7.71818,7.66364,7.68182,1779529,0.0,1.0
2002-05-20,7.68182,7.71818,7.66364,7.71364,5117653,0.0,1.0
2002-05-21,7.71364,7.84091,7.71364,7.83636,8064327,0.0,1.0
2002-05-22,7.83636,7.89091,7.8,7.84545,4748487,0.0,1.0
2002-05-23,7.84545,7.89091,7.79545,7.82727,3234880,0.0,1.0
2002-05-24,7.82727,7.84091,7.71364,7.75,2197800,0.0,1.0
2002-05-27,7.77273,7.82273,7.76818,7.81818,2567180,0.0,1.0
2002-05-28,7.81818,7.85,7.78636,7.79545,1479280,0.0,1.0
2002-05-29,7.79545,7.79545,7.79545,7.79545,0,0.0,1.0
2002-05-30,7.79545,7.79545,7.79545,7.79545,0,0.0,1.0
2002-05-31,7.78182,7.78182,7.40909,7.41818,2333835,0.0,1.0
2002-06-03,7.43182,7.44545,7.39091,7.43636,1068881,0.0,1.0
2002-06-04,7.43636,7.47727,7.4,7.45,1351755,0.0,1.0
2002-06-05,7.44091,7.45455,7.4,7.40455,937420,0.0,1.0
2002-06-06,7.40455,7.61818,7.37273,7.59545,2504548,0.0,1.0
2002-06-07,7.63636,7.68636,7.55455,7.65909,3148059,0.0,1.0
2002-06-10,7.65909,7.65909,7.6,7.63636,1125135,0.0,1.0
2002-06-11,7.63636,7.70455,7.6,7.69091,2384235,0.0,1.0
2002-06-12,7.69091,7.85,7.63636,7.7,1937296,0.0,1.0
2002-06-13,7.7,7.75,7.61364,7.64545,1352340,0.0,1.0
2002-06-14,7.64545,7.64545,7.5,7.59091,1309220,0.0,1.0
2002-06-17,7.59091,7.59091,7.45455,7.53636,915229,0.0,1.0
2002-06-18,7.53636,7.68182,7.52273,7.66818,2272530,0.0,1.0
2002-06-19,7.66818,7.70455,7.59091,7.69545,2433086,0.0,1.0
2002-06-20,7.66818,7.71364,7.65909,7.68636,1675740,0.0,1.0
2002-06-21,7.68636,7.86364,7.68636,7.78636,3478908,0.0,1.0
2002-06-24,8.56364,8.56364,8.11364,8.55,13617767,0.0,1.0
2002-06-25,9,9.28636,8.62727,8.69091,12705363,0.0,1.0
2002-06-26,8.68182,8.68182,8.42727,8.61818,5951717,0.0,1.0
2002-06-27,8.57273,8.63636,8.31818,8.59545,5018398,0.0,1.0
2002-06-28,8.58182,8.68182,8.31818,8.31818,2906963,0.0,1.0
2002-07-01,8.31818,8.31818,8.08182,8.20455,1533233,0.0,1.0
2002-07-02,8.13636,8.31818,8.08636,8.31818,2501413,0.0,1.0
2002-07-03,8.25,8.40909,8.15455,8.34545,2701800,0.0,1.0
2002-07-04,8.27273,8.34091,8.20909,8.3,2349470,0.0,1.0
2002-07-05,8.31818,8.31818,8.13636,8.21818,1289640,0.0,1.0
2002-07-08,8.18182,8.18182,8.04091,8.06818,2447566,0.0,1.0
2002-07-09,8.05909,8.41364,8.05455,8.40909,5050170,0.0,1.0
2002-07-10,8.40909,8.40909,8.18182,8.30455,1576742,0.0,1.0
2002-07-11,8.26364,8.34545,8.23182,8.31364,2840090,0.0,1.0
2002-07-12,8.31364,8.41364,8.29545,8.31818,2937532,0.0,1.0
2002-07-15,8.31818,8.34091,8.2,8.24545,1571900,0.0,1.0
2002-07-16,8.24545,8.33182,8.18182,8.20909,5110600,0.0,1.0
2002-07-17,7.485,7.575,7.44,7.565,3754804,0.08624,1.0
2002-07-18,7.565,7.625,7.485,7.58,2897002,0.0,1.0
2002-07-19,7.55,7.56,7.465,7.5,3040520,0.0,1.0
2002-07-22,7.5,7.52,7.165,7.19,1979660,0.0,1.0
2002-07-23,7.165,7.265,7.15,7.195,2391280,0.0,1.0
2002-07-24,7.195,7.195,6.845,6.97,1803840,0.0,1.0
2002-07-25,6.97,6.97,6.825,6.93,2414424,0.0,1.0
2002-07-26,6.925,6.95,6.845,6.93,1717400,0.0,1.0
2002-07-29,6.93,6.975,6.84,6.97,1932840,0.0,1.0
2002-07-30,6.97,7,6.9,6.975,2367280,0.0,1.0
2002-07-31,6.975,7.135,6.97,6.975,1738600,0.0,1.0
2002-08-01,6.975,7.07,6.975,6.995,2477810,0.0,1.0
2002-08-02,6.995,7.05,6.99,6.99,2036120,0.0,1.0
2002-08-05,6.99,7.045,6.94,7.025,2666520,0.0,1.0
2002-08-06,7.125,7.125,6.99,7.025,2107740,0.0,1.0
2002-08-07,7.025,7.03,6.915,6.975,1476644,0.0,1.0
2002-08-08,6.915,7.03,6.875,7.02,3070644,0.0,1.0
2002-08-09,7,7.035,6.94,6.99,2120920,0.0,1.0
2002-08-12,6.975,7.01,6.885,6.945,2283800,0.0,1.0
2002-08-13,6.915,6.98,6.915,6.97,2069400,0.0,1.0
2002-08-14,6.99,7,6.94,6.99,2772166,0.0,1.0
2002-08-15,6.99,7,6.92,6.94,1694060,0.0,1.0
2002-08-16,6.9,7,6.875,6.98,1639560,0.0,1.0
2002-08-19,6.98,7,6.925,6.945,2241880,0.0,1.0
2002-08-20,6.945,6.97,6.915,6.97,2279400,0.0,1.0
2002-08-21,6.97,6.985,6.9,6.915,1624820,0.0,1.0
2002-08-22,6.915,6.945,6.875,6.92,1181060,0.0,1.0
2002-08-23,6.92,6.92,6.85,6.895,1327192,0.0,1.0
2002-08-26,6.895,6.895,6.745,6.75,1290240,0.0,1.0
2002-08-27,6.725,6.78,6.725,6.775,1719282,0.0,1.0
2002-08-28,6.76,6.79,6.52,6.635,1727960,0.0,1.0
2002-08-29,6.595,6.62,6.55,6.595,972400,0.0,1.0
2002-08-30,6.595,6.675,6.54,6.585,1871480,0.0,1.0
2002-09-02,6.585,6.66,6.575,6.65,1964712,0.0,1.0
2002-09-03,6.625,6.75,6.62,6.715,4029056,0.0,1.0
2002-09-04,6.685,6.78,6.625,6.69,1689280,0.0,1.0
2002-09-05,6.675,6.68,6.55,6.595,1044760,0.0,1.0
2002-09-06,6.575,6.65,6.575,6.61,1059620,0.0,1.0
2002-09-09,6.575,6.64,6.575,6.615,2169460,0.0,1.0
2002-09-10,6.58,6.63,6.58,6.61,3187440,0.0,1.0
2002-09-11,6.645,6.645,6.575,6.585,1425680,0.0,1.0
2002-09-12,6.575,6.745,6.575,6.595,2407200,0.0,1.0
2002-09-13,6.625,6.77,6.58,6.67,1903480,0.0,1.0
2002-09-16,6.64,6.655,6.565,6.57,1609200,0.0,1.0
2002-09-17,6.56,6.645,6.56,6.595,1827800,0.0,1.0
2002-09-18,6.595,6.595,6.545,6.565,1546400,0.0,1.0
2002-09-19,6.565,6.635,6.545,6.63,1907970,0.0,1.0
2002-09-20,6.61,6.635,6.595,6.62,1253120,0.0,1.0
2002-09-23,6.65,6.65,6.595,6.605,1609200,0.0,1.0
2002-09-24,6.605,6.64,6.485,6.51,2110600,0.0,1.0
2002-09-25,6.505,6.53,6.49,6.515,1141000,0.0,1.0
2002-09-26,6.515,6.555,6.48,6.5,1846800,0.0,1.0
2002-09-27,6.495,6.55,6.46,6.48,1072640,0.0,1.0
2002-09-30,6.48,6.48,6.48,6.48,0,0.0,1.0
2002-10-01,6.48,6.48,6.48,6.48,0,0.0,1.0
2002-10-02,6.48,6.48,6.48,6.48,0,0.0,1.0
2002-10-03,6.48,6.48,6.48,6.48,0,0.0,1.0
2002-10-04,6.48,6.48,6.48,6.48,0,0.0,1.0
2002-10-07,6.48,6.48,6.48,6.48,0,0.0,1.0
2002-10-08,6.48,6.49,6.45,6.475,983826,0.0,1.0
2002-10-09,6.48,6.495,6.42,6.425,969160,0.0,1.0
2002-10-10,6.425,6.46,6.415,6.425,1862600,0.0,1.0
2002-10-11,6.425,6.49,6.42,6.43,1304800,0.0,1.0
2002-10-14,6.425,6.435,6.395,6.4,975400,0.0,1.0
2002-10-15,6.4,6.42,6.395,6.395,606200,0.0,1.0
2002-10-16,6.395,6.43,6.39,6.415,948200,0.0,1.0
2002-10-17,6.415,6.425,6.38,6.39,602200,0.0,1.0
2002-10-18,6.375,6.395,6.365,6.375,509200,0.0,1.0
2002-10-21,6.375,6.385,6.36,6.375,530448,0.0,1.0
2002-10-22,6.375,6.395,6.365,6.385,679560,0.0,1.0
2002-10-23,6.38,6.4,6.375,6.4,798600,0.0,1.0
2002-10-24,6.4,6.42,6.375,6.405,1216200,0.0,1.0
2002-10-25,6.405,6.5,6.395,6.41,1813140,0.0,1.0
2002-10-28,6.41,6.425,6.395,6.415,851740,0.0,1.0
2002-10-29,6.415,6.42,6.145,6.365,1477058,0.0,1.0
2002-10-30,6.365,6.37,6.295,6.36,1044080,0.0,1.0
2002-10-31,6.35,6.37,6.285,6.31,636200,0.0,1.0
2002-11-01,6.3,6.315,6.24,6.28,706360,0.0,1.0
2002-11-04,6.275,6.32,6.225,6.315,1210548,0.0,1.0
2002-11-05,6.29,6.4,6.275,6.34,1800760,0.0,1.0
2002-11-06,6.325,6.5,6.32,6.425,2068600,0.0,1.0
2002-11-07,6.44,6.475,6.36,6.39,1035000,0.0,1.0
2002-11-08,6.44,6.45,6.28,6.36,1008720,0.0,1.0
2002-11-11,6.34,6.375,6.325,6.35,1189500,0.0,1.0
2002-11-12,6.325,6.335,6.275,6.305,1350120,0.0,1.0
2002-11-13,6.275,6.32,6.255,6.315,1446440,0.0,1.0
2002-11-14,6.31,6.4,6.27,6.31,1844560,0.0,1.0
2002-11-15,6.285,6.325,6.26,6.285,967600,0.0,1.0
2002-11-18,6.275,6.31,6.24,6.29,1997820,0.0,1.0
2002-11-19,6.285,6.325,6.2,6.27,2321442,0.0,1.0
2002-11-20,6.29,6.375,6.15,6.195,2309800,0.0,1.0
2002-11-21,6.2,6.3,6.175,6.27,2156252,0.0,1.0
2002-11-22,6.25,6.325,6.17,6.26,846040,0.0,1.0
2002-11-25,6.25,6.27,6.2,6.26,2184600,0.0,1.0
2002-11-26,6.225,6.255,6.195,6.25,776200,0.0,1.0
2002-11-27,6.25,6.275,6.185,6.27,1016800,0.0,1.0
2002-11-28,6.25,6.35,6.18,6.35,2405558,0.0,1.0
2002-11-29,6.4,6.475,6.315,6.425,2407332,0.0,1.0
2002-12-02,6.425,6.425,6.33,6.355,1121404,0.0,1.0
2002-12-03,6.35,6.35,6.27,6.335,1090760,0.0,1.0
2002-12-04,6.335,6.45,6.31,6.42,2704908,0.0,1.0
2002-12-05,6.415,6.42,6.33,6.35,1609400,0.0,1.0
2002-12-06,6.35,6.5,6.325,6.45,1938440,0.0,1.0
2002-12-09,6.475,6.5,6.4,6.455,1465332,0.0,1.0
2002-12-10,6.485,6.485,6.35,6.39,1141720,0.0,1.0
2002-12-11,6.375,6.375,6.25,6.32,745600,0.0,1.0
2002-12-12,6.32,6.4,6.25,6.335,2644800,0.0,1.0
2002-12-13,6.315,6.37,6.31,6.37,1637424,0.0,1.0
2002-12-16,6.37,6.5,6.3,6.425,1227452,0.0,1.0
2002-12-17,6.425,6.55,6.375,6.52,2534946,0.0,1.0
2002-12-18,6.52,6.585,6.48,6.54,2125776,0.0,1.0
2002-12-19,6.525,6.55,6.45,6.49,1305952,0.0,1.0
2002-12-20,6.475,6.565,6.47,6.53,1390960,0.0,1.0
2002-12-23,6.53,6.58,6.475,6.52,1789816,0.0,1.0
2002-12-24,6.52,6.535,6.455,6.51,798000,0.0,1.0
2002-12-25,6.51,6.535,6.475,6.5,1728800,0.0,1.0
2002-12-26,6.5,6.55,6.45,6.505,2458398,0.0,1.0
2002-12-27,6.505,6.675,6.45,6.665,1903796,0.0,1.0
2002-12-30,6.665,6.675,6.6,6.65,1552194,0.0,1.0
2002-12-31,6.65,6.66,6.53,6.57,727200,0.0,1.0
2003-01-01,6.65,6.66,6.53,6.57,0,0.0,1.0
2003-01-02,6.565,6.57,6.445,6.47,1161400,0.0,1.0
2003-01-03,6.44,6.47,6.36,6.395,645400,0.0,1.0
2003-01-06,6.4,6.52,6.325,6.515,3837336,0.0,1.0
2003-01-07,6.5,6.585,6.45,6.515,3101800,0.0,1.0
2003-01-08,6.515,6.615,6.45,6.605,2348520,0.0,1.0
2003-01-09,6.61,6.7,6.52,6.63,1550514,0.0,1.0
2003-01-10,6.63,6.65,6.545,6.57,1157600,0.0,1.0
2003-01-13,6.55,6.56,6.49,6.535,981470,0.0,1.0
2003-01-14,6.535,6.805,6.535,6.765,3760660,0.0,1.0
2003-01-15,6.78,6.855,6.65,6.7,2191560,0.0,1.0
2003-01-16,6.69,6.78,6.675,6.74,1606920,0.0,1.0
2003-01-17,6.75,6.9,6.655,6.78,1964000,0.0,1.0
2003-01-20,6.775,6.85,6.735,6.845,1914168,0.0,1.0
2003-01-21,6.845,6.93,6.8,6.85,2613200,0.0,1.0
2003-01-22,6.85,6.85,6.72,6.78,1211280,0.0,1.0
2003-01-23,6.78,6.78,6.72,6.75,729000,0.0,1.0
2003-01-24,6.74,6.805,6.7,6.79,1497080,0.0,1.0
2003-01-27,6.79,6.9,6.79,6.86,2095526,0.0,1.0
2003-01-28,6.89,6.9,6.825,6.865,1489430,0.0,1.0
2003-01-29,6.865,6.895,6.84,6.875,1539268,0.0,1.0
2003-01-30,6.865,6.895,6.84,6.875,0,0.0,1.0
2003-01-31,6.865,6.895,6.84,6.875,0,0.0,1.0
2003-02-03,6.865,6.895,6.84,6.875,0,0.0,1.0
2003-02-04,6.865,6.895,6.84,6.875,0,0.0,1.0
2003-02-05,6.865,6.895,6.84,6.875,0,0.0,1.0
2003-02-06,6.865,6.895,6.84,6.875,0,0.0,1.0
2003-02-07,6.865,6.895,6.84,6.875,0,0.0,1.0
2003-02-10,6.865,6.87,6.785,6.85,1028652,0.0,1.0
2003-02-11,6.84,6.865,6.74,6.865,1103862,0.0,1.0
2003-02-12,6.845,6.9,6.735,6.9,1738304,0.0,1.0
2003-02-13,6.825,6.88,6.75,6.83,1671600,0.0,1.0
2003-02-14,6.825,6.88,6.79,6.815,1105920,0.0,1.0
2003-02-17,6.815,6.865,6.75,6.77,1017610,0.0,1.0
2003-02-18,6.77,6.8,6.7,6.78,905814,0.0,1.0
2003-02-19,6.78,6.895,6.75,6.875,1799240,0.0,1.0
2003-02-20,6.875,6.915,6.825,6.875,1949280,0.0,1.0
2003-02-21,6.875,6.9,6.76,6.8,1292080,0.0,1.0
2003-02-24,6.8,6.85,6.79,6.805,1160200,0.0,1.0
2003-02-25,6.805,6.955,6.805,6.91,3418880,0.0,1.0
2003-02-26,6.895,6.925,6.8,6.895,1010024,0.0,1.0
2003-02-27,6.895,6.92,6.85,6.88,1101000,0.0,1.0
2003-02-28,6.88,6.9,6.85,6.875,1202000,0.0,1.0
2003-03-03,6.875,6.95,6.83,6.9,1387136,0.0,1.0
2003-03-04,6.9,6.94,6.875,6.92,2049000,0.0,1.0
2003-03-05,6.925,6.975,6.875,6.95,3299256,0.0,1.0
2003-03-06,6.94,6.96,6.85,6.9,1275400,0.0,1.0
2003-03-07,6.88,6.89,6.725,6.81,766084,0.0,1.0
2003-03-10,6.79,6.825,6.625,6.63,666400,0.0,1.0
2003-03-11,6.63,6.72,6.59,6.71,1511000,0.0,1.0
2003-03-12,6.695,6.75,6.65,6.735,1655400,0.0,1.0
2003-03-13,6.735,6.755,6.675,6.74,2067870,0.0,1.0
2003-03-14,6.74,6.8,6.715,6.75,1869400,0.0,1.0
2003-03-17,6.75,6.78,6.685,6.725,918820,0.0,1.0
2003-03-18,6.725,6.805,6.715,6.77,1911480,0.0,1.0
2003-03-19,6.77,6.825,6.705,6.82,2751260,0.0,1.0
2003-03-20,6.81,6.825,6.75,6.79,1870920,0.0,1.0
2003-03-21,6.79,6.82,6.77,6.805,2013350,0.0,1.0
2003-03-24,6.8,6.83,6.75,6.79,1628000,0.0,1.0
2003-03-25,6.79,6.81,6.745,6.775,1005600,0.0,1.0
2003-03-26,6.75,6.78,6.7,6.725,599400,0.0,1.0
2003-03-27,6.725,6.8,6.65,6.79,1668836,0.0,1.0
2003-03-28,6.79,6.79,6.725,6.755,677800,0.0,1.0
2003-03-31,6.755,6.78,6.7,6.715,620200,0.0,1.0
2003-04-01,6.715,6.78,6.68,6.705,1225840,0.0,1.0
2003-04-02,6.715,6.75,6.635,6.665,966000,0.0,1.0
2003-04-03,6.65,6.655,6.56,6.605,760338,0.0,1.0
2003-04-04,6.6,6.725,6.59,6.71,1310450,0.0,1.0
2003-04-07,6.675,6.69,6.6,6.62,655120,0.0,1.0
2003-04-08,6.62,6.715,6.61,6.685,1346600,0.0,1.0
2003-04-09,6.66,6.74,6.59,6.74,2097320,0.0,1.0
2003-04-10,6.74,6.74,6.625,6.67,902618,0.0,1.0
2003-04-11,6.67,6.67,6.59,6.615,8e+05,0.0,1.0
2003-04-14,6.615,6.615,6.5,6.61,1498042,0.0,1.0
2003-04-15,6.595,6.65,6.57,6.62,1407144,0.0,1.0
2003-04-16,6.62,6.64,6.525,6.535,1634208,0.0,1.0
2003-04-17,6.535,6.6,6.53,6.575,1690200,0.0,1.0
2003-04-18,6.575,6.6,6.52,6.55,1733480,0.0,1.0
2003-04-21,6.54,6.605,6.525,6.575,1291880,0.0,1.0
2003-04-22,6.575,6.62,6.54,6.605,1757220,0.0,1.0
2003-04-23,6.605,6.605,6.52,6.545,745212,0.0,1.0
2003-04-24,6.53,6.555,6.44,6.45,1090200,0.0,1.0
2003-04-25,6.45,6.475,6.375,6.425,717200,0.0,1.0
2003-04-28,6.425,6.46,6.39,6.43,2116522,0.0,1.0
2003-04-29,6.43,6.43,6.31,6.33,1528400,0.0,1.0
2003-04-30,6.34,6.475,6.33,6.47,1902020,0.0,1.0
2003-05-01,6.34,6.475,6.33,6.47,0,0.0,1.0
2003-05-02,6.34,6.475,6.33,6.47,0,0.0,1.0
2003-05-05,6.34,6.475,6.33,6.47,0,0.0,1.0
2003-05-06,6.34,6.475,6.33,6.47,0,0.0,1.0
2003-05-07,6.34,6.475,6.33,6.47,0,0.0,1.0
2003-05-08,6.34,6.475,6.33,6.47,0,0.0,1.0
2003-05-09,6.34,6.475,6.33,6.47,0,0.0,1.0
2003-05-12,6.475,6.525,6.42,6.495,1994300,0.0,1.0
2003-05-13,6.495,6.53,6.355,6.4,1449600,0.0,1.0
2003-05-14,6.4,6.455,6.375,6.44,1956200,0.0,1.0
2003-05-15,6.44,6.55,6.4,6.515,2328046,0.0,1.0
2003-05-16,6.51,6.515,6.41,6.44,1048834,0.0,1.0
2003-05-19,6.44,6.45,6.32,6.365,902866,0.0,1.0
2003-05-20,6.365,6.365,6.205,6.23,707680,0.0,1.0
2003-05-21,6.23,6.265,6.1,6.205,803528,0.0,1.0
2003-05-22,6.205,6.32,6.185,6.3,1779400,0.0,1.0
2003-05-23,6.3,6.3,6.21,6.245,1108562,0.0,1.0
2003-05-26,6.245,6.245,6.115,6.19,891364,0.0,1.0
2003-05-27,6.19,6.265,6.165,6.205,1138960,0.0,1.0
2003-05-28,6.205,6.24,6.175,6.195,945600,0.0,1.0
2003-05-29,6.195,6.24,6.15,6.22,1094624,0.0,1.0
2003-05-30,6.22,6.23,6.16,6.21,950160,0.0,1.0
2003-06-02,6.21,6.225,6.17,6.2,1042680,0.0,1.0
2003-06-03,6.2,6.225,6.145,6.17,835316,0.0,1.0
2003-06-04,6.16,6.19,6.15,6.175,870126,0.0,1.0
2003-06-05,6.175,6.175,6.025,6.095,749700,0.0,1.0
2003-06-06,6.075,6.115,6.045,6.085,1150464,0.0,1.0
2003-06-09,6.085,6.13,6.04,6.075,895000,0.0,1.0
2003-06-10,6.075,6.12,6.045,6.1,1002434,0.0,1.0
2003-06-11,6.1,6.17,6.08,6.15,1535046,0.0,1.0
2003-06-12,6.15,6.19,6.125,6.175,1281288,0.0,1.0
2003-06-13,6.15,6.2,6.15,6.175,1581600,0.0,1.0
2003-06-16,6.175,6.2,6.135,6.165,1082720,0.0,1.0
2003-06-17,6.165,6.225,6.125,6.18,2012070,0.0,1.0
2003-06-18,6.18,6.18,6.18,6.18,0,0.0,1.0
2003-06-19,6.18,6.205,6.1,6.145,1391200,0.0,1.0
2003-06-20,6.145,6.155,6.105,6.125,1324400,0.0,1.0
2003-06-23,6.095,6.095,6.055,6.07,1037400,0.0,1.0
2003-06-24,6.07,6.1,6.03,6.07,1169280,0.0,1.0
2003-06-25,6.07,6.1,6.055,6.085,1549200,0.0,1.0
2003-06-26,6.085,6.15,6.03,6.125,1528424,0.0,1.0
2003-06-27,6.125,6.135,6.075,6.115,1321800,0.0,1.0
2003-06-30,6.115,6.115,6.06,6.09,1106928,0.0,1.0
2003-07-01,6.085,6.13,6.075,6.1,1148760,0.0,1.0
2003-07-02,6.09,6.12,6.055,6.105,1372004,0.0,1.0
2003-07-03,6.105,6.125,6.045,6.065,1255998,0.0,1.0
2003-07-04,6.065,6.105,6.05,6.09,1311962,0.0,1.0
2003-07-07,6.09,6.11,6.065,6.085,930520,0.0,1.0
2003-07-08,6.085,6.11,6.065,6.1,1143600,0.0,1.0
2003-07-09,6.1,6.11,6.065,6.09,1121200,0.0,1.0
2003-07-10,6.09,6.17,6.07,6.14,2267212,0.0,1.0
2003-07-11,6.14,6.145,6.1,6.115,1150200,0.0,1.0
2003-07-14,6.115,6.13,6.075,6.1,1956800,0.0,1.0
2003-07-15,6.1,6.1,6.07,6.08,905200,0.0,1.0
2003-07-16,6.08,6.135,6.065,6.08,1095288,0.0,1.0
2003-07-17,6.08,6.105,6.05,6.06,1528800,0.0,1.0
2003-07-18,6.06,6.09,6.05,6.06,1424200,0.0,1.0
2003-07-21,6.06,6.11,6.05,6.08,1506400,0.0,1.0
2003-07-22,6.08,6.14,6.075,6.135,2088720,0.0,1.0
2003-07-23,6.135,6.155,6.1,6.135,1934604,0.0,1.0
2003-07-24,6.135,6.18,6.11,6.17,2329564,0.0,1.0
2003-07-25,6.17,6.2,6.11,6.13,1688400,0.0,1.0
2003-07-28,6.13,6.13,6.07,6.085,1559840,0.0,1.0
2003-07-29,6.085,6.18,6.085,6.18,2613256,0.0,1.0
2003-07-30,6.18,6.25,6.15,6.19,2941400,0.0,1.0
2003-07-31,6.19,6.215,6.145,6.175,1720200,0.0,1.0
2003-08-01,6.175,6.205,6.135,6.165,1566600,0.0,1.0
2003-08-04,6.115,6.155,6.1,6.125,1945322,0.09432,1.0
2003-08-05,6.125,6.16,6.075,6.11,1664000,0.0,1.0
2003-08-06,6.11,6.135,6.075,6.1,1542626,0.0,1.0
2003-08-07,6.1,6.125,6.05,6.095,1864000,0.0,1.0
2003-08-08,6.095,6.115,6.07,6.09,1607920,0.0,1.0
2003-08-11,6.09,6.13,6.075,6.11,1750200,0.0,1.0
2003-08-12,6.11,6.17,6.1,6.16,2468800,0.0,1.0
2003-08-13,6.16,6.2,6.115,6.145,2129200,0.0,1.0
2003-08-14,6.145,6.17,6.11,6.125,2043730,0.0,1.0
2003-08-15,6.125,6.15,6.105,6.115,1646600,0.0,1.0
2003-08-18,6.1,6.175,6.1,6.15,2003466,0.0,1.0
2003-08-19,6.15,6.195,6.125,6.18,2839656,0.0,1.0
2003-08-20,6.185,6.255,6.16,6.215,2716200,0.0,1.0
2003-08-21,6.215,6.23,6.16,6.2,2217800,0.0,1.0
2003-08-22,6.2,6.235,6.17,6.19,2173400,0.0,1.0
2003-08-25,6.19,6.2,6.125,6.14,1409600,0.0,1.0
2003-08-26,6.13,6.215,6.11,6.205,2480398,0.0,1.0
2003-08-27,6.205,6.225,6.16,6.17,1916600,0.0,1.0
2003-08-28,6.17,6.195,6.145,6.16,1684000,0.0,1.0
2003-08-29,6.16,6.165,6.115,6.15,1590400,0.0,1.0
2003-09-01,6.15,6.215,6.15,6.2,1714200,0.0,1.0
2003-09-02,6.2,6.24,6.17,6.19,1458600,0.0,1.0
2003-09-03,6.19,6.3,6.175,6.27,3188824,0.0,1.0
2003-09-04,6.27,6.35,6.25,6.285,2579600,0.0,1.0
2003-09-05,6.285,6.3,6.24,6.26,1491236,0.0,1.0
2003-09-08,6.26,6.26,6.21,6.225,1258040,0.0,1.0
2003-09-09,6.215,6.275,6.2,6.275,1947234,0.0,1.0
2003-09-10,6.26,6.315,6.25,6.285,1951800,0.0,1.0
2003-09-11,6.275,6.32,6.265,6.305,1879800,0.0,1.0
2003-09-12,6.305,6.31,6.245,6.26,1415200,0.0,1.0
2003-09-15,6.26,6.29,6.215,6.225,1434200,0.0,1.0
2003-09-16,6.225,6.24,6.18,6.21,1259792,0.0,1.0
2003-09-17,6.21,6.275,6.195,6.245,1779800,0.0,1.0
2003-09-18,6.245,6.265,6.16,6.2,1125000,0.0,1.0
2003-09-19,6.2,6.24,6.1,6.155,1125600,0.0,1.0
2003-09-22,6.155,6.205,6.12,6.155,1471400,0.0,1.0
2003-09-23,6.155,6.2,6.125,6.17,1589600,0.0,1.0
2003-09-24,6.17,6.235,6.15,6.175,1617020,0.0,1.0
2003-09-25,6.175,6.2,6.15,6.165,1303648,0.0,1.0
2003-09-26,6.165,6.2,6.14,6.155,1225200,0.0,1.0
2003-09-29,6.155,6.155,6.09,6.115,878200,0.0,1.0
2003-09-30,6.1,6.15,6.08,6.14,1346280,0.0,1.0
2003-10-01,6.1,6.15,6.08,6.14,0,0.0,1.0
2003-10-02,6.1,6.15,6.08,6.14,0,0.0,1.0
2003-10-03,6.1,6.15,6.08,6.14,0,0.0,1.0
2003-10-06,6.1,6.15,6.08,6.14,0,0.0,1.0
2003-10-07,6.1,6.15,6.08,6.14,0,0.0,1.0
2003-10-08,6.125,6.18,6.11,6.175,1471456,0.0,1.0
2003-10-09,6.175,6.21,6.14,6.15,1216912,0.0,1.0
2003-10-10,6.15,6.23,6.125,6.21,1820872,0.0,1.0
2003-10-13,6.21,6.235,6.18,6.2,1545600,0.0,1.0
2003-10-14,6.2,6.24,6.155,6.19,1325958,0.0,1.0
2003-10-15,6.19,6.25,6.165,6.195,1454440,0.0,1.0
2003-10-16,6.195,6.225,6.175,6.185,1418600,0.0,1.0
2003-10-17,6.185,6.205,6.16,6.175,1233000,0.0,1.0
2003-10-20,6.175,6.235,6.165,6.185,1745400,0.0,1.0
2003-10-21,6.185,6.24,6.175,6.205,1904800,0.0,1.0
2003-10-22,6.205,6.255,6.19,6.225,1911700,0.0,1.0
2003-10-23,6.225,6.455,6.225,6.32,3875624,0.0,1.0
2003-10-24,6.325,6.375,6.26,6.285,1574800,0.0,1.0
2003-10-27,6.285,6.3,6.22,6.26,1368676,0.0,1.0
2003-10-28,6.26,6.275,6.205,6.24,1522838,0.0,1.0
2003-10-29,6.24,6.29,6.2,6.21,1607200,0.0,1.0
2003-10-30,6.21,6.265,6.185,6.2,1755000,0.0,1.0
2003-10-31,6.2,6.27,6.195,6.25,3295800,0.0,1.0
2003-11-03,6.25,6.28,6.22,6.24,1950248,0.0,1.0
2003-11-04,6.24,6.3,6.225,6.25,2497646,0.0,1.0
2003-11-05,6.25,6.285,6.23,6.275,2107672,0.0,1.0
2003-11-06,6.275,6.315,6.215,6.23,1439200,0.0,1.0
2003-11-07,6.23,6.26,6.18,6.2,1677800,0.0,1.0
2003-11-10,6.2,6.23,6.16,6.175,1218400,0.0,1.0
2003-11-11,6.175,6.235,6.16,6.19,1946040,0.0,1.0
2003-11-12,6.19,6.2,6.135,6.145,1006800,0.0,1.0
2003-11-13,6.145,6.2,6.145,6.165,3278720,0.0,1.0
2003-11-14,6.165,6.215,6.14,6.195,3652552,0.0,1.0
2003-11-17,6.175,6.21,6.15,6.2,3186200,0.0,1.0
2003-11-18,6.2,6.21,6.17,6.19,2178800,0.0,1.0
2003-11-19,6.175,6.23,6.175,6.22,3325936,0.0,1.0
2003-11-20,6.2,6.325,6.19,6.305,3778680,0.0,1.0
2003-11-21,6.31,6.35,6.25,6.265,1791400,0.0,1.0
2003-11-24,6.265,6.315,6.25,6.31,2207132,0.0,1.0
2003-11-25,6.31,6.425,6.31,6.355,2186756,0.0,1.0
2003-11-26,6.355,6.355,6.285,6.29,1548800,0.0,1.0
2003-11-27,6.29,6.315,6.235,6.24,1357800,0.0,1.0
2003-11-28,6.19,6.3,6.185,6.23,2039600,0.0,1.0
2003-12-01,6.23,6.315,6.23,6.295,3409000,0.0,1.0
2003-12-02,6.295,6.4,6.275,6.36,3428854,0.0,1.0
2003-12-03,6.36,6.4,6.275,6.395,3289438,0.0,1.0
2003-12-04,6.4,6.425,6.35,6.375,2445622,0.0,1.0
2003-12-05,6.375,6.435,6.335,6.365,1871042,0.0,1.0
2003-12-08,6.365,6.39,6.32,6.35,1461834,0.0,1.0
2003-12-09,6.34,6.405,6.325,6.395,2056206,0.0,1.0
2003-12-10,6.395,6.44,6.36,6.395,1660400,0.0,1.0
2003-12-11,6.395,6.425,6.37,6.38,1613800,0.0,1.0
2003-12-12,6.375,6.45,6.36,6.425,1867400,0.0,1.0
2003-12-15,6.44,6.475,6.4,6.425,1899320,0.0,1.0
2003-12-16,6.425,6.43,6.35,6.395,1694204,0.0,1.0
2003-12-17,6.395,6.43,6.36,6.385,1637802,0.0,1.0
2003-12-18,6.375,6.445,6.34,6.4,1790800,0.0,1.0
2003-12-19,6.395,6.45,6.325,6.355,1350600,0.0,1.0
2003-12-22,6.355,6.45,6.34,6.41,1981200,0.0,1.0
2003-12-23,6.41,6.425,6.37,6.4,1535000,0.0,1.0
2003-12-24,6.4,6.4,6.32,6.34,1254600,0.0,1.0
2003-12-25,6.34,6.425,6.33,6.415,1689000,0.0,1.0
2003-12-26,6.41,6.435,6.365,6.39,1349000,0.0,1.0
2003-12-29,6.39,6.415,6.365,6.385,1235000,0.0,1.0
2003-12-30,6.375,6.415,6.365,6.395,1461188,0.0,1.0
2003-12-31,6.395,6.42,6.375,6.4,5592240,0.0,1.0
2004-01-01,6.395,6.42,6.375,6.4,0,0.0,1.0
2004-01-02,6.4,6.42,6.335,6.37,1087000,0.0,1.0
2004-01-05,6.37,6.41,6.28,6.37,5564134,0.0,1.0
2004-01-06,6.37,6.415,6.305,6.345,1193200,0.0,1.0
2004-01-07,6.345,6.35,6.26,6.28,1316000,0.0,1.0
2004-01-08,6.28,6.325,6.205,6.25,1144996,0.0,1.0
2004-01-09,6.25,6.285,6.16,6.215,1434200,0.0,1.0
2004-01-12,6.2,6.24,6.17,6.23,1811938,0.0,1.0
2004-01-13,6.23,6.275,6.225,6.25,1385400,0.0,1.0
2004-01-14,6.25,6.265,6.215,6.235,1288088,0.0,1.0
2004-01-15,6.235,6.245,6.175,6.225,1756058,0.0,1.0
2004-01-16,6.225,6.24,6.185,6.205,1098960,0.0,1.0
2004-01-19,6.225,6.24,6.185,6.205,0,0.0,1.0
2004-01-20,6.225,6.24,6.185,6.205,0,0.0,1.0
2004-01-21,6.225,6.24,6.185,6.205,0,0.0,1.0
2004-01-22,6.225,6.24,6.185,6.205,0,0.0,1.0
2004-01-23,6.225,6.24,6.185,6.205,0,0.0,1.0
2004-01-26,6.225,6.24,6.185,6.205,0,0.0,1.0
2004-01-27,6.225,6.24,6.185,6.205,0,0.0,1.0
2004-01-28,6.225,6.24,6.185,6.205,0,0.0,1.0
2004-01-29,6.2,6.25,6.16,6.25,2772450,0.0,1.0
2004-01-30,6.235,6.3,6.235,6.26,4107800,0.0,1.0
2004-02-02,6.26,6.33,6.24,6.33,2207102,0.0,1.0
2004-02-03,6.33,6.35,6.285,6.315,1709400,0.0,1.0
2004-02-04,6.31,6.405,6.31,6.345,2522800,0.0,1.0
2004-02-05,6.345,6.44,6.325,6.44,4567856,0.0,1.0
2004-02-06,6.45,6.48,6.4,6.4,3442680,0.0,1.0
2004-02-09,6.4,6.465,6.315,6.34,2319012,0.0,1.0
2004-02-10,6.34,6.38,6.25,6.3,1763200,0.0,1.0
2004-02-11,6.3,6.34,6.26,6.32,1832876,0.0,1.0
2004-02-12,6.32,6.365,6.29,6.33,1907740,0.0,1.0
2004-02-13,6.33,6.34,6.225,6.265,1471000,0.0,1.0
2004-02-16,6.265,6.3,6.215,6.28,1710904,0.0,1.0
2004-02-17,6.28,6.375,6.275,6.37,2254940,0.0,1.0
2004-02-18,6.39,6.435,6.335,6.375,1583800,0.0,1.0
2004-02-19,6.375,6.44,6.32,6.335,1552000,0.0,1.0
2004-02-20,6.335,6.42,6.325,6.41,2602192,0.0,1.0
2004-02-23,6.41,6.45,6.335,6.36,1292600,0.0,1.0
2004-02-24,6.35,6.385,6.225,6.275,986000,0.0,1.0
2004-02-25,6.275,6.325,6.205,6.225,1195400,0.0,1.0
2004-02-26,6.225,6.3,6.21,6.245,1638760,0.0,1.0
2004-02-27,6.245,6.3,6.225,6.25,1555600,0.0,1.0
2004-03-01,6.25,6.26,6.225,6.25,1323932,0.0,1.0
2004-03-02,6.25,6.29,6.23,6.245,1308644,0.0,1.0
2004-03-03,6.245,6.365,6.2,6.205,2152680,0.0,1.0
2004-03-04,6.205,6.275,6.185,6.265,1395040,0.0,1.0
2004-03-05,6.24,6.315,6.23,6.26,2081600,0.0,1.0
2004-03-08,6.26,6.29,6.2,6.22,1385000,0.0,1.0
2004-03-09,6.22,6.24,6.175,6.195,961000,0.0,1.0
2004-03-10,6.19,6.305,6.08,6.195,3280028,0.0,1.0
2004-03-11,6.16,6.17,6.1,6.15,881400,0.0,1.0
2004-03-12,6.145,6.175,6.1,6.16,1322560,0.0,1.0
2004-03-15,6.14,6.2,6.14,6.2,1680968,0.0,1.0
2004-03-16,6.19,6.25,6.18,6.215,1702320,0.0,1.0
2004-03-17,6.215,6.23,6.145,6.18,1815190,0.0,1.0
2004-03-18,6.18,6.21,6.14,6.18,3961400,0.0,1.0
2004-03-19,6.16,6.21,6.14,6.21,2362216,0.0,1.0
2004-03-22,6.21,6.225,6.175,6.21,2350600,0.0,1.0
2004-03-23,6.21,6.215,6.15,6.175,1290600,0.0,1.0
2004-03-24,6.175,6.2,6.155,6.165,1288200,0.0,1.0
2004-03-25,6.165,6.19,6.11,6.16,1647508,0.0,1.0
2004-03-26,6.16,6.2,6.135,6.175,1778560,0.0,1.0
2004-03-29,6.175,6.175,6.075,6.135,1310080,0.0,1.0
2004-03-30,6.135,6.135,6.065,6.13,1036000,0.0,1.0
2004-03-31,6.11,6.17,6.1,6.165,1714448,0.0,1.0
2004-04-01,6.135,6.2,6.13,6.19,1571360,0.0,1.0
2004-04-02,6.2,6.27,6.18,6.225,1866412,0.0,1.0
2004-04-05,6.23,6.23,6.19,6.205,1438200,0.0,1.0
2004-04-06,6.2,6.23,6.16,6.17,1131520,0.0,1.0
2004-04-07,6.17,6.185,6.1,6.15,1173668,0.0,1.0
2004-04-08,6.15,6.235,6.14,6.195,1557954,0.0,1.0
2004-04-09,6.18,6.255,6.175,6.22,2260600,0.0,1.0
2004-04-12,6.22,6.305,6.14,6.285,2968948,0.0,1.0
2004-04-13,6.25,6.325,6.2,6.315,3726742,0.0,1.0
2004-04-14,6.32,6.36,6.245,6.28,2880336,0.0,1.0
2004-04-15,6.26,6.32,6.235,6.265,3003800,0.0,1.0
2004-04-16,6.265,6.325,6.24,6.295,2990132,0.0,1.0
2004-04-19,6.295,6.425,6.28,6.415,5652196,0.0,1.0
2004-04-20,6.39,6.425,6.35,6.39,3866200,0.0,1.0
2004-04-21,6.39,6.51,6.38,6.5,7322744,0.0,1.0
2004-04-22,6.47,6.525,6.42,6.525,5274656,0.0,1.0
2004-04-23,6.525,6.525,6.365,6.395,1991200,0.0,1.0
2004-04-26,6.35,6.4,6.335,6.37,2055600,0.0,1.0
2004-04-27,6.37,6.42,6.275,6.365,2251400,0.0,1.0
2004-04-28,6.34,6.365,6.25,6.305,1714600,0.0,1.0
2004-04-29,6.3,6.31,6.2,6.28,1674376,0.0,1.0
2004-04-30,6.25,6.325,6.24,6.28,2371400,0.0,1.0
2004-05-03,6.25,6.325,6.24,6.28,0,0.0,1.0
2004-05-04,6.25,6.325,6.24,6.28,0,0.0,1.0
2004-05-05,6.25,6.325,6.24,6.28,0,0.0,1.0
2004-05-06,6.25,6.325,6.24,6.28,0,0.0,1.0
2004-05-07,6.25,6.325,6.24,6.28,0,0.0,1.0
2004-05-10,6.28,6.315,6.225,6.255,1653200,0.0,1.0
2004-05-11,6.245,6.325,6.235,6.325,2463246,0.0,1.0
2004-05-12,6.3,6.35,6.275,6.325,2073640,0.0,1.0
2004-05-13,6.325,6.36,6.275,6.31,1844040,0.0,1.0
2004-05-14,6.31,6.385,6.3,6.345,2518000,0.0,1.0
2004-05-17,6.345,6.39,6.31,6.33,1863000,0.0,1.0
2004-05-18,6.33,6.375,6.31,6.35,1949600,0.0,1.0
2004-05-19,6.35,6.5,6.35,6.45,3861652,0.0,1.0
2004-05-20,6.44,6.44,6.375,6.4,1801000,0.0,1.0
2004-05-21,6.4,6.475,6.39,6.435,2479472,0.0,1.0
2004-05-24,6.425,6.45,6.37,6.41,1744200,0.0,1.0
2004-05-25,6.4,6.435,6.375,6.39,3343400,0.0,1.0
2004-05-26,6.375,6.385,6.3,6.35,1700416,0.0,1.0
2004-05-27,6.35,6.4,6.325,6.39,2422000,0.0,1.0
2004-05-28,6.39,6.415,6.33,6.35,1670200,0.0,1.0
2004-05-31,6.35,6.35,6.25,6.32,2076400,0.0,1.0
2004-06-01,6.32,6.345,6.265,6.32,1728194,0.0,1.0
2004-06-02,6.31,6.31,6.24,6.265,1527108,0.0,1.0
2004-06-03,6.265,6.28,6.235,6.25,1486400,0.0,1.0
2004-06-04,6.25,6.29,6.23,6.29,2253400,0.0,1.0
2004-06-07,6.275,6.29,6.235,6.265,1319446,0.0,1.0
2004-06-08,6.265,6.29,6.24,6.26,1757766,0.0,1.0
2004-06-09,6.26,6.26,6.26,6.26,0,0.0,1.0
2004-06-10,6.25,6.265,6.2,6.215,1709400,0.0,1.0
2004-06-11,6.215,6.25,6.21,6.25,1782400,0.0,1.0
2004-06-14,6.225,6.25,6.185,6.225,1153440,0.0,1.0
2004-06-15,6.225,6.26,6.195,6.245,1600800,0.0,1.0
2004-06-16,6.245,6.265,6.2,6.24,1429832,0.0,1.0
2004-06-17,6.24,6.255,6.195,6.22,1334700,0.0,1.0
2004-06-18,6.2,6.25,6.19,6.22,1582800,0.0,1.0
2004-06-21,6.2,6.235,6.185,6.22,1391400,0.0,1.0
2004-06-22,6.22,6.225,6.19,6.2,1443800,0.0,1.0
2004-06-23,6.19,6.205,6.065,6.125,1366200,0.0,1.0
2004-06-24,6.105,6.11,6.055,6.08,1084000,0.0,1.0
2004-06-25,6.08,6.11,6.06,6.08,1244800,0.0,1.0
2004-06-28,6.08,6.125,6.065,6.095,1630960,0.0,1.0
2004-06-29,6.095,6.135,6.075,6.12,1458400,0.0,1.0
2004-06-30,6.12,6.12,6.065,6.07,831600,0.0,1.0
2004-07-01,6.07,6.115,6.065,6.105,1536776,0.0,1.0
2004-07-02,6.105,6.125,6.085,6.1,1336600,0.0,1.0
2004-07-05,6.1,6.135,6.085,6.115,1443320,0.0,1.0
2004-07-06,6.115,6.15,6.095,6.125,1438520,0.0,1.0
2004-07-07,6.125,6.14,6.09,6.11,1330800,0.0,1.0
2004-07-08,6.11,6.135,6.09,6.12,1586800,0.0,1.0
2004-07-09,6.12,6.125,6.075,6.095,1287200,0.0,1.0
2004-07-12,6.095,6.1,6.065,6.08,1244600,0.0,1.0
2004-07-13,6.08,6.12,6.065,6.075,1236200,0.0,1.0
2004-07-14,6.075,6.105,6.065,6.075,1286208,0.0,1.0
2004-07-15,6.075,6.09,6.05,6.08,1284040,0.0,1.0
2004-07-16,6.08,6.105,6.065,6.09,1488200,0.0,1.0
2004-07-19,6.09,6.11,6.075,6.08,1489800,0.0,1.0
2004-07-20,6.08,6.1,6.055,6.06,1115600,0.0,1.0
2004-07-21,6.06,6.09,6.05,6.06,1428600,0.0,1.0
2004-07-22,6.06,6.095,6.05,6.055,1229200,0.0,1.0
2004-07-23,6.055,6.075,6.05,6.07,1375800,0.0,1.0
2004-07-26,6.07,6.08,6.045,6.05,1252600,0.0,1.0
2004-07-27,6.05,6.065,6.04,6.04,1044800,0.0,1.0
2004-07-28,6.04,6.05,6.03,6.04,1178600,0.0,1.0
2004-07-29,5.975,6.025,5.965,6.015,1781438,0.09564,1.0
2004-07-30,6.025,6.025,5.96,5.97,1228720,0.0,1.0
2004-08-02,5.97,5.97,5.915,5.925,1396724,0.0,1.0
2004-08-03,5.925,5.95,5.9,5.935,1451800,0.0,1.0
2004-08-04,5.935,5.96,5.915,5.935,2062600,0.0,1.0
2004-08-05,5.935,5.98,5.925,5.965,2853280,0.0,1.0
2004-08-06,5.965,5.995,5.95,5.98,2765400,0.0,1.0
2004-08-09,5.98,5.985,5.935,5.945,1766600,0.0,1.0
2004-08-10,5.945,5.995,5.925,5.97,1942000,0.0,1.0
2004-08-11,5.97,6,5.935,5.945,1525236,0.0,1.0
2004-08-12,5.945,5.965,5.895,5.91,1524320,0.0,1.0
2004-08-13,5.9,5.955,5.9,5.93,1927400,0.0,1.0
2004-08-16,5.93,5.97,5.915,5.955,1649800,0.0,1.0
2004-08-17,5.955,5.985,5.935,5.96,1661800,0.0,1.0
2004-08-18,5.96,5.965,5.92,5.93,1291322,0.0,1.0
2004-08-19,5.93,5.95,5.905,5.925,1752072,0.0,1.0
2004-08-20,5.925,5.95,5.875,5.88,1471400,0.0,1.0
2004-08-23,5.88,5.895,5.8,5.825,1403402,0.0,1.0
2004-08-24,5.825,5.855,5.75,5.765,1419400,0.0,1.0
2004-08-25,5.765,5.8,5.69,5.795,3021946,0.0,1.0
2004-08-26,5.775,5.84,5.75,5.82,2682600,0.0,1.0
2004-08-27,5.8,5.855,5.77,5.78,2463000,0.0,1.0
2004-08-30,5.78,5.8,5.735,5.795,2508800,0.0,1.0
2004-08-31,5.795,5.84,5.78,5.825,2699604,0.0,1.0
2004-09-01,5.825,5.85,5.79,5.81,2101916,0.0,1.0
2004-09-02,5.81,5.845,5.775,5.845,2272946,0.0,1.0
2004-09-03,5.845,5.875,5.815,5.825,2306600,0.0,1.0
2004-09-06,5.825,5.855,5.775,5.785,2213000,0.0,1.0
2004-09-07,5.785,5.83,5.77,5.825,2215200,0.0,1.0
2004-09-08,5.825,5.85,5.795,5.805,2065000,0.0,1.0
2004-09-09,5.805,5.81,5.765,5.775,1689200,0.0,1.0
2004-09-10,5.775,5.815,5.755,5.795,2316744,0.0,1.0
2004-09-13,5.795,5.815,5.77,5.78,1870800,0.0,1.0
2004-09-14,5.78,5.84,5.775,5.825,2271400,0.0,1.0
2004-09-15,5.825,6.025,5.815,6.01,4216710,0.0,1.0
2004-09-16,6.01,6.065,5.95,5.98,2222000,0.0,1.0
2004-09-17,5.98,6.025,5.935,6.02,2330716,0.0,1.0
2004-09-20,6.02,6.095,6,6.075,2539200,0.0,1.0
2004-09-21,6.09,6.11,5.95,5.965,1931600,0.0,1.0
2004-09-22,5.965,5.965,5.845,5.855,1047800,0.0,1.0
2004-09-23,5.855,6,5.8,6,2011376,0.0,1.0
2004-09-24,5.975,6.1,5.92,6.01,2843200,0.0,1.0
2004-09-27,6.01,6.06,5.95,5.975,1899800,0.0,1.0
2004-09-28,5.965,6.025,5.9,5.965,1956800,0.0,1.0
2004-09-29,5.965,6.005,5.925,5.96,2155400,0.0,1.0
2004-09-30,5.96,5.975,5.895,5.915,1105400,0.0,1.0
2004-10-01,5.96,5.975,5.895,5.915,0,0.0,1.0
2004-10-04,5.96,5.975,5.895,5.915,0,0.0,1.0
2004-10-05,5.96,5.975,5.895,5.915,0,0.0,1.0
2004-10-06,5.96,5.975,5.895,5.915,0,0.0,1.0
2004-10-07,5.96,5.975,5.895,5.915,0,0.0,1.0
2004-10-08,5.915,5.95,5.875,5.94,1250104,0.0,1.0
2004-10-11,5.94,5.975,5.895,5.95,1870640,0.0,1.0
2004-10-12,5.95,5.95,5.875,5.875,1077200,0.0,1.0
2004-10-13,5.875,5.9,5.815,5.83,1606200,0.0,1.0
2004-10-14,5.83,5.85,5.745,5.755,1119600,0.0,1.0
2004-10-15,5.755,5.785,5.7,5.705,1383000,0.0,1.0
2004-10-18,5.705,5.75,5.69,5.72,1518800,0.0,1.0
2004-10-19,5.72,5.735,5.695,5.71,1381400,0.0,1.0
2004-10-20,5.71,5.735,5.685,5.69,1221200,0.0,1.0
2004-10-21,5.69,5.715,5.665,5.675,1054400,0.0,1.0
2004-10-22,5.675,5.685,5.665,5.675,1154200,0.0,1.0
2004-10-25,5.695,5.705,5.665,5.675,1730000,0.0,1.0
2004-10-26,5.675,5.7,5.665,5.69,1327380,0.0,1.0
2004-10-27,5.68,5.68,5.635,5.645,1239400,0.0,1.0
2004-10-28,5.645,5.67,5.545,5.6,1612080,0.0,1.0
2004-10-29,5.575,5.615,5.48,5.52,1313360,0.0,1.0
2004-11-01,5.52,5.52,5.47,5.475,1627280,0.0,1.0
2004-11-02,5.475,5.475,5.25,5.325,1478560,0.0,1.0
2004-11-03,5.3,5.36,5.25,5.285,1570000,0.0,1.0
2004-11-04,5.285,5.31,5.25,5.295,1871600,0.0,1.0
2004-11-05,5.275,5.315,5.25,5.275,1335940,0.0,1.0
2004-11-08,5.275,5.305,5.25,5.295,1551400,0.0,1.0
2004-11-09,5.295,5.305,5.25,5.28,1462440,0.0,1.0
2004-11-10,5.28,5.38,5.25,5.35,1980920,0.0,1.0
2004-11-11,5.34,5.38,5.3,5.365,2259800,0.0,1.0
2004-11-12,5.35,5.37,5.295,5.3,1657800,0.0,1.0
2004-11-15,5.3,5.35,5.3,5.34,1739440,0.0,1.0
2004-11-16,5.34,5.365,5.325,5.345,1702400,0.0,1.0
2004-11-17,5.35,5.36,5.32,5.325,1857200,0.0,1.0
2004-11-18,5.325,5.34,5.3,5.31,1623800,0.0,1.0
2004-11-19,5.3,5.31,5.255,5.29,1515800,0.0,1.0
2004-11-22,5.275,5.375,5.275,5.325,2422000,0.0,1.0
2004-11-23,5.31,5.345,5.3,5.325,1804000,0.0,1.0
2004-11-24,5.315,5.335,5.275,5.285,1770400,0.0,1.0
2004-11-25,5.285,5.285,5.25,5.265,1307900,0.0,1.0
2004-11-26,5.265,5.3,5.25,5.27,1674600,0.0,1.0
2004-11-29,5.27,5.28,5.225,5.26,1737600,0.0,1.0
2004-11-30,5.26,5.275,5.05,5.215,1514064,0.0,1.0
2004-12-01,5.125,5.2,5.1,5.15,1619600,0.0,1.0
2004-12-02,5.14,5.165,5.075,5.11,1447400,0.0,1.0
2004-12-03,5.1,5.17,5.085,5.12,2120800,0.0,1.0
2004-12-06,5.11,5.15,5.095,5.11,1639800,0.0,1.0
2004-12-07,5.1,5.18,5.095,5.125,1857800,0.0,1.0
2004-12-08,5.115,5.165,5.1,5.13,1909400,0.0,1.0
2004-12-09,5.125,5.15,5.095,5.095,1817400,0.0,1.0
2004-12-10,5.095,5.125,5.065,5.075,1692320,0.0,1.0
2004-12-13,5.075,5.1,5.05,5.06,1818000,0.0,1.0
2004-12-14,5.055,5.105,5.05,5.07,1877664,0.0,1.0
2004-12-15,5.07,5.095,5.045,5.075,1683200,0.0,1.0
2004-12-16,5.075,5.165,5.075,5.135,2696000,0.0,1.0
2004-12-17,5.12,5.17,5.095,5.11,1895000,0.0,1.0
2004-12-20,5.11,5.125,5.05,5.055,1239200,0.0,1.0
2004-12-21,5.05,5.09,5.025,5.045,1398600,0.0,1.0
2004-12-22,5.045,5.11,5.04,5.075,1976598,0.0,1.0
2004-12-23,5.075,5.12,5.04,5.05,1545800,0.0,1.0
2004-12-24,5.05,5.075,5.03,5.055,1515600,0.0,1.0
2004-12-27,5.05,5.09,5,5.04,1150534,0.0,1.0
2004-12-28,5.04,5.045,5.01,5.02,1315600,0.0,1.0
2004-12-29,5.02,5.03,4.985,4.985,1027200,0.0,1.0
2004-12-30,4.985,5,4.865,4.935,1170400,0.0,1.0
2004-12-31,4.925,5.025,4.9,4.95,1576600,0.0,1.0
2005-01-03,4.925,5.025,4.9,4.95,0,0.0,1.0
2005-01-04,4.95,4.955,4.91,4.925,1307600,0.0,1.0
2005-01-05,4.925,4.965,4.915,4.94,1497600,0.0,1.0
2005-01-06,4.94,4.955,4.91,4.94,1379200,0.0,1.0
2005-01-07,4.925,4.95,4.865,4.875,1299400,0.0,1.0
2005-01-10,4.875,4.9,4.865,4.875,1343018,0.0,1.0
2005-01-11,4.875,4.91,4.865,4.9,1844600,0.0,1.0
2005-01-12,4.9,4.92,4.865,4.9,1626200,0.0,1.0
2005-01-13,4.9,4.925,4.875,4.89,2016800,0.0,1.0
2005-01-14,4.89,4.925,4.86,4.88,2032200,0.0,1.0
2005-01-17,4.88,4.9,4.86,4.88,1447000,0.0,1.0
2005-01-18,4.86,4.895,4.855,4.87,1451200,0.0,1.0
2005-01-19,4.87,4.89,4.855,4.855,1234200,0.0,1.0
2005-01-20,4.85,4.865,4.81,4.825,1365800,0.0,1.0
2005-01-21,4.825,4.845,4.8,4.835,1825000,0.0,1.0
2005-01-24,4.86,4.9,4.84,4.86,2070400,0.0,1.0
2005-01-25,4.86,5.05,4.84,4.995,5713878,0.0,1.0
2005-01-26,4.995,5.08,4.98,5.045,4574200,0.0,1.0
2005-01-27,5.045,5.085,4.87,4.97,3782000,0.0,1.0
2005-01-28,4.95,5.005,4.95,4.97,3344200,0.0,1.0
2005-01-31,4.97,4.99,4.725,4.805,1848800,0.0,1.0
2005-02-01,4.79,4.825,4.75,4.76,1725000,0.0,1.0
2005-02-02,4.76,5.03,4.76,5.025,2880800,0.0,1.0
2005-02-03,5.025,5.075,4.945,4.995,2594000,0.0,1.0
2005-02-04,4.995,5.17,4.975,5.16,3123720,0.0,1.0
2005-02-07,4.995,5.17,4.975,5.16,0,0.0,1.0
2005-02-08,4.995,5.17,4.975,5.16,0,0.0,1.0
2005-02-09,4.995,5.17,4.975,5.16,0,0.0,1.0
2005-02-10,4.995,5.17,4.975,5.16,0,0.0,1.0
2005-02-11,4.995,5.17,4.975,5.16,0,0.0,1.0
2005-02-14,4.995,5.17,4.975,5.16,0,0.0,1.0
2005-02-15,4.995,5.17,4.975,5.16,0,0.0,1.0
2005-02-16,5.17,5.205,5.13,5.18,2031000,0.0,1.0
2005-02-17,5.18,5.185,5.1,5.15,1879200,0.0,1.0
2005-02-18,5.15,5.16,5.09,5.1,1295000,0.0,1.0
2005-02-21,5.1,5.15,5.1,5.13,1818400,0.0,1.0
2005-02-22,5.13,5.25,5.1,5.205,2822400,0.0,1.0
2005-02-23,5.21,5.28,5.16,5.23,3033200,0.0,1.0
2005-02-24,5.23,5.23,5.14,5.19,1716800,0.0,1.0
2005-02-25,5.19,5.235,5.165,5.18,1964800,0.0,1.0
2005-02-28,5.15,5.17,5.045,5.12,1546800,0.0,1.0
2005-03-01,5.12,5.14,5.06,5.085,1397800,0.0,1.0
2005-03-02,5.075,5.105,5.06,5.07,1298600,0.0,1.0
2005-03-03,5.07,5.1,5.05,5.07,1588600,0.0,1.0
2005-03-04,5.05,5.125,5.05,5.12,2573808,0.0,1.0
2005-03-07,5.1,5.145,5.09,5.125,1889000,0.0,1.0
2005-03-08,5.125,5.17,5.105,5.13,2430200,0.0,1.0
2005-03-09,5.13,5.18,5.09,5.115,2150200,0.0,1.0
2005-03-10,5.115,5.135,5,5.02,1706200,0.0,1.0
2005-03-11,5.02,5.05,5,5.02,1488000,0.0,1.0
2005-03-14,5.02,5.03,4.97,4.995,1158600,0.0,1.0
2005-03-15,4.995,5,4.945,4.985,1595000,0.0,1.0
2005-03-16,4.985,5.025,4.94,5.015,2337200,0.0,1.0
2005-03-17,5,5.07,4.995,5.045,3392400,0.0,1.0
2005-03-18,5.025,5.045,5.01,5.035,1811800,0.0,1.0
2005-03-21,5.035,5.485,5.035,5.16,4311800,0.0,1.0
2005-03-22,5.16,5.165,4.8,4.865,3115600,0.0,1.0
2005-03-23,4.865,4.99,4.855,4.895,3199400,0.0,1.0
2005-03-24,4.88,4.9,4.795,4.895,2028900,0.0,1.0
2005-03-25,4.895,4.915,4.825,4.85,2082820,0.0,1.0
2005-03-28,4.825,4.825,4.68,4.74,1225600,0.0,1.0
2005-03-29,4.725,4.8,4.7,4.745,1749212,0.0,1.0
2005-03-30,4.745,4.75,4.655,4.75,1375600,0.0,1.0
2005-03-31,4.73,4.79,4.665,4.79,1473748,0.0,1.0
2005-04-01,4.79,5.025,4.72,4.92,3355700,0.0,1.0
2005-04-04,4.9,4.9,4.8,4.84,1967400,0.0,1.0
2005-04-05,4.84,4.875,4.785,4.8,1635200,0.0,1.0
2005-04-06,4.8,4.9,4.75,4.9,2137440,0.0,1.0
2005-04-07,4.875,5.025,4.84,4.925,2528000,0.0,1.0
2005-04-08,4.925,4.975,4.825,4.96,2181202,0.0,1.0
2005-04-11,4.925,4.96,4.85,4.925,2038170,0.0,1.0
2005-04-12,4.925,4.93,4.8,4.845,1792600,0.0,1.0
2005-04-13,4.825,4.98,4.825,4.915,2675200,0.0,1.0
2005-04-14,4.915,4.925,4.79,4.845,1981200,0.0,1.0
2005-04-15,4.825,4.825,4.75,4.795,1785200,0.0,1.0
2005-04-18,4.795,4.805,4.735,4.775,1635030,0.0,1.0
2005-04-19,4.76,4.8,4.74,4.785,1735800,0.0,1.0
2005-04-20,4.785,4.795,4.7,4.76,1590800,0.0,1.0
2005-04-21,4.75,4.81,4.715,4.75,1720400,0.0,1.0
2005-04-22,4.75,4.75,4.75,4.75,0,0.0,1.0
2005-04-25,4.75,4.75,4.65,4.725,1416748,0.0,1.0
2005-04-26,4.7,4.77,4.675,4.745,2035230,0.0,1.0
2005-04-27,4.745,4.77,4.695,4.715,1543400,0.0,1.0
2005-04-28,4.7,4.75,4.685,4.73,1397000,0.0,1.0
2005-04-29,4.73,4.73,4.675,4.695,1578200,0.0,1.0
2005-05-02,4.73,4.73,4.675,4.695,0,0.0,1.0
2005-05-03,4.73,4.73,4.675,4.695,0,0.0,1.0
2005-05-04,4.73,4.73,4.675,4.695,0,0.0,1.0
2005-05-05,4.73,4.73,4.675,4.695,0,0.0,1.0
2005-05-06,4.73,4.73,4.675,4.695,0,0.0,1.0
2005-05-09,4.695,4.72,4.645,4.69,1234240,0.0,1.0
2005-05-10,4.69,4.71,4.65,4.7,1706600,0.0,1.0
2005-05-11,4.7,4.755,4.655,4.7,2234600,0.0,1.0
2005-05-12,4.7,4.725,4.665,4.69,1513918,0.0,1.0
2005-05-13,4.69,4.725,4.655,4.715,1696458,0.0,1.0
2005-05-16,4.715,4.72,4.675,4.7,1555000,0.0,1.0
2005-05-17,4.7,4.72,4.65,4.7,1808800,0.0,1.0
2005-05-18,4.7,4.715,4.675,4.69,1720800,0.0,1.0
2005-05-19,4.69,4.705,4.675,4.695,1596800,0.0,1.0
2005-05-20,4.695,4.695,4.655,4.68,1846518,0.0,1.0
2005-05-23,4.68,4.68,4.635,4.65,1502700,0.0,1.0
2005-05-24,4.65,4.685,4.61,4.665,2553904,0.0,1.0
2005-05-25,4.665,4.685,4.645,4.67,2438000,0.0,1.0
2005-05-26,4.67,4.69,4.635,4.67,2183400,0.0,1.0
2005-05-27,4.67,4.7,4.65,4.665,1744200,0.0,1.0
2005-05-30,4.665,4.69,4.64,4.685,1898000,0.0,1.0
2005-05-31,4.685,4.72,4.65,4.7,1883000,0.0,1.0
2005-06-01,4.7,4.72,4.645,4.685,2360400,0.0,1.0
2005-06-02,4.685,4.695,4.63,4.665,1954800,0.0,1.0
2005-06-03,4.65,4.67,4.625,4.65,1401200,0.0,1.0
2005-06-06,4.65,4.665,4.61,4.655,2262800,0.0,1.0
2005-06-07,4.655,4.67,4.635,4.64,1907800,0.0,1.0
2005-06-08,4.59,4.96,4.56,4.8,2640814,0.05040,1.0
2005-06-09,4.85,4.85,4.6,4.72,2566000,0.0,1.0
2005-06-10,4.72,4.72,4.5,4.6,2038500,0.0,1.0
2005-06-13,4.6,4.63,4.5,4.6,1936600,0.0,1.0
2005-06-14,4.6,4.61,4.5,4.56,1980320,0.0,1.0
2005-06-15,4.56,4.58,4.35,4.44,1596500,0.0,1.0
2005-06-16,4.44,4.48,4.33,4.46,1488000,0.0,1.0
2005-06-17,4.46,4.5,4.35,4.43,1949800,0.0,1.0
2005-06-20,4.43,4.52,4.33,4.5,2207872,0.0,1.0
2005-06-21,4.48,4.5,4.33,4.49,3142400,0.0,1.0
2005-06-22,4.45,4.45,4.3,4.41,1906900,0.0,1.0
2005-06-23,4.39,4.39,4.3,4.34,1604600,0.0,1.0
2005-06-24,4.34,4.36,4.25,4.29,1775500,0.0,1.0
2005-06-27,4.29,4.34,4.25,4.31,3278100,0.0,1.0
2005-06-28,4.31,4.31,4.2,4.21,1966800,0.0,1.0
2005-06-29,4.18,4.23,4,4.09,1607600,0.0,1.0
2005-06-30,4.09,4.1,4,4.05,2532500,0.0,1.0
2005-07-01,4.05,4.06,3.94,4,2545000,0.0,1.0
2005-07-04,4,4,3.91,3.97,2206300,0.0,1.0
2005-07-05,3.97,3.97,3.9,3.93,2352700,0.0,1.0
2005-07-06,3.93,3.95,3.9,3.94,2163200,0.0,1.0
2005-07-07,3.94,3.95,3.8,3.87,2031400,0.0,1.0
2005-07-08,3.82,3.82,3.68,3.69,1042500,0.0,1.0
2005-07-11,3.69,3.74,3.6,3.64,1405400,0.0,1.0
2005-07-12,3.64,3.66,3.6,3.62,1511400,0.0,1.0
2005-07-13,3.62,3.62,3.39,3.48,1316400,0.0,1.0
2005-07-14,3.48,3.48,3.4,3.46,1720900,0.0,1.0
2005-07-15,3.46,3.46,3.33,3.45,1283680,0.0,1.0
2005-07-18,3.38,3.4,3.35,3.37,855900,0.0,1.0
2005-07-19,3.37,3.37,3.3,3.3,830900,0.0,1.0
2005-07-20,3.3,3.3,3.19,3.19,846000,0.0,1.0
2005-07-21,3.19,3.2,3.05,3.16,1216204,0.0,1.0
2005-07-22,3.09,3.25,3.05,3.24,2141500,0.0,1.0
2005-07-25,3.18,3.18,3.1,3.14,1279100,0.0,1.0
2005-07-26,3.14,3.21,3.14,3.19,1816400,0.0,1.0
2005-07-27,3.19,3.45,3.16,3.37,3306160,0.0,1.0
2005-07-28,3.28,3.43,3.26,3.34,5471300,0.0,1.0
2005-07-29,3.27,3.54,3.09,3.49,7957176,0.0,1.0
2005-08-01,3.4,3.49,3.28,3.36,5247200,0.0,1.0
2005-08-02,3.36,3.38,3.23,3.38,4980900,0.0,1.0
2005-08-03,3.37,3.72,3.26,3.72,13803839,0.0,1.0
2005-08-04,3.6,3.8,3.51,3.71,9259522,0.0,1.0
2005-08-05,3.65,3.79,3.5,3.72,10016831,0.0,1.0
2005-08-08,3.67,3.72,3.55,3.69,13430500,0.0,1.0
2005-08-09,3.59,3.68,3.53,3.64,11912070,0.0,1.0
2005-08-10,3.6,3.6,3.5,3.58,10883800,0.0,1.0
2005-08-11,3.6,3.6,3.5,3.57,10653471,0.0,1.0
2005-08-12,3.55,3.93,3.53,3.83,26921600,0.0,1.0
2005-08-15,3.75,3.84,3.6,3.81,9828180,0.0,1.0
2005-08-16,3.78,3.82,3.68,3.76,10065900,0.0,1.0
2005-08-17,3.76,3.8,3.61,3.78,8715329,0.0,1.0
2005-08-18,3.78,3.98,3.65,3.76,11657450,0.0,1.0
2005-08-19,3.73,3.77,3.64,3.75,6684800,0.0,1.0
2005-08-22,3.75,3.78,3.64,3.76,7875200,0.0,1.0
2005-08-23,3.72,3.75,3.66,3.72,7584800,0.0,1.0
2005-08-24,3.7,3.78,3.7,3.75,10183910,0.0,1.0
2005-08-25,3.72,3.76,3.7,3.75,7910100,0.0,1.0
2005-08-26,3.73,3.77,3.7,3.74,7529700,0.0,1.0
2005-08-29,3.74,3.74,3.58,3.64,6506100,0.0,1.0
2005-08-30,3.62,3.62,3.51,3.56,6060900,0.0,1.0
2005-08-31,3.56,3.75,3.55,3.73,10379203,0.0,1.0
2005-09-01,3.64,3.85,3.63,3.83,11293800,0.0,1.0
2005-09-02,3.78,3.83,3.75,3.78,8426600,0.0,1.0
2005-09-05,3.78,3.85,3.76,3.83,8716100,0.0,1.0
2005-09-06,3.78,3.85,3.73,3.75,7470300,0.0,1.0
2005-09-07,3.73,3.8,3.72,3.8,7684600,0.0,1.0
2005-09-08,3.8,3.83,3.75,3.76,6471500,0.0,1.0
2005-09-09,3.76,3.83,3.75,3.78,7876200,0.0,1.0
2005-09-12,3.78,3.8,3.73,3.78,6765199,0.0,1.0
2005-09-13,3.78,3.83,3.73,3.82,10687900,0.0,1.0
2005-09-14,3.8,3.95,3.73,3.95,15526869,0.0,1.0
2005-09-15,3.9,4.27,3.88,4.21,20891423,0.0,1.0
2005-09-16,4.21,4.33,4.15,4.27,12994749,0.0,1.0
2005-09-19,4.25,4.42,4.24,4.38,19154820,0.0,1.0
2005-09-20,4.33,4.44,4.18,4.28,13915087,0.0,1.0
2005-09-21,4.28,4.28,4.15,4.23,8157900,0.0,1.0
2005-09-22,4.23,4.25,3.89,4.09,8549500,0.0,1.0
2005-09-23,4,4.23,3.99,4.18,13176790,0.0,1.0
2005-09-26,4.1,4.24,4.09,4.2,11634700,0.0,1.0
2005-09-27,4.15,4.26,4.12,4.14,13523800,0.0,1.0
2005-09-28,4.14,4.2,4.11,4.14,9471800,0.0,1.0
2005-09-29,4.14,4.21,4.12,4.2,10662950,0.0,1.0
2005-09-30,4.17,4.24,4.16,4.2,10750600,0.0,1.0
2005-10-03,4.17,4.24,4.16,4.2,0,0.0,1.0
2005-10-04,4.17,4.24,4.16,4.2,0,0.0,1.0
2005-10-05,4.17,4.24,4.16,4.2,0,0.0,1.0
2005-10-06,4.17,4.24,4.16,4.2,0,0.0,1.0
2005-10-07,4.17,4.24,4.16,4.2,0,0.0,1.0
2005-10-10,4.2,4.2,4.13,4.17,7286000,0.0,1.0
2005-10-11,4.15,4.16,4.02,4.15,8107000,0.0,1.0
2005-10-12,4.1,4.2,4.09,4.19,10028600,0.0,1.0
2005-10-13,4.15,4.2,4.12,4.15,8219298,0.0,1.0
2005-10-14,4.12,4.14,4.07,4.1,5528900,0.0,1.0
2005-10-17,4.1,4.1,3.87,3.93,6843600,0.0,1.0
2005-10-18,3.93,3.95,3.69,3.86,10094000,0.0,1.0
2005-10-19,3.85,4.01,3.74,4,15391078,0.0,1.0
2005-10-20,3.95,3.98,3.85,3.93,7871000,0.0,1.0
2005-10-21,3.87,3.89,3.75,3.81,7564300,0.0,1.0
2005-10-24,3.8,3.84,3.75,3.82,9315110,0.0,1.0
2005-10-25,3.8,3.81,3.58,3.65,3628050,0.0,1.0
2005-10-26,3.62,3.64,3.45,3.48,2717600,0.0,1.0
2005-10-27,3.48,3.5,3.29,3.47,5363499,0.0,1.0
2005-10-28,3.35,3.44,3.3,3.34,5288600,0.0,1.0
2005-10-31,3.34,3.38,3.31,3.37,5698500,0.0,1.0
2005-11-01,3.37,3.38,3.31,3.35,4231133,0.0,1.0
2005-11-02,3.34,3.6,3.32,3.58,14904135,0.0,1.0
2005-11-03,3.48,3.48,3.4,3.4,5098300,0.0,1.0
2005-11-04,3.4,3.42,3.34,3.41,6212800,0.0,1.0
2005-11-07,3.41,3.51,3.33,3.49,8788637,0.0,1.0
2005-11-08,3.39,3.57,3.34,3.52,11423650,0.0,1.0
2005-11-09,3.47,3.56,3.45,3.52,8648200,0.0,1.0
2005-11-10,3.47,3.5,3.42,3.42,5535300,0.0,1.0
2005-11-11,3.4,3.47,3.36,3.43,7373090,0.0,1.0
2005-11-14,3.4,3.41,3.35,3.4,5552800,0.0,1.0
2005-11-15,3.38,3.44,3.35,3.4,6880512,0.0,1.0
2005-11-16,3.4,3.64,3.23,3.61,12372679,0.0,1.0
2005-11-17,3.51,3.69,3.46,3.61,11388760,0.0,1.0
2005-11-18,3.53,3.75,3.52,3.65,13662900,0.0,1.0
2005-11-21,3.57,3.79,3.57,3.69,13244885,0.0,1.0
2005-11-22,3.65,3.67,3.56,3.57,6249200,0.0,1.0
2005-11-23,3.57,3.61,3.54,3.59,5690400,0.0,1.0
2005-11-24,3.59,3.63,3.56,3.6,5839400,0.0,1.0
2005-11-25,3.6,3.6,3.5,3.56,6353900,0.0,1.0
2005-11-28,3.56,3.56,3.56,3.56,0,0.0,1.0
2005-11-29,3.56,3.56,3.56,3.56,0,0.0,1.0
2005-11-30,3.56,3.56,3.56,3.56,0,0.0,1.0
2005-12-01,3.56,3.56,3.56,3.56,0,0.0,1.0
2005-12-02,3.56,3.56,3.56,3.56,0,0.0,1.0
2005-12-05,3.56,3.56,3.56,3.56,0,0.0,1.0
2005-12-06,3.56,3.56,3.56,3.56,0,0.0,1.0
2005-12-07,3.56,3.56,3.56,3.56,0,0.0,1.0
2005-12-08,3.56,3.56,3.3,3.45,6524650,0.0,1.0
2005-12-09,3.41,3.49,3.34,3.47,8039100,0.0,1.0
2005-12-12,3.42,3.42,3.36,3.39,5327640,0.0,1.0
2005-12-13,3.39,3.39,3.33,3.37,4646400,0.0,1.0
2005-12-14,3.35,3.36,3.29,3.34,5303000,0.0,1.0
2005-12-15,3.34,3.37,3.28,3.36,13222113,0.0,1.0
2005-12-16,3.32,3.37,3.29,3.37,13886499,0.0,1.0
2005-12-19,3.37,3.37,3.37,3.37,0,0.0,1.0
2005-12-20,3.37,3.37,3.37,3.37,0,0.0,1.0
2005-12-21,3.37,3.37,3.37,3.37,0,0.0,1.0
2005-12-22,3.37,3.37,3.37,3.37,0,0.0,1.0
2005-12-23,3.37,3.37,3.37,3.37,0,0.0,1.0
2005-12-26,3.37,3.37,3.37,3.37,0,0.0,1.0
2005-12-27,3.37,3.37,3.37,3.37,0,0.0,1.0
2005-12-28,3.37,3.37,3.37,3.37,0,0.0,1.0
2005-12-29,3.37,3.37,3.37,3.37,0,0.0,1.0
2005-12-30,3.37,3.37,3.37,3.37,0,0.0,1.0
2006-01-04,3.37,3.37,3.37,3.37,0,0.0,1.0
2006-01-05,3.37,3.37,3.37,3.37,0,0.0,1.0
2006-01-06,3.37,3.37,3.37,3.37,0,0.0,1.0
2006-01-09,3.37,3.37,3.37,3.37,0,0.0,1.0
2006-01-10,3.37,3.37,3.37,3.37,0,0.0,1.0
2006-01-11,3.37,3.37,3.37,3.37,0,0.0,1.0
2006-01-12,3.37,3.37,3.37,3.37,0,0.0,1.0
2006-01-13,3.37,3.37,3.37,3.37,0,0.0,1.0
2006-01-16,3.37,3.37,3.37,3.37,0,0.0,1.0
2006-01-17,3.37,3.37,3.37,3.37,0,0.0,1.0
2006-01-18,3.37,3.37,3.37,3.37,0,0.0,1.0
2006-01-19,3.37,3.37,3.37,3.37,0,0.0,1.0
2006-01-20,3.37,3.37,3.37,3.37,0,0.0,1.0
2006-01-23,3.37,3.37,3.37,3.37,0,0.0,1.0
2006-01-24,3.37,3.37,3.37,3.37,0,0.0,1.0
2006-01-25,3.37,3.37,3.37,3.37,0,0.0,1.0
2006-02-06,3.37,3.37,3.37,3.37,0,0.0,1.0
2006-02-07,3.37,3.37,3.37,3.37,0,0.0,1.0
2006-02-08,3.37,3.37,3.37,3.37,0,0.0,1.0
2006-02-09,2.86,2.88,2.76,2.83,21493223,0.0,1.0
2006-02-10,2.8,2.82,2.76,2.81,16545362,0.0,1.0
2006-02-13,2.8,2.8,2.75,2.79,11981324,0.0,1.0
2006-02-14,2.79,2.81,2.77,2.81,11241857,0.0,1.0
2006-02-15,2.8,2.81,2.77,2.81,11635584,0.0,1.0
2006-02-16,2.8,2.8,2.74,2.78,10147640,0.0,1.0
2006-02-17,2.77,2.79,2.74,2.77,9284722,0.0,1.0
2006-02-20,2.77,2.77,2.73,2.74,9411756,0.0,1.0
2006-02-21,2.74,2.76,2.72,2.76,10587697,0.0,1.0
2006-02-22,2.75,2.76,2.73,2.75,9420436,0.0,1.0
2006-02-23,2.74,2.75,2.71,2.73,8200966,0.0,1.0
2006-02-24,2.72,2.81,2.71,2.79,13150227,0.0,1.0
2006-02-27,2.75,2.77,2.73,2.77,9535000,0.0,1.0
2006-02-28,2.75,2.81,2.71,2.78,15164355,0.0,1.0
2006-03-01,2.75,2.75,2.72,2.74,8698196,0.0,1.0
2006-03-02,2.74,2.75,2.71,2.72,8719740,0.0,1.0
2006-03-03,2.72,2.73,2.67,2.72,7624436,0.0,1.0
2006-03-06,2.7,2.74,2.69,2.71,7869816,0.0,1.0
2006-03-07,2.7,2.7,2.63,2.65,5655480,0.0,1.0
2006-03-08,2.65,2.67,2.59,2.63,5452948,0.0,1.0
2006-03-09,2.63,2.64,2.6,2.62,5367971,0.0,1.0
2006-03-10,2.62,2.63,2.59,2.61,5237512,0.0,1.0
2006-03-13,2.61,2.62,2.59,2.6,4330716,0.0,1.0
2006-03-14,2.6,2.61,2.57,2.59,4931740,0.0,1.0
2006-03-15,2.58,2.6,2.55,2.6,5382395,0.0,1.0
2006-03-16,2.6,2.61,2.58,2.6,5021280,0.0,1.0
2006-03-17,2.6,2.6,2.56,2.59,5088860,0.0,1.0
2006-03-20,2.58,2.66,2.55,2.65,6535592,0.0,1.0
2006-03-21,2.61,2.74,2.61,2.71,12745789,0.0,1.0
2006-03-22,2.7,2.7,2.63,2.68,7370328,0.0,1.0
2006-03-23,2.68,2.7,2.66,2.67,6659538,0.0,1.0
2006-03-24,2.67,2.67,2.62,2.66,6349615,0.0,1.0
2006-03-27,2.66,2.67,2.62,2.66,5241190,0.0,1.0
2006-03-28,2.66,2.66,2.63,2.66,4777116,0.0,1.0
2006-03-29,2.65,2.68,2.63,2.67,7081664,0.0,1.0
2006-03-30,2.66,2.66,2.6,2.61,5452500,0.0,1.0
2006-03-31,2.61,2.62,2.56,2.61,4969744,0.0,1.0
2006-04-03,2.6,2.63,2.59,2.62,4910792,0.0,1.0
2006-04-04,2.62,2.63,2.58,2.61,4326300,0.0,1.0
2006-04-05,2.61,2.63,2.58,2.62,6274776,0.0,1.0
2006-04-06,2.61,2.61,2.56,2.58,4862948,0.0,1.0
2006-04-07,2.58,2.58,2.55,2.58,5054162,0.0,1.0
2006-04-10,2.58,2.61,2.55,2.6,5703897,0.0,1.0
2006-04-11,2.6,2.62,2.58,2.62,5834260,0.0,1.0
2006-04-12,2.62,2.62,2.59,2.62,6455968,0.0,1.0
2006-04-13,2.62,2.69,2.61,2.66,10814561,0.0,1.0
2006-04-14,2.64,2.66,2.6,2.66,8546075,0.0,1.0
2006-04-17,2.64,2.68,2.63,2.66,7131880,0.0,1.0
2006-04-18,2.66,2.67,2.63,2.65,4879636,0.0,1.0
2006-04-19,2.65,2.66,2.58,2.64,6313429,0.0,1.0
2006-04-20,2.63,2.63,2.55,2.58,5696375,0.0,1.0
2006-04-21,2.58,2.58,2.51,2.58,5833368,0.0,1.0
2006-04-24,2.56,2.56,2.52,2.54,4533812,0.0,1.0
2006-04-25,2.54,2.54,2.49,2.51,4198176,0.0,1.0
2006-04-26,2.51,2.54,2.48,2.52,4848855,0.0,1.0
2006-04-27,2.52,2.53,2.49,2.52,4478056,0.0,1.0
2006-04-28,2.52,2.52,2.45,2.5,4277700,0.0,1.0
2006-05-08,2.5,2.5,2.47,2.5,4217370,0.0,1.0
2006-05-09,2.5,2.65,2.49,2.64,6937742,0.0,1.0
2006-05-10,2.59,2.71,2.59,2.68,8463299,0.0,1.0
2006-05-11,2.65,2.76,2.64,2.69,8220936,0.0,1.0
2006-05-12,2.66,2.96,2.65,2.96,14105753,0.0,1.0
2006-05-15,3.1,3.26,3.09,3.26,29463380,0.0,1.0
2006-05-16,3.32,3.59,3.23,3.27,35840160,0.0,1.0
2006-05-17,3.3,3.3,2.97,3.09,17736032,0.0,1.0
2006-05-18,3.09,3.09,2.9,3.03,10482604,0.0,1.0
2006-05-19,3.01,3.33,3,3.33,21396089,0.0,1.0
2006-05-22,3.52,3.66,3.33,3.51,30715348,0.0,1.0
2006-05-23,3.44,3.8,3.34,3.78,37202314,0.0,1.0
2006-05-24,3.8,3.81,3.45,3.69,23609237,0.0,1.0
2006-05-25,3.65,3.65,3.37,3.4,13324720,0.0,1.0
2006-05-26,3.4,3.61,3.39,3.51,17594195,0.0,1.0
2006-05-29,3.53,3.55,3.4,3.49,15236123,0.0,1.0
2006-05-30,3.53,3.55,3.4,3.49,15236,0.0,1.0
2006-05-31,3.5,3.6,3.45,3.51,13143211,0.0,1.0
2006-06-01,3.48,3.72,3.41,3.64,25887897,0.0,1.0
2006-06-02,3.64,3.67,3.53,3.57,11392000,0.0,1.0
2006-06-05,3.57,3.93,3.55,3.93,34540068,0.0,1.0
2006-06-06,4.05,4.1,3.84,3.94,31901610,0.0,1.0
2006-06-07,3.88,3.95,3.56,3.6,17423494,0.0,1.0
2006-06-08,3.44,3.61,3.3,3.58,10227708,0.0,1.0
2006-06-09,3.5,3.6,3.38,3.39,9141000,0.0,1.0
2006-06-12,3.39,3.39,3.39,3.39,0,0.0,1.0
2006-06-13,3.39,3.39,3.39,3.39,0,0.0,1.0
2006-06-14,3.35,3.36,3.1,3.25,8972366,0.0,1.0
2006-06-15,3.2,3.43,3.2,3.41,13750744,0.0,1.0
2006-06-16,3.38,3.58,3.37,3.54,16278888,0.0,1.0
2006-06-19,3.54,3.78,3.47,3.63,18019632,0.0,1.0
2006-06-20,3.61,3.73,3.59,3.69,15254500,0.0,1.0
2006-06-21,3.66,3.68,3.55,3.59,8694038,0.0,1.0
2006-06-22,3.59,3.69,3.59,3.63,13999516,0.0,1.0
2006-06-23,3.63,3.65,3.52,3.55,9979013,0.0,1.0
2006-06-26,3.55,3.7,3.54,3.7,12542790,0.0,1.0
2006-06-27,3.7,3.79,3.64,3.76,13343331,0.0,1.0
2006-06-28,3.72,3.8,3.66,3.75,11194172,0.0,1.0
2006-06-29,3.73,3.95,3.72,3.88,16076844,0.0,1.0
2006-06-30,3.88,4.02,3.83,3.9,13208791,0.0,1.0
2006-07-03,3.89,4.12,3.82,4.08,16100153,0.0,1.0
2006-07-04,4.02,4.15,3.91,3.95,12307360,0.0,1.0
2006-07-05,3.95,3.96,3.74,3.79,9700174,0.0,1.0
2006-07-06,3.79,3.93,3.77,3.88,10774764,0.0,1.0
2006-07-07,3.88,3.96,3.84,3.9,9521718,0.0,1.0
2006-07-10,3.9,3.92,3.78,3.91,9838573,0.0,1.0
2006-07-11,3.91,4.06,3.91,3.98,10588916,0.0,1.0
2006-07-12,3.98,4,3.88,3.94,8173714,0.0,1.0
2006-07-13,3.94,3.94,3.55,3.57,10548980,0.0,1.0
2006-07-14,3.47,3.65,3.41,3.54,10176880,0.0,1.0
2006-07-17,3.54,3.63,3.51,3.62,8742066,0.0,1.0
2006-07-18,3.62,3.62,3.52,3.6,6308885,0.0,1.0
2006-07-19,3.6,3.6,3.44,3.49,7092984,0.0,1.0
2006-07-20,3.49,3.56,3.47,3.51,7593460,0.0,1.0
2006-07-21,3.51,3.55,3.45,3.52,8566063,0.0,1.0
2006-07-24,3.53,3.66,3.5,3.6,3685079,0.0,1.0
2006-07-25,3.6,3.68,3.55,3.62,1910160,0.0,1.0
2006-07-26,3.65,3.65,3.54,3.57,1239148,0.0,1.0
2006-07-27,3.56,3.59,3.49,3.52,1161102,0.0,1.0
2006-07-28,3.56,3.56,3.48,3.51,893764,0.0,1.0
2006-07-31,3.49,3.51,3.24,3.25,1015191,0.0,1.0
2006-08-01,3.23,3.31,3.16,3.24,521198,0.01944,1.0
2006-08-02,3.29,3.29,3.11,3.2,568877,0.0,1.0
2006-08-03,3.22,3.22,3.13,3.2,318155,0.0,1.0
2006-08-04,3.2,3.2,3.08,3.09,505500,0.0,1.0
2006-08-07,3.03,3.12,3.02,3.04,478353,0.0,1.0
2006-08-08,3.04,3.17,3.04,3.15,391780,0.0,1.0
2006-08-09,3.19,3.19,3.12,3.15,418728,0.0,1.0
2006-08-10,3.17,3.27,3.13,3.23,671608,0.0,1.0
2006-08-11,3.21,3.55,3.21,3.55,2070486,0.0,1.0
2006-08-14,3.73,3.85,3.4,3.51,7064303,0.0,1.0
2006-08-15,3.45,3.47,3.17,3.44,4077799,0.0,1.0
2006-08-16,3.34,3.41,3.28,3.36,6240358,0.0,1.0
2006-08-17,3.38,3.38,3.2,3.26,2925930,0.0,1.0
2006-08-18,3.25,3.28,3.12,3.19,1515846,0.0,1.0
2006-08-21,3.07,3.16,3.03,3.14,4057635,0.0,1.0
2006-08-22,3.12,3.2,3.09,3.18,9630478,0.0,1.0
2006-08-23,3.16,3.29,3.11,3.17,13202712,0.0,1.0
2006-08-24,3.17,3.17,2.98,3.05,15079922,0.0,1.0
2006-08-25,3.04,3.13,3,3.05,12681473,0.0,1.0
2006-08-28,3.1,3.14,3.06,3.12,13241793,0.0,1.0
2006-08-29,3.13,3.25,3.06,3.22,53683437,0.0,1.0
2006-08-30,3.22,3.22,3.13,3.16,32632760,0.0,1.0
2006-08-31,3.18,3.27,3.16,3.22,16166726,0.0,1.0
2006-09-01,3.2,3.21,3.07,3.09,10915500,0.0,1.0
2006-09-04,3.08,3.14,3.05,3.14,6950390,0.0,1.0
2006-09-05,3.15,3.18,3.1,3.11,5577335,0.0,1.0
2006-09-06,3.1,3.12,3.07,3.11,4876761,0.0,1.0
2006-09-07,3.13,3.14,3.03,3.05,5700288,0.0,1.0
2006-09-08,3.04,3.07,3.02,3.07,3717119,0.0,1.0
2006-09-11,3.07,3.08,3,3.05,4282616,0.0,1.0
2006-09-12,3.06,3.17,3.02,3.1,5814029,0.0,1.0
2006-09-13,3.1,3.11,3.02,3.04,4064106,0.0,1.0
2006-09-14,3.02,3.06,3.02,3.05,2799523,0.0,1.0
2006-09-15,3.06,3.11,3.03,3.09,4522520,0.0,1.0
2006-09-18,3.09,3.15,3.06,3.14,6488480,0.0,1.0
2006-09-19,3.14,3.14,3.07,3.1,4380838,0.0,1.0
2006-09-20,3.1,3.18,3.08,3.16,9361489,0.0,1.0
2006-09-21,3.15,3.17,3.09,3.13,4441837,0.0,1.0
2006-09-22,3.13,3.13,3.04,3.05,4871427,0.0,1.0
2006-09-25,3.05,3.09,3.03,3.03,2667920,0.0,1.0
2006-09-26,3.03,3.06,3,3.01,3110048,0.0,1.0
2006-09-27,2.99,3.07,2.99,3.06,2782309,0.0,1.0
2006-09-28,3.06,3.1,3.03,3.06,3839235,0.0,1.0
2006-09-29,3.08,3.1,3.05,3.05,3113674,0.0,1.0
2006-10-09,3.1,3.15,3.07,3.13,5514428,0.0,1.0
2006-10-10,3.13,3.15,3.1,3.12,4779940,0.0,1.0
2006-10-11,3.11,3.18,3.11,3.15,6183302,0.0,1.0
2006-10-12,3.13,3.15,3.1,3.12,4779,0.0,1.0
2006-10-13,3.15,3.3,3.14,3.28,9634535,0.0,1.0
2006-10-16,3.33,3.37,3.25,3.29,19032888,0.0,1.0
2006-10-17,3.28,3.28,3.16,3.18,7396749,0.0,1.0
2006-10-18,3.2,3.26,3.16,3.23,5804627,0.0,1.0
2006-10-19,3.22,3.25,3.16,3.18,5497220,0.0,1.0
2006-10-20,3.18,3.21,3.12,3.15,6118766,0.0,1.0
2006-10-23,3.13,3.14,2.98,3.02,7316562,0.0,1.0
2006-10-24,3.05,3.1,3.02,3.08,3806080,0.0,1.0
2006-10-25,3.08,3.13,3.01,3.12,5833370,0.0,1.0
2006-10-26,3.1,3.16,3.1,3.13,7335904,0.0,1.0
2006-10-27,3.13,3.15,3.03,3.04,3916950,0.0,1.0
2006-10-30,3.02,3.02,2.74,2.76,16799296,0.0,1.0
2006-10-31,2.76,2.77,2.61,2.75,8247530,0.0,1.0
2006-11-01,2.73,2.77,2.69,2.73,6212663,0.0,1.0
2006-11-02,2.74,2.74,2.64,2.69,5965035,0.0,1.0
2006-11-03,2.69,2.74,2.67,2.72,4794084,0.0,1.0
2006-11-06,2.7,2.72,2.68,2.7,3681372,0.0,1.0
2006-11-07,2.7,2.7,2.6,2.63,4867155,0.0,1.0
2006-11-08,2.62,2.69,2.55,2.66,5228333,0.0,1.0
2006-11-09,2.63,2.69,2.62,2.66,2773191,0.0,1.0
2006-11-10,2.65,2.67,2.57,2.59,3621790,0.0,1.0
2006-11-13,2.58,2.62,2.49,2.49,3263351,0.0,1.0
2006-11-14,2.5,2.54,2.43,2.53,3766618,0.0,1.0
2006-11-15,2.53,2.6,2.5,2.57,3657530,0.0,1.0
2006-11-16,2.57,2.58,2.5,2.51,3421591,0.0,1.0
2006-11-17,2.51,2.57,2.46,2.52,2429166,0.0,1.0
2006-11-20,2.51,2.56,2.47,2.5,3137875,0.0,1.0
2006-11-21,2.5,2.53,2.46,2.52,3142222,0.0,1.0
2006-11-22,2.54,2.76,2.5,2.7,12691890,0.0,1.0
2006-11-23,2.66,2.71,2.63,2.7,6172331,0.0,1.0
2006-11-24,2.75,2.77,2.66,2.73,6432857,0.0,1.0
2006-11-27,2.74,2.75,2.67,2.72,5217115,0.0,1.0
2006-11-28,2.7,2.74,2.68,2.72,4539098,0.0,1.0
2006-11-29,2.69,2.71,2.65,2.68,3966954,0.0,1.0
2006-11-30,2.68,2.94,2.68,2.84,13627940,0.0,1.0
2006-12-01,2.84,2.9,2.81,2.86,7057525,0.0,1.0
2006-12-04,2.85,2.92,2.84,2.88,6493477,0.0,1.0
2006-12-05,2.88,3.1,2.83,3.08,15401309,0.0,1.0
2006-12-06,3.13,3.39,2.98,3.34,26615700,0.0,1.0
2006-12-07,3.38,3.55,3.2,3.22,18928265,0.0,1.0
2006-12-08,3.25,3.32,3.13,3.21,11144156,0.0,1.0
2006-12-11,3.42,3.42,3.21,3.32,10774444,0.0,1.0
2006-12-12,3.32,3.35,3.17,3.27,6857011,0.0,1.0
2006-12-13,3.26,3.32,3.18,3.22,5464873,0.0,1.0
2006-12-14,3.25,3.43,3.2,3.38,9853468,0.0,1.0
2006-12-15,3.39,3.44,3.29,3.36,9353266,0.0,1.0
2006-12-18,3.34,3.43,3.31,3.37,8470463,0.0,1.0
2006-12-19,3.37,3.6,3.33,3.58,17461736,0.0,1.0
2006-12-20,3.5,3.65,3.48,3.56,10965817,0.0,1.0
2006-12-21,3.58,3.6,3.37,3.39,9000790,0.0,1.0
2006-12-22,3.38,3.46,3.3,3.35,6606876,0.0,1.0
2006-12-25,3.4,3.55,3.33,3.4,6782212,0.0,1.0
2006-12-26,3.41,3.46,3.28,3.4,5753978,0.0,1.0
2006-12-27,3.39,3.58,3.35,3.54,11186810,0.0,1.0
2006-12-28,3.54,3.89,3.51,3.85,29571455,0.0,1.0
2006-12-29,3.82,3.94,3.75,3.89,17834546,0.0,1.0
2007-01-04,3.94,4.14,3.75,3.82,22475499,0.0,1.0
2007-01-05,3.76,4,3.71,3.94,14676439,0.0,1.0
2007-01-08,3.92,4.14,3.92,4.1,15087255,0.0,1.0
2007-01-09,4.25,4.45,4.12,4.29,20252873,0.0,1.0
2007-01-10,4.33,4.66,4.28,4.48,20820581,0.0,1.0
2007-01-11,4.42,4.58,4.32,4.49,29230978,0.0,1.0
2007-01-12,4.47,4.74,4.41,4.7,38901844,0.0,1.0
2007-01-15,4.7,4.7,4.7,4.7,0,0.0,1.0
2007-01-16,5.17,5.17,4.82,4.9,38369860,0.0,1.0
2007-01-17,4.89,5.1,4.69,4.7,24598111,0.0,1.0
2007-01-18,4.67,4.85,4.48,4.7,18700153,0.0,1.0
2007-01-19,4.89,4.97,4.75,4.88,23834427,0.0,1.0
2007-01-22,5.01,5.37,4.9,5.37,35799434,0.0,1.0
2007-01-23,5.51,5.91,5.32,5.9,36985069,0.0,1.0
2007-01-24,5.9,6.48,5.4,5.71,46403191,0.0,1.0
2007-01-25,5.62,5.62,5.14,5.18,54378925,0.0,1.0
2007-01-26,5.12,5.7,5.1,5.7,42822724,0.0,1.0
2007-01-29,5.99,6.27,5.83,6.27,42957528,0.0,1.0
2007-01-30,6.31,6.75,5.75,6.16,37682737,0.0,1.0
2007-01-31,6.1,6.35,5.71,5.83,27162224,0.0,1.0
2007-02-01,5.8,6.41,5.73,6.41,31982401,0.0,1.0
2007-02-02,7.05,7.05,6.3,6.31,61201742,0.0,1.0
2007-02-05,6.17,6.28,5.68,5.68,28474626,0.0,1.0
2007-02-06,5.5,5.8,5.2,5.76,25532763,0.0,1.0
2007-02-07,5.79,5.99,5.5,5.74,24676969,0.0,1.0
2007-02-08,5.7,5.88,5.55,5.82,22904316,0.0,1.0
2007-02-09,5.8,6.3,5.75,5.99,23497688,0.0,1.0
2007-02-12,5.99,6.54,5.9,6.38,29845100,0.0,1.0
2007-02-13,6.48,6.56,6.3,6.45,23739455,0.0,1.0
2007-02-14,6.45,6.75,6.28,6.6,38680245,0.0,1.0
2007-02-15,6.7,7.26,6.63,7.26,52168453,0.0,1.0
2007-02-16,7.4,7.43,7.01,7.06,39232710,0.0,1.0
2007-02-26,7.06,7.39,6.95,7.28,19840410,0.0,1.0
2007-02-27,7.3,7.38,6.55,6.55,30252564,0.0,1.0
2007-02-28,6.3,6.76,6.18,6.63,35095904,0.0,1.0
2007-03-01,6.56,6.57,5.97,5.97,31812605,0.0,1.0
2007-03-02,5.88,6.13,5.88,6.07,27773245,0.0,1.0
2007-03-05,6.1,6.19,5.7,6.06,19647666,0.0,1.0
2007-03-06,6.04,6.29,5.99,6.22,20198189,0.0,1.0
2007-03-07,6.2,6.63,6.2,6.49,20836422,0.0,1.0
2007-03-08,6.55,6.72,6.38,6.67,19142606,0.0,1.0
2007-03-09,6.7,6.75,6.37,6.58,22947328,0.0,1.0
2007-03-12,6.67,6.75,6.45,6.74,21722613,0.0,1.0
2007-03-13,6.82,7,6.7,6.83,23123806,0.0,1.0
2007-03-14,6.75,6.75,6.35,6.48,23906269,0.0,1.0
2007-03-15,6.45,6.65,6.42,6.63,18979035,0.0,1.0
2007-03-16,6.62,6.94,6.6,6.86,38765721,0.0,1.0
2007-03-19,6.58,7.33,6.48,7.17,46481518,0.0,1.0
2007-03-20,7.16,7.28,7.02,7.18,26361071,0.0,1.0
2007-03-21,7.41,7.52,7.19,7.37,32272235,0.0,1.0
2007-03-22,7.37,7.38,7.16,7.23,32433524,0.0,1.0
2007-03-23,7.3,7.39,7.02,7.24,27163116,0.0,1.0
2007-03-26,7.27,7.74,7.27,7.71,46092016,0.0,1.0
2007-03-27,7.81,8.06,7.71,7.97,45185990,0.0,1.0
2007-03-28,7.98,8.08,7.25,7.68,40096209,0.0,1.0
2007-03-29,7.68,7.78,7.26,7.31,31592999,0.0,1.0
2007-03-30,7.19,7.48,7.06,7.42,17652758,0.0,1.0
2007-04-02,7.5,7.87,7.37,7.86,36315135,0.0,1.0
2007-04-03,7.85,7.86,7.65,7.73,27876442,0.0,1.0
2007-04-04,7.74,7.87,7.57,7.7,21334156,0.0,1.0
2007-04-05,7.66,8.17,7.6,8,36531949,0.0,1.0
2007-04-06,7.9,8.66,7.8,8.53,65935468,0.0,1.0
2007-04-09,8.73,9.01,8.6,8.84,58629561,0.0,1.0
2007-04-10,9.02,9.72,8.81,9.72,75257966,0.0,1.0
2007-04-11,9.72,10.04,9.31,9.55,55342826,0.0,1.0
2007-04-12,9.5,9.9,9.4,9.63,33286725,0.0,1.0
2007-04-13,9.64,9.81,9.35,9.41,35260832,0.0,1.0
2007-04-16,9.38,9.76,9.2,9.6,44051845,0.0,1.0
2007-04-17,9.62,10.38,9.49,10.21,49345377,0.0,1.0
2007-04-18,10.25,10.5,10,10.26,36553499,0.0,1.0
2007-04-19,10.19,10.19,9.23,9.46,50124433,0.0,1.0
2007-04-20,9.73,10.41,9.73,10.41,57114259,0.0,1.0
2007-04-23,11.45,11.45,11.11,11.45,39534623,0.0,1.0
2007-04-24,12,12.6,11.8,12.6,68502462,0.0,1.0
2007-04-25,12.87,13.47,12.17,12.91,86466087,0.0,1.0
2007-04-26,12.93,14.2,12.62,14.2,54861388,0.0,1.0
2007-04-27,14.8,15.62,14.2,15.62,72536422,0.0,1.0
2007-04-30,16.57,17.15,15.64,16.309999,83706212,0.0,1.0
2007-05-03,16.57,17.15,15.64,16.309999,0,0.0,1.0
2007-05-04,16.57,17.15,15.64,16.309999,0,0.0,1.0
2007-05-08,16.799999,17.58,15.91,16.93,62068269,0.0,1.0
2007-05-09,16.450001,16.799999,15.24,15.72,73840440,0.0,1.0
2007-05-10,15.49,15.49,14.26,14.64,58973910,0.0,1.0
2007-05-11,14.46,15.66,14.1,15.06,60925534,0.0,1.0
2007-05-14,14.6,15.27,14.38,14.87,49160134,0.0,1.0
2007-05-15,14.97,15.09,13.43,13.6,56515268,0.0,1.0
2007-05-16,14.2,14.96,13.86,14.96,68933910,0.0,1.0
2007-05-17,15.6,15.88,15.02,15.07,78653383,0.0,1.0
2007-05-18,14.8,15.39,14.48,15.02,40736267,0.0,1.0
2007-05-21,14.29,16.24,14.2,15.69,57367364,0.0,1.0
2007-05-22,15.9,16.280001,15.43,15.59,50946909,0.0,1.0
2007-05-23,15.65,16,15.18,15.72,48152334,0.0,1.0
2007-05-24,15.75,16.799999,15.1,16.6,90190664,0.0,1.0
2007-05-25,16.5,18.209999,16.08,17.74,87124003,0.0,1.0
2007-05-28,18.379999,19,17.74,17.780001,88462235,0.0,1.0
2007-05-29,17.75,18.049999,17.110001,17.780001,52235133,0.0,1.0
2007-05-30,16,17.370001,16,16,51654032,0.0,1.0
2007-05-31,14.43,15.48,14.4,14.41,54981476,0.0,1.0
2007-06-01,14.32,14.95,12.97,12.97,54570492,0.0,1.0
2007-06-04,13,13.16,11.67,11.67,39413722,0.0,1.0
2007-06-05,10.66,12.35,10.5,12.29,75025415,0.0,1.0
2007-06-06,12.1,12.79,11.15,11.84,62358580,0.0,1.0
2007-06-07,11.65,13.02,11.65,13.02,66869100,0.0,1.0
2007-06-08,13.1,13.98,12.77,13.35,75560274,0.0,1.0
2007-06-11,14,14.2,13,13.23,56828824,0.0,1.0
2007-06-12,13.31,13.65,12.02,13.28,49491939,0.0,1.0
2007-06-13,13.36,13.96,13.28,13.69,47503948,0.0,1.0
2007-06-14,13.59,14.58,13,13.9,56184438,0.0,1.0
2007-06-15,13.7,14.48,13.5,14.14,45467830,0.0,1.0
2007-06-18,14.58,14.69,14.2,14.26,46948775,0.0,1.0
2007-06-19,14.28,14.88,14,14.67,43780329,0.0,1.0
2007-06-20,14.67,14.67,14.67,14.67,0,0.0,1.0
2007-06-21,14,14.45,13.35,13.55,41789106,0.0,1.0
2007-06-22,13.49,13.76,12.2,12.2,44267381,0.0,1.0
2007-06-25,12.25,12.58,10.98,10.98,28094631,0.0,1.0
2007-06-26,10.78,10.86,9.88,10.72,32095535,0.0,1.0
2007-06-27,10.8,11.33,10.41,11.13,35319108,0.0,1.0
2007-06-28,10.88,10.97,10.02,10.02,27396602,0.0,1.0
2007-06-29,9.3,9.65,9.02,9.02,29630854,0.0,1.0
2007-07-02,8.75,9.92,8.75,9.89,46956571,0.0,1.0
2007-07-03,9.9,10.25,9.3,10.01,35111507,0.0,1.0
2007-07-04,9.81,10.18,9.51,9.56,19879271,0.0,1.0
2007-07-05,9.35,9.89,9.21,9.31,23358693,0.0,1.0
2007-07-06,9.3,10.2,9.24,10.17,34068582,0.0,1.0
2007-07-09,10.28,10.87,10.08,10.56,38539248,0.0,1.0
2007-07-10,10.55,11.18,10.03,10.6,37008451,0.0,1.0
2007-07-11,10.4,10.79,10.11,10.37,16698007,0.0,1.0
2007-07-12,10.27,10.48,10.12,10.33,11400799,0.0,1.0
2007-07-13,10.11,10.35,9.96,10.09,12173376,0.0,1.0
2007-07-16,10.13,10.13,9.15,9.16,20825629,0.0,1.0
2007-07-17,9,9.35,8.9,9.2,11445136,0.0,1.0
2007-07-18,9.31,9.8,9.1,9.47,18002232,0.0,1.0
2007-07-19,9.44,9.85,9.2,9.66,13021764,0.0,1.0
2007-07-20,9.66,10.2,9.65,10.08,20607796,0.0,1.0
2007-07-23,9.99,10.74,9.91,10.64,36617862,0.0,1.0
2007-07-24,10.72,11.4,10.3,11.09,48396208,0.0,1.0
2007-07-25,11.09,11.77,10.95,11.6,41592057,0.0,1.0
2007-07-26,11.8,12.72,11.72,12.28,43821150,0.0,1.0
2007-07-27,12.2,12.34,11.78,12.06,32453473,0.0,1.0
2007-07-30,12.06,12.68,12,12.65,35068878,0.0,1.0
2007-07-31,12.6,12.99,12.06,12.6,32074721,0.0,1.0
2007-08-01,12.8,12.8,11.35,11.43,35083740,0.0,1.0
2007-08-02,11.5,12.09,11.36,11.88,25697738,0.0,1.0
2007-08-03,12.05,12.19,11.5,11.9,26045611,0.0,1.0
2007-08-06,12.2,12.99,12.2,12.54,35110561,0.0,1.0
2007-08-07,12.46,13.07,11.91,12.64,33153593,0.0,1.0
2007-08-08,12.4,12.73,11.65,12.01,21825088,0.0,1.0
2007-08-09,11.9,12.3,11.85,11.92,17189675,0.0,1.0
2007-08-10,11.92,11.93,10.9,11.23,25136758,0.0,1.0
2007-08-13,11.1,11.39,10.64,10.86,19982706,0.0,1.0
2007-08-14,10.82,11.71,10.79,11.49,19619748,0.0,1.0
2007-08-15,11.59,11.67,10.85,11.1,14831939,0.0,1.0
2007-08-16,11,11.44,10.7,11.14,14307513,0.0,1.0
2007-08-17,11.2,12.25,11,12.25,56396764,0.0,1.0
2007-08-20,12.7,13.2,12.3,13.09,60913286,0.0,1.0
2007-08-21,12.9,14.19,12.69,13.62,64638479,0.0,1.0
2007-08-22,13.3,14,13.1,13.4,38989960,0.0,1.0
2007-08-23,13.3,14.15,13.13,13.66,40924520,0.0,1.0
2007-08-24,13.8,14.57,13.54,14.33,48930143,0.0,1.0
2007-08-27,14.58,14.61,13.31,13.57,38488643,0.0,1.0
2007-08-28,13.28,13.75,13,13.17,24883402,0.0,1.0
2007-08-29,13.02,13.76,13,13.29,22906222,0.0,1.0
2007-08-30,13.4,14.19,13.28,14.06,33065184,0.0,1.0
2007-08-31,14.3,14.5,13.75,13.78,27349551,0.0,1.0
2007-09-03,13.81,14.6,13.72,14.12,30775118,0.0,1.0
2007-09-04,14.35,14.37,13.38,13.6,23629118,0.0,1.0
2007-09-05,13.58,13.77,13.15,13.65,18894180,0.0,1.0
2007-09-06,13.38,13.81,13.35,13.45,16756494,0.0,1.0
2007-09-07,13.39,13.4,12.68,12.71,30844305,0.0,1.0
2007-09-10,12.65,13.24,12.2,13.04,20110227,0.0,1.0
2007-09-11,13,13.96,12.6,12.72,33462057,0.0,1.0
2007-09-12,13.2,13.91,12.8,13.87,42742583,0.0,1.0
2007-09-13,13.79,14.09,13.35,13.73,26616905,0.0,1.0
2007-09-14,13.89,14.45,13.66,13.99,36962834,0.0,1.0
2007-09-17,14,14.29,13.68,14,29568505,0.0,1.0
2007-09-18,14,14.79,13.89,14.39,38605869,0.0,1.0
2007-09-19,14.39,14.53,13.41,13.57,30446691,0.0,1.0
2007-09-20,13.77,13.99,13.5,13.86,20140113,0.0,1.0
2007-09-21,13.78,14.28,13.31,13.93,23088816,0.0,1.0
2007-09-24,14,15.32,13.98,15.32,80371809,0.0,1.0
2007-09-25,15.3,16.299999,14.61,16.02,68722210,0.0,1.0
2007-09-26,16.309999,16.49,15.48,16.16,42745441,0.0,1.0
2007-09-27,16.879999,17.5,15.9,15.99,92790632,0.0,1.0
2007-09-28,16.02,16.700001,15.28,16.190001,46242161,0.0,1.0
2007-10-08,16.4,16.49,15.01,15.11,33623392,0.0,1.0
2007-10-09,14.99,15.38,14.63,14.82,22342509,0.0,1.0
2007-10-10,14.9,15.1,14.5,14.6,19563421,0.0,1.0
2007-10-11,14.58,14.6,13.8,13.98,26556475,0.0,1.0
2007-10-12,13.96,14.39,12.7,13.69,27271673,0.0,1.0
2007-10-15,13.71,14.3,12.99,14.09,23686258,0.0,1.0
2007-10-16,14.21,14.58,13.52,14.21,22969647,0.0,1.0
2007-10-17,14.21,14.76,13.85,14.73,30016425,0.0,1.0
2007-10-18,14.75,15.2,14.58,14.89,41474344,0.0,1.0
2007-10-19,15,15.19,13.6,13.89,28878943,0.0,1.0
2007-10-22,13.59,13.59,12.8,12.81,14900322,0.0,1.0
2007-10-23,12.77,13.08,12.01,12.36,15207451,0.0,1.0
2007-10-24,12.36,12.64,12.02,12.16,12134761,0.0,1.0
2007-10-25,11.95,11.99,10.94,10.94,22549185,0.0,1.0
2007-10-26,10.6,10.7,10.02,10.19,16745710,0.0,1.0
2007-10-29,10.19,10.69,10.19,10.68,10212312,0.0,1.0
2007-10-30,10.7,10.84,10.28,10.69,11343578,0.0,1.0
2007-10-31,10.7,11.76,10.69,11.68,21590125,0.0,1.0
2007-11-01,11.49,11.58,10.82,10.85,14691618,0.0,1.0
2007-11-02,10.55,11.25,10.3,10.8,10281932,0.0,1.0
2007-11-05,10.5,11.1,10.4,10.92,7835590,0.0,1.0
2007-11-06,10.98,11.3,10.75,11.04,7416386,0.0,1.0
2007-11-07,11.05,11.26,10.51,10.78,6323335,0.0,1.0
2007-11-08,10.66,10.88,10.02,10.06,9022507,0.0,1.0
2007-11-09,9.98,10.32,9.9,10.24,10219241,0.0,1.0
2007-11-12,10.26,10.65,10.15,10.6,15807743,0.0,1.0
2007-11-13,10.56,10.8,10.27,10.4,7934888,0.0,1.0
2007-11-14,10.5,11.06,10.5,10.89,11658069,0.0,1.0
2007-11-15,10.8,11.19,10.7,10.78,9751724,0.0,1.0
2007-11-16,10.59,10.88,10.42,10.64,5800672,0.0,1.0
2007-11-19,10.71,11.35,10.58,11.25,10575382,0.0,1.0
2007-11-20,11.08,11.35,11.02,11.16,8850460,0.0,1.0
2007-11-21,11.17,11.32,10.91,10.92,6561656,0.0,1.0
2007-11-22,10.71,10.8,10.04,10.18,8802670,0.0,1.0
2007-11-23,10.2,10.47,10.2,10.45,4265375,0.0,1.0
2007-11-26,10.6,10.7,10.11,10.17,5533300,0.0,1.0
2007-11-27,10.09,10.35,10.01,10.15,3859735,0.0,1.0
2007-11-28,10.23,10.32,9.95,10.12,3806378,0.0,1.0
2007-11-29,10.3,10.5,10.08,10.42,4862206,0.0,1.0
2007-11-30,10.42,10.45,10.12,10.17,3574683,0.0,1.0
2007-12-03,10.15,10.46,10.05,10.3,3222260,0.0,1.0
2007-12-04,10.4,10.76,10.33,10.52,7018084,0.0,1.0
2007-12-05,10.54,10.72,10.4,10.61,6340674,0.0,1.0
2007-12-06,10.61,10.89,10.58,10.74,6581693,0.0,1.0
2007-12-07,11.6,11.81,11.33,11.81,25066942,0.0,1.0
2007-12-10,12,12.87,11.88,12.36,43367119,0.0,1.0
2007-12-11,12.4,12.49,12.05,12.33,16165479,0.0,1.0
2007-12-12,12.41,12.94,12.4,12.61,18049502,0.0,1.0
2007-12-13,12.64,12.7,11.85,11.92,12239745,0.0,1.0
2007-12-14,11.7,12.44,11.56,12.4,10978496,0.0,1.0
2007-12-17,12.54,12.89,12.38,12.52,11290166,0.0,1.0
2007-12-18,12.55,12.77,12.18,12.31,6631473,0.0,1.0
2007-12-19,12.6,13.18,12.42,13.07,20706492,0.0,1.0
2007-12-20,13.72,14.38,13.3,13.36,36341068,0.0,1.0
2007-12-21,13.4,14.7,13.4,14.7,36861433,0.0,1.0
2007-12-24,15.2,15.34,14.7,14.94,37117623,0.0,1.0
2007-12-25,14.94,15.28,14.4,15.16,28660597,0.0,1.0
2007-12-26,15.3,15.65,14.58,15.15,41076451,0.0,1.0
2007-12-27,15.1,15.1,14.1,14.17,58001472,0.0,1.0
2007-12-28,13.98,14.37,13.5,13.98,44511263,0.0,1.0
2008-01-02,13.94,14.7,13.81,14.59,37721030,0.0,1.0
2008-01-03,14.61,14.68,14.21,14.45,25472121,0.0,1.0
2008-01-04,14.68,14.94,14.33,14.5,28220658,0.0,1.0
2008-01-07,14.46,14.5,14.02,14.23,25650758,0.0,1.0
2008-01-08,14.27,14.55,14.03,14.53,31719042,0.0,1.0
2008-01-09,14.31,14.75,14.31,14.6,25052590,0.0,1.0
2008-01-10,14.62,14.94,14.46,14.92,32032081,0.0,1.0
2008-01-11,14.92,15.12,14.28,14.43,21741971,0.0,1.0
2008-01-14,14.46,14.65,14.08,14.26,17258628,0.0,1.0
2008-01-15,14.26,14.52,14.04,14.15,16389728,0.0,1.0
2008-01-16,14.08,14.55,13.69,14.37,26402081,0.0,1.0
2008-01-17,14.37,14.61,13.31,13.67,24463939,0.0,1.0
2008-01-18,13.8,13.93,13.31,13.53,12120905,0.0,1.0
2008-01-21,13.5,13.5,12.18,12.35,16288906,0.0,1.0
2008-01-22,12,12,11.12,11.12,15175490,0.0,1.0
2008-01-23,10.8,11.48,10.7,11.41,16047983,0.0,1.0
2008-01-24,11.51,11.85,11.07,11.58,17694247,0.0,1.0
2008-01-25,11.51,12.15,11.32,12.12,18193375,0.0,1.0
2008-01-28,12.24,12.4,11.16,11.21,25812885,0.0,1.0
2008-01-29,11.4,11.7,11.07,11.5,8369644,0.0,1.0
2008-01-30,11.55,11.84,11.2,11.4,6668626,0.0,1.0
2008-01-31,11.33,11.65,11.2,11.21,6563598,0.0,1.0
2008-02-01,11.25,11.35,10.1,10.21,11342084,0.0,1.0
2008-02-04,10.5,11.18,10.5,11.13,8624753,0.0,1.0
2008-02-05,11.03,11.49,10.75,11.17,10217923,0.0,1.0
2008-02-13,11.18,11.38,10.87,11.07,5636376,0.0,1.0
2008-02-14,11.09,11.55,11.09,11.54,7102484,0.0,1.0
2008-02-15,11.38,11.45,11.12,11.32,5420795,0.0,1.0
2008-02-18,11.38,11.73,11.37,11.62,10829209,0.0,1.0
2008-02-19,11.78,11.97,11.64,11.92,15625784,0.0,1.0
2008-02-20,11.88,11.88,11.45,11.48,11868365,0.0,1.0
2008-02-21,11.39,11.55,11.06,11.4,7934084,0.0,1.0
2008-02-22,11.26,11.27,10.72,10.93,9721572,0.0,1.0
2008-02-25,11,11.1,10.26,10.29,6901931,0.0,1.0
2008-02-26,10.5,10.74,10.21,10.66,6002543,0.0,1.0
2008-02-27,10.68,11.04,10.54,10.9,4598494,0.0,1.0
2008-02-28,10.91,10.98,10.62,10.76,4784802,0.0,1.0
2008-02-29,10.75,10.98,10.66,10.93,4471089,0.0,1.0
2008-03-03,10.87,11.5,10.7,11.49,10352953,0.0,1.0
2008-03-04,11.69,11.73,11.18,11.3,10752837,0.0,1.0
2008-03-05,11.4,11.62,11.15,11.61,9384717,0.0,1.0
2008-03-06,11.63,12.18,11.41,11.76,16166535,0.0,1.0
2008-03-07,11.6,11.89,11.38,11.41,7744889,0.0,1.0
2008-03-10,11.42,11.42,10.8,10.91,6794239,0.0,1.0
2008-03-11,10.75,11.1,10.61,11.08,4532427,0.0,1.0
2008-03-12,11.49,11.49,10.79,10.81,4051336,0.0,1.0
2008-03-13,10.65,10.83,10.2,10.41,6498051,0.0,1.0
2008-03-14,10.4,10.58,10.2,10.41,3692177,0.0,1.0
2008-03-17,10.42,10.5,9.37,9.37,6341395,0.0,1.0
2008-03-18,9.17,9.48,8.43,8.43,7048386,0.0,1.0
2008-03-19,8.59,8.9,8.1,8.7,8068559,0.0,1.0
2008-03-20,8.44,9.48,7.91,9.27,13815283,0.0,1.0
2008-03-21,9.15,9.97,9.08,9.46,12806273,0.0,1.0
2008-03-24,9.65,10.06,9.42,9.45,10784625,0.0,1.0
2008-03-25,9.25,9.67,9.15,9.62,5735456,0.0,1.0
2008-03-26,9.79,9.8,9.18,9.3,4748736,0.0,1.0
2008-03-27,9.2,9.2,8.47,8.48,6563378,0.0,1.0
2008-03-28,8.31,8.9,8.1,8.86,7878335,0.0,1.0
2008-03-31,8.58,8.99,8.4,8.51,5217727,0.0,1.0
2008-04-01,8.72,8.75,7.66,7.7,6703335,0.0,1.0
2008-04-02,7.82,7.95,6.94,7.17,7147023,0.0,1.0
2008-04-03,7.14,7.34,6.69,7.22,7134168,0.0,1.0
2008-04-07,7.1,7.77,6.91,7.75,7308206,0.0,1.0
2008-04-08,7.73,8.22,7.58,7.93,9592264,0.0,1.0
2008-04-09,7.85,7.98,7.15,7.18,7379142,0.0,1.0
2008-04-10,7.01,7.4,6.94,7.38,4898210,0.0,1.0
2008-04-11,7.4,7.85,7.4,7.65,5578095,0.0,1.0
2008-04-14,7.54,7.54,6.98,7,5788594,0.0,1.0
2008-04-15,6.98,7.3,6.94,7.29,4098045,0.0,1.0
2008-04-16,7.29,7.35,7.02,7.07,3407952,0.0,1.0
2008-04-17,7.07,7.25,6.68,6.79,3728232,0.0,1.0
2008-04-18,6.73,6.79,6.11,6.13,5890698,0.0,1.0
2008-04-21,6.69,6.71,6,6.18,5904995,0.0,1.0
2008-04-22,6.06,6.06,5.57,5.92,5706337,0.0,1.0
2008-04-23,6,6.32,5.82,6.22,5852701,0.0,1.0
2008-04-24,6.84,6.84,6.66,6.84,10213891,0.0,1.0
2008-04-25,7.25,7.52,7.1,7.52,19646455,0.0,1.0
2008-04-28,7.52,8.14,7.38,7.69,29567778,0.0,1.0
2008-04-29,7.5,7.99,7.32,7.87,19993114,0.0,1.0
2008-04-30,7.9,8.28,7.8,8.09,20689593,0.0,1.0
2008-05-05,8.28,8.3,7.88,8.1,16004324,0.0,1.0
2008-05-06,8.05,8.69,7.8,8.36,21875188,0.0,1.0
2008-05-07,8.1,8.33,7.6,7.66,13112991,0.0,1.0
2008-05-08,7.5,7.95,7.37,7.93,8819009,0.0,1.0
2008-05-09,8.12,8.27,7.8,8.1,17736529,0.0,1.0
2008-05-12,7.95,8.34,7.7,8.2,13367864,0.0,1.0
2008-05-13,7.75,8.2,7.7,8.18,15021986,0.0,1.0
2008-05-14,8.41,8.65,8.25,8.31,19306895,0.0,1.0
2008-05-15,8.31,8.48,8.02,8.07,10774000,0.0,1.0
2008-05-16,8.05,8.19,7.88,8.13,9473200,0.0,1.0
2008-05-19,8.12,8.12,7.88,7.89,5029058,0.0,1.0
2008-05-20,7.96,8.01,7.26,7.28,7833798,0.0,1.0
2008-05-21,7.2,7.49,6.71,7.38,10286220,0.0,1.0
2008-05-22,7.2,7.37,7.06,7.09,7357050,0.0,1.0
2008-05-23,7.11,7.19,6.85,6.96,5504393,0.0,1.0
2008-05-26,6.94,6.94,6.58,6.59,5585931,0.0,1.0
2008-05-27,6.56,6.84,6.56,6.77,3917030,0.0,1.0
2008-05-28,6.7,7.15,6.7,7.07,5793089,0.0,1.0
2008-05-29,7.12,7.15,6.75,6.78,4800666,0.0,1.0
2008-05-30,6.7,7.27,6.7,7.16,8760605,0.0,1.0
2008-06-02,7.16,7.29,7.06,7.13,6774239,0.0,1.0
2008-06-03,7.13,7.28,6.95,7.19,6888433,0.0,1.0
2008-06-04,7.12,7.2,6.89,7.07,4858287,0.0,1.0
2008-06-05,7.05,7.27,7,7.08,6513217,0.0,1.0
2008-06-06,7,7.21,6.96,7.15,5004144,0.0,1.0
2008-06-10,6.81,6.9,6.44,6.44,6622383,0.0,1.0
2008-06-11,6.3,6.4,6,6.13,5927730,0.0,1.0
2008-06-12,6.13,6.13,6.13,6.13,0,0.0,1.0
2008-06-13,6.05,6.16,5.52,5.53,6498414,0.0,1.0
2008-06-16,5.58,5.7,5.28,5.42,4153860,0.0,1.0
2008-06-17,5.41,5.5,4.88,4.88,5692939,0.0,1.0
2008-06-18,4.87,5.26,4.61,5.25,8749694,0.0,1.0
2008-06-19,5.25,5.36,4.73,4.73,7771047,0.0,1.0
2008-06-20,4.78,5.15,4.51,5.01,8559230,0.0,1.0
2008-06-23,4.98,5.1,4.81,4.9,4603579,0.0,1.0
2008-06-24,4.86,5.22,4.83,5.1,5417687,0.0,1.0
2008-06-25,5.08,5.47,5.05,5.39,8120189,0.0,1.0
2008-06-26,5.36,5.58,5.25,5.51,9139321,0.0,1.0
2008-06-27,5.4,5.44,4.96,5.1,11066195,0.0,1.0
2008-06-30,5.1,5.35,5,5.26,6096754,0.0,1.0
2008-07-01,5.27,5.37,5.06,5.1,4283775,0.0,1.0
2008-07-02,5.16,5.24,5.05,5.14,3531576,0.0,1.0
2008-07-03,5,5.39,4.89,5.29,8415647,0.0,1.0
2008-07-04,5.29,5.82,5.22,5.82,18365973,0.0,1.0
2008-07-07,6.05,6.4,6.05,6.18,27819856,0.0,1.0
2008-07-08,6.1,6.35,5.94,6.28,17062260,0.0,1.0
2008-07-09,6.28,6.38,6.16,6.34,14532051,0.0,1.0
2008-07-10,6.25,6.48,6.1,6.11,13471704,0.0,1.0
2008-07-11,6.01,6.15,5.85,6.02,9475531,0.0,1.0
2008-07-14,5.9,6.16,5.88,6.12,6179364,0.0,1.0
2008-07-15,6.17,6.22,5.83,5.98,7931566,0.0,1.0
2008-07-16,5.85,5.91,5.38,5.39,10026283,0.0,1.0
2008-07-17,5.5,5.6,5.05,5.12,6534555,0.0,1.0
2008-07-18,5.2,5.43,5.06,5.42,5660921,0.0,1.0
2008-07-21,5.6,5.96,5.6,5.96,10132895,0.0,1.0
2008-07-22,6.18,6.31,6,6.02,17486937,0.0,1.0
2008-07-23,6.01,6.09,5.82,5.93,9272670,0.0,1.0
2008-07-24,5.95,6.13,5.86,6.09,8591470,0.0,1.0
2008-07-25,6,6.15,5.95,6.02,6002846,0.0,1.0
2008-07-28,6.01,6.15,5.95,6.01,6108585,0.0,1.0
2008-07-29,5.98,5.98,5.7,5.75,6171087,0.0,1.0
2008-07-30,5.85,5.92,5.74,5.78,4367442,0.0,1.0
2008-07-31,5.8,5.89,5.5,5.51,4512229,0.0,1.0
2008-08-01,5.63,6.06,5.55,6.06,14063131,0.0,1.0
2008-08-04,6.02,6.07,5.82,5.84,8829897,0.0,1.0
2008-08-05,5.8,5.87,5.44,5.5,6554420,0.0,1.0
2008-08-06,5.58,5.63,5.36,5.51,5035342,0.0,1.0
2008-08-07,5.52,6.05,5.5,5.95,9914260,0.0,1.0
2008-08-08,5.9,6.02,5.36,5.36,10545533,0.0,1.0
2008-08-11,5.25,5.25,4.82,4.82,6443720,0.0,1.0
2008-08-12,4.42,4.52,4.34,4.34,10552822,0.0,1.0
2008-08-13,4.25,4.25,3.91,4.1,10310254,0.0,1.0
2008-08-14,4.06,4.22,3.87,4.11,7236719,0.0,1.0
2008-08-15,4.1,4.15,3.95,4.03,5870917,0.0,1.0
2008-08-18,4.08,4.08,3.63,3.63,6047151,0.0,1.0
2008-08-19,3.5,3.68,3.4,3.59,5812019,0.0,1.0
2008-08-20,3.57,3.95,3.47,3.95,8929631,0.0,1.0
2008-08-21,3.94,4.17,3.81,4.02,17509103,0.0,1.0
2008-08-22,3.9,4.13,3.82,4.02,9050998,0.0,1.0
2008-08-25,4.04,4.08,3.9,3.96,6521225,0.0,1.0
2008-08-26,3.85,3.88,3.56,3.62,9121015,0.0,1.0
2008-08-27,3.62,3.83,3.55,3.68,6882872,0.0,1.0
2008-08-28,3.63,3.8,3.58,3.61,5200108,0.0,1.0
2008-08-29,3.65,3.9,3.58,3.86,10655457,0.0,1.0
2008-09-01,3.85,4.05,3.82,3.95,17455592,0.0,1.0
2008-09-02,3.88,4.04,3.76,3.94,9082896,0.0,1.0
2008-09-03,3.96,3.96,3.73,3.91,7958845,0.0,1.0
2008-09-04,3.85,3.97,3.82,3.91,4918148,0.0,1.0
2008-09-05,3.77,3.82,3.58,3.59,7522221,0.0,1.0
2008-09-08,3.59,3.68,3.37,3.4,5882905,0.0,1.0
2008-09-09,3.45,3.56,3.38,3.54,4721553,0.0,1.0
2008-09-10,3.49,3.89,3.44,3.89,12995979,0.0,1.0
2008-09-11,3.98,3.99,3.77,3.9,24400975,0.0,1.0
2008-09-12,3.84,4.02,3.78,3.82,12034468,0.0,1.0
2008-09-16,3.78,3.79,3.5,3.5,10110493,0.0,1.0
2008-09-17,3.52,3.62,3.44,3.49,6318569,0.0,1.0
2008-09-18,3.4,3.47,3.14,3.36,8161157,0.0,1.0
2008-09-19,3.7,3.7,3.7,3.7,3192517,0.0,1.0
2008-09-22,4.07,4.07,3.8,3.96,24245580,0.0,1.0
2008-09-23,3.78,3.93,3.64,3.7,15031875,0.0,1.0
2008-09-24,3.6,3.85,3.51,3.83,17248132,0.0,1.0
2008-09-25,3.78,4.13,3.75,3.94,34805199,0.0,1.0
2008-09-26,3.99,4.27,3.92,4.16,37829588,0.0,1.0
2008-10-06,4.06,4.29,3.93,4.17,28597016,0.0,1.0
2008-10-07,3.98,4.06,3.79,3.88,17066439,0.0,1.0
2008-10-08,3.78,3.87,3.55,3.62,13720174,0.0,1.0
2008-10-09,3.7,3.74,3.56,3.57,9545025,0.0,1.0
2008-10-10,3.35,3.45,3.25,3.26,10356890,0.0,1.0
2008-10-13,3.25,3.46,3.11,3.45,11339345,0.0,1.0
2008-10-14,3.59,3.63,3.17,3.19,12198950,0.0,1.0
2008-10-15,3.2,3.25,3.15,3.2,5449280,0.0,1.0
2008-10-16,3.06,3.08,2.89,2.91,8889026,0.0,1.0
2008-10-17,2.98,3.02,2.85,2.94,7303903,0.0,1.0
2008-10-20,2.94,3.1,2.82,3.06,7635957,0.0,1.0
2008-10-21,3.07,3.12,2.98,3,7856716,0.0,1.0
2008-10-22,3.03,3.14,2.96,2.97,8835612,0.0,1.0
2008-10-23,2.83,3.01,2.82,2.99,5628141,0.0,1.0
2008-10-24,2.96,3.02,2.86,2.91,4100284,0.0,1.0
2008-10-27,2.82,2.85,2.62,2.62,6514243,0.0,1.0
2008-10-28,2.57,2.78,2.5,2.7,8342044,0.0,1.0
2008-10-29,2.71,2.73,2.51,2.53,7772247,0.0,1.0
2008-10-30,2.56,2.59,2.5,2.53,6357775,0.0,1.0
2008-10-31,2.54,2.54,2.32,2.38,6859888,0.0,1.0
2008-11-03,2.39,2.45,2.37,2.38,6081547,0.0,1.0
2008-11-04,2.35,2.37,2.28,2.29,4437321,0.0,1.0
2008-11-05,2.32,2.4,2.31,2.37,5666323,0.0,1.0
2008-11-06,2.3,2.35,2.27,2.29,4163196,0.0,1.0
2008-11-07,2.26,2.52,2.24,2.41,8596524,0.0,1.0
2008-11-10,2.45,2.6,2.42,2.59,13004919,0.0,1.0
2008-11-11,2.57,2.65,2.51,2.53,9994578,0.0,1.0
2008-11-12,2.5,2.75,2.47,2.73,13415027,0.0,1.0
2008-11-13,2.65,2.92,2.63,2.9,21081184,0.0,1.0
2008-11-14,2.95,3.05,2.88,3.04,29820190,0.0,1.0
2008-11-17,3.01,3.1,2.92,3.09,22229488,0.0,1.0
2008-11-18,3.02,3.09,2.78,2.78,18661049,0.0,1.0
2008-11-19,2.74,2.99,2.74,2.95,14705655,0.0,1.0
2008-11-20,3.07,3.19,3,3.02,26132833,0.0,1.0
2008-11-21,2.96,3,2.76,2.92,18477750,0.0,1.0
2008-11-24,2.9,2.96,2.74,2.76,10347412,0.0,1.0
2008-11-25,2.83,2.84,2.69,2.77,7104187,0.0,1.0
2008-11-26,2.78,2.83,2.72,2.79,4908253,0.0,1.0
2008-11-27,2.99,3,2.81,2.82,12645984,0.0,1.0
2008-11-28,2.8,2.83,2.71,2.74,5839389,0.0,1.0
2008-12-01,2.74,2.94,2.7,2.92,13455308,0.0,1.0
2008-12-02,2.86,3.02,2.84,2.98,19685611,0.0,1.0
2008-12-03,3.02,3.2,2.96,3.14,30735241,0.0,1.0
2008-12-04,3.22,3.36,3.14,3.18,48184145,0.0,1.0
2008-12-05,3.19,3.26,3.13,3.25,19617003,0.0,1.0
2008-12-08,3.3,3.36,3.25,3.34,24141403,0.0,1.0
2008-12-09,3.34,3.34,3.15,3.17,19011928,0.0,1.0
2008-12-10,3.17,3.39,3.12,3.34,22301193,0.0,1.0
2008-12-11,3.33,3.6,3.2,3.54,48538378,0.0,1.0
2008-12-12,3.45,3.53,3.23,3.43,33407736,0.0,1.0
2008-12-15,3.44,3.5,3.34,3.46,24107469,0.0,1.0
2008-12-16,3.44,3.5,3.27,3.49,20659365,0.0,1.0
2008-12-17,3.54,3.57,3.42,3.53,38360450,0.0,1.0
2008-12-18,3.52,3.61,3.45,3.56,29140006,0.0,1.0
2008-12-19,3.58,3.64,3.48,3.49,29257537,0.0,1.0
2008-12-22,3.45,3.54,3.3,3.51,23877141,0.0,1.0
2008-12-23,3.54,3.62,3.42,3.49,40934648,0.0,1.0
2008-12-24,3.56,3.84,3.51,3.84,37177459,0.0,1.0
2008-12-25,4.19,4.19,3.52,3.62,80781519,0.0,1.0
2008-12-26,3.5,3.57,3.26,3.27,37906365,0.0,1.0
2008-12-29,3.2,3.27,3.07,3.16,21504032,0.0,1.0
2008-12-30,3.12,3.21,3.05,3.1,18237714,0.0,1.0
2008-12-31,3.01,3.05,2.82,2.83,26601763,0.0,1.0
2009-01-05,2.87,2.94,2.8,2.92,22152982,0.0,1.0
2009-01-06,2.89,3.07,2.84,3.04,27052103,0.0,1.0
2009-01-07,3.02,3.18,2.98,3.13,27295289,0.0,1.0
2009-01-08,3.05,3.1,2.93,2.95,18065375,0.0,1.0
2009-01-09,2.96,3.07,2.95,3.03,14133029,0.0,1.0
2009-01-12,3.03,3.14,2.99,3.06,15337878,0.0,1.0
2009-01-13,3.03,3.09,2.98,2.99,11127255,0.0,1.0
2009-01-14,2.96,3.1,2.96,3.08,14731503,0.0,1.0
2009-01-15,3.07,3.23,3.04,3.15,25629397,0.0,1.0
2009-01-16,3.16,3.44,3.14,3.23,30485752,0.0,1.0
2009-01-19,3.26,3.26,3.09,3.15,21881666,0.0,1.0
2009-01-20,3.13,3.19,3.11,3.19,9656435,0.0,1.0
2009-01-21,3.14,3.25,3.12,3.19,12093879,0.0,1.0
2009-01-22,3.2,3.25,3.14,3.22,15360615,0.0,1.0
2009-01-23,3.24,3.24,3.15,3.15,10458386,0.0,1.0
2009-02-02,3.16,3.23,3.15,3.23,10288075,0.0,1.0
2009-02-03,3.25,3.4,3.23,3.38,27023206,0.0,1.0
2009-02-04,3.4,3.48,3.32,3.45,34099283,0.0,1.0
2009-02-05,3.45,3.62,3.35,3.44,38708863,0.0,1.0
2009-02-06,3.44,3.73,3.43,3.71,42677937,0.0,1.0
2009-02-09,3.76,3.78,3.6,3.77,49230295,0.0,1.0
2009-02-10,3.77,4.01,3.7,3.97,50154447,0.0,1.0
2009-02-11,3.86,4.12,3.81,3.9,48817954,0.0,1.0
2009-02-12,3.9,3.93,3.65,3.87,32457903,0.0,1.0
2009-02-13,3.86,4.15,3.83,4.13,46453300,0.0,1.0
2009-02-16,4.1,4.45,4.09,4.37,52282402,0.0,1.0
2009-02-17,4.32,4.32,4.03,4.04,38773779,0.0,1.0
2009-02-18,3.91,4.09,3.81,3.87,33314159,0.0,1.0
2009-02-19,3.88,3.95,3.79,3.88,18014046,0.0,1.0
2009-02-20,3.88,4.01,3.82,4,18567321,0.0,1.0
2009-02-23,4.05,4.17,3.96,4.14,27377149,0.0,1.0
2009-02-24,4.2,4.55,4.2,4.29,118937386,0.0,1.0
2009-02-25,4.25,4.3,3.9,4.15,61115491,0.0,1.0
2009-02-26,4.15,4.15,3.74,3.74,30465754,0.0,1.0
2009-02-27,3.66,3.66,3.37,3.4,24311776,0.0,1.0
2009-03-02,3.33,3.49,3.33,3.48,14076767,0.0,1.0
2009-03-03,3.33,3.48,3.3,3.41,13720396,0.0,1.0
2009-03-04,3.46,3.65,3.44,3.63,23329793,0.0,1.0
2009-03-05,3.66,3.72,3.53,3.65,25133460,0.0,1.0
2009-03-06,3.57,3.67,3.51,3.63,15844302,0.0,1.0
2009-03-09,3.63,3.68,3.4,3.41,14964434,0.0,1.0
2009-03-10,3.38,3.52,3.36,3.52,10301042,0.0,1.0
2009-03-11,3.58,3.62,3.43,3.48,11267796,0.0,1.0
2009-03-12,3.47,3.51,3.37,3.51,10816305,0.0,1.0
2009-03-13,3.52,3.55,3.43,3.46,8922482,0.0,1.0
2009-03-16,3.42,3.53,3.39,3.5,8505514,0.0,1.0
2009-03-17,3.48,3.68,3.48,3.64,19748623,0.0,1.0
2009-03-18,3.66,3.75,3.61,3.67,21739256,0.0,1.0
2009-03-19,3.68,3.8,3.67,3.79,21663800,0.0,1.0
2009-03-20,3.79,3.8,3.65,3.75,18849151,0.0,1.0
2009-03-23,3.76,3.84,3.71,3.81,21130368,0.0,1.0
2009-03-24,3.83,3.94,3.78,3.89,24929012,0.0,1.0
2009-03-25,3.85,3.87,3.66,3.69,18948610,0.0,1.0
2009-03-26,3.75,3.86,3.71,3.84,20180933,0.0,1.0
2009-03-27,3.86,4.04,3.79,3.98,35592903,0.0,1.0
2009-03-30,3.95,4.1,3.93,3.97,23883364,0.0,1.0
2009-03-31,3.83,3.97,3.81,3.96,16886585,0.0,1.0
2009-04-01,3.96,4.06,3.95,4.02,22529010,0.0,1.0
2009-04-02,4.05,4.18,4.02,4.04,29362939,0.0,1.0
2009-04-03,4.07,4.09,3.89,3.91,19254841,0.0,1.0
2009-04-07,3.92,3.97,3.86,3.95,12276557,0.0,1.0
2009-04-08,3.94,3.94,3.76,3.77,17148024,0.0,1.0
2009-04-09,3.74,3.84,3.71,3.83,11519976,0.0,1.0
2009-04-10,3.85,3.94,3.8,3.93,16012903,0.0,1.0
2009-04-13,3.95,4.06,3.94,3.99,24057458,0.0,1.0
2009-04-14,4,4.15,3.97,4.1,27280193,0.0,1.0
2009-04-15,4.08,4.14,3.97,4.12,24545806,0.0,1.0
2009-04-16,4.12,4.2,4.04,4.17,31832608,0.0,1.0
2009-04-17,4.15,4.44,4.06,4.26,49246150,0.0,1.0
2009-04-20,4.24,4.39,4.16,4.36,36420156,0.0,1.0
2009-04-21,4.3,4.48,4.15,4.42,47308475,0.0,1.0
2009-04-22,4.49,4.58,4.21,4.26,45804516,0.0,1.0
2009-04-23,4.13,4.25,4.07,4.18,22003638,0.0,1.0
2009-04-24,4.21,4.23,4,4.01,25007077,0.0,1.0
2009-04-27,3.99,4.05,3.84,3.87,17014202,0.0,1.0
2009-04-28,3.86,3.95,3.83,3.94,12577583,0.0,1.0
2009-04-29,3.95,4.33,3.91,4.26,38736471,0.0,1.0
2009-04-30,4.29,4.43,4.21,4.36,53709574,0.0,1.0
2009-05-04,4.33,4.55,4.28,4.53,43246375,0.0,1.0
2009-05-05,4.58,4.6,4.41,4.46,31754390,0.0,1.0
2009-05-06,4.51,4.7,4.5,4.55,46974754,0.0,1.0
2009-05-07,4.59,4.59,4.35,4.42,33391248,0.0,1.0
2009-05-08,4.4,4.86,4.37,4.75,82453509,0.0,1.0
2009-05-11,4.7,4.77,4.37,4.4,55060681,0.0,1.0
2009-05-12,4.33,4.56,4.32,4.54,25007295,0.0,1.0
2009-05-13,4.57,4.72,4.48,4.64,30282488,0.0,1.0
2009-05-14,4.57,4.86,4.54,4.8,42984646,0.0,1.0
2009-05-15,4.77,4.83,4.65,4.74,26984974,0.0,1.0
2009-05-18,4.7,4.76,4.54,4.74,22672506,0.0,1.0
2009-05-19,4.76,4.85,4.67,4.72,30094592,0.0,1.0
2009-05-20,4.7,4.74,4.55,4.57,25764301,0.0,1.0
2009-05-21,4.52,4.62,4.48,4.6,22580422,0.0,1.0
2009-05-22,4.58,4.69,4.56,4.61,16880766,0.0,1.0
2009-05-25,4.46,4.67,4.41,4.66,22586605,0.0,1.0
2009-05-26,4.68,4.82,4.63,4.64,23745547,0.0,1.0
2009-05-27,4.65,4.82,4.54,4.79,26353152,0.0,1.0
2009-06-01,4.8,4.92,4.73,4.85,32980061,0.0,1.0
2009-06-02,4.86,4.94,4.78,4.81,24850220,0.0,1.0
2009-06-03,4.81,4.87,4.76,4.8,20881804,0.0,1.0
2009-06-04,4.78,4.93,4.68,4.92,32885865,0.0,1.0
2009-06-05,4.96,5.09,4.88,4.94,46605237,0.0,1.0
2009-06-08,4.9,4.97,4.82,4.85,21497757,0.0,1.0
2009-06-09,4.85,4.94,4.76,4.93,19106535,0.0,1.0
2009-06-10,4.96,5.09,4.9,5,28730747,0.0,1.0
2009-06-11,4.99,5.16,4.95,5.05,30003155,0.0,1.0
2009-06-12,5.13,5.24,4.88,4.93,33555709,0.0,1.0
2009-06-15,5.13,5.24,4.88,4.93,33555708,0.0,1.0
2009-06-16,5,5.14,4.93,5.05,25408915,0.0,1.0
2009-06-17,5,5.39,5,5.29,44869018,0.0,1.0
2009-06-18,5.33,5.43,5.25,5.35,40404717,0.0,1.0
2009-06-19,5.36,5.5,5.26,5.39,33964496,0.0,1.0
2009-06-22,5.44,5.47,5.2,5.25,27639730,0.0,1.0
2009-06-23,5.18,5.21,5.05,5.12,22627288,0.0,1.0
2009-06-24,5.11,5.16,5.08,5.15,15089313,0.0,1.0
2009-06-25,5.13,5.19,5.05,5.08,15447224,0.0,1.0
2009-06-26,5.09,5.18,5.07,5.12,16639660,0.0,1.0
2009-06-29,5.14,5.17,5.07,5.09,15912817,0.0,1.0
2009-06-30,5.09,5.12,5.01,5.02,13859728,0.0,1.0
2009-07-01,5,5.15,5,5.11,14668776,0.0,1.0
2009-07-02,5.14,5.3,5.09,5.26,32550590,0.0,1.0
2009-07-03,5.25,5.45,5.21,5.38,46983018,0.0,1.0
2009-07-06,5.42,5.47,5.24,5.3,31430397,0.0,1.0
2009-07-07,5.29,5.37,5.2,5.22,22647833,0.0,1.0
2009-07-08,5.19,5.35,5.17,5.31,19676247,0.0,1.0
2009-07-09,5.34,5.4,5.25,5.33,20151916,0.0,1.0
2009-07-10,5.36,5.63,5.3,5.55,52861544,0.0,1.0
2009-07-13,5.53,5.65,5.47,5.56,43895992,0.0,1.0
2009-07-14,5.65,5.94,5.65,5.77,57608760,0.0,1.0
2009-07-15,5.8,5.87,5.71,5.75,32434794,0.0,1.0
2009-07-16,5.77,5.94,5.65,5.78,34885586,0.0,1.0
2009-07-17,5.77,5.91,5.71,5.82,32200310,0.0,1.0
2009-07-20,5.8,5.89,5.76,5.83,28503119,0.0,1.0
2009-07-21,5.82,5.9,5.54,5.57,32035224,0.0,1.0
2009-07-22,5.55,5.75,5.54,5.74,29024279,0.0,1.0
2009-07-23,5.83,6.31,5.83,6.08,88897546,0.0,1.0
2009-07-24,6,6.21,5.9,6.12,50593249,0.0,1.0
2009-07-27,6.2,6.27,6.07,6.15,28683283,0.0,1.0
2009-07-28,6.12,6.17,6.03,6.16,25974954,0.0,1.0
2009-07-29,6.12,6.17,5.54,5.69,33123050,0.0,1.0
2009-07-30,5.68,5.85,5.57,5.79,22046463,0.0,1.0
2009-07-31,5.81,6.04,5.79,6.02,22464963,0.0,1.0
2009-08-03,6.03,6.19,6.02,6.13,23109774,0.0,1.0
2009-08-04,6.12,6.12,5.94,6.11,23301721,0.0,1.0
2009-08-05,6.08,6.3,6.06,6.29,41286620,0.0,1.0
2009-08-06,6.27,6.32,6.04,6.12,25721912,0.0,1.0
2009-08-07,6.13,6.19,5.89,5.94,22200761,0.0,1.0
2009-08-10,6.03,6.09,5.93,6.06,15399765,0.0,1.0
2009-08-11,6.07,6.15,5.97,6.14,15422156,0.0,1.0
2009-08-12,6.13,6.13,5.86,5.89,19920534,0.0,1.0
2009-08-13,5.91,5.93,5.76,5.84,13617210,0.0,1.0
2009-08-14,5.84,5.84,5.38,5.4,21620129,0.0,1.0
2009-08-17,5.33,5.33,4.86,4.87,20227075,0.0,1.0
2009-08-18,4.83,5.03,4.82,4.96,12098625,0.0,1.0
2009-08-19,4.98,5.01,4.47,4.57,14671959,0.0,1.0
2009-08-20,4.57,4.77,4.53,4.75,12820195,0.0,1.0
2009-08-21,4.74,4.88,4.7,4.85,14428114,0.0,1.0
2009-08-24,4.86,4.96,4.79,4.92,14205407,0.0,1.0
2009-08-25,4.9,4.9,4.59,4.75,15118061,0.0,1.0
2009-08-26,4.7,5.08,4.66,4.97,18557023,0.0,1.0
2009-08-27,4.94,5.17,4.93,5.06,15765398,0.0,1.0
2009-08-28,5.06,5.06,4.86,4.96,11414094,0.0,1.0
2009-08-31,4.89,4.89,4.56,4.58,10898088,0.0,1.0
2009-09-01,4.58,4.75,4.52,4.63,8693522,0.0,1.0
2009-09-02,4.56,4.7,4.55,4.65,5920785,0.0,1.0
2009-09-03,4.68,4.88,4.61,4.85,12141921,0.0,1.0
2009-09-04,4.86,4.92,4.81,4.9,11542407,0.0,1.0
2009-09-07,4.92,5.09,4.89,4.95,16185335,0.0,1.0
2009-09-08,4.91,5,4.87,4.99,11308494,0.0,1.0
2009-09-09,5.02,5.08,4.92,5.01,10432928,0.0,1.0
2009-09-10,4.95,5.04,4.93,4.95,8700858,0.0,1.0
2009-09-11,4.93,5.08,4.91,5.02,11927140,0.0,1.0
2009-09-14,5.05,5.18,5.01,5.15,15692755,0.0,1.0
2009-09-15,5.17,5.25,5.08,5.16,14904462,0.0,1.0
2009-09-16,5.17,5.33,5.13,5.26,21329404,0.0,1.0
2009-09-17,5.26,5.4,5.24,5.37,18645094,0.0,1.0
2009-09-18,5.4,5.42,5.08,5.14,20766050,0.0,1.0
2009-09-21,5.05,5.23,4.93,5.19,14282678,0.0,1.0
2009-09-22,5.16,5.21,5,5.02,11593912,0.0,1.0
2009-09-23,5.01,5.07,4.88,4.91,11768035,0.0,1.0
2009-09-24,4.87,4.95,4.75,4.89,9754059,0.0,1.0
2009-09-25,4.89,4.92,4.81,4.83,6134080,0.0,1.0
2009-09-28,4.83,4.9,4.58,4.65,6124053,0.0,1.0
2009-09-29,4.67,4.69,4.51,4.57,5574265,0.0,1.0
2009-09-30,4.64,4.67,4.58,4.59,5662914,0.0,1.0
2009-10-09,4.66,4.83,4.63,4.82,7816298,0.0,1.0
2009-10-12,4.83,4.88,4.78,4.8,6518373,0.0,1.0
2009-10-13,4.72,5.19,4.72,5.09,16840646,0.0,1.0
2009-10-14,5.03,5.13,4.99,5.04,11659082,0.0,1.0
2009-10-15,5.1,5.15,5.02,5.08,11682000,0.0,1.0
2009-10-16,5.07,5.13,4.98,5.12,11082747,0.0,1.0
2009-10-19,5.11,5.23,5.06,5.21,14311563,0.0,1.0
2009-10-20,5.22,5.24,5.15,5.22,13163828,0.0,1.0
2009-10-21,5.21,5.31,5.16,5.19,13314358,0.0,1.0
2009-10-22,5.19,5.27,5.15,5.18,9083719,0.0,1.0
2009-10-23,5.19,5.43,5.18,5.37,25868419,0.0,1.0
2009-10-26,5.32,5.39,5.25,5.34,19376750,0.0,1.0
2009-10-27,5.31,5.31,5.1,5.1,13191403,0.0,1.0
2009-10-28,5.12,5.3,5.07,5.29,12551136,0.0,1.0
2009-10-29,5.17,5.37,5.13,5.25,23951122,0.0,1.0
2009-10-30,5.3,5.38,5.2,5.35,22517083,0.0,1.0
2009-11-02,5.26,5.57,5.2,5.54,31290280,0.0,1.0
2009-11-03,5.55,5.67,5.51,5.59,25205041,0.0,1.0
2009-11-04,5.59,5.64,5.5,5.54,16682621,0.0,1.0
2009-11-05,5.55,5.78,5.51,5.74,30167971,0.0,1.0
2009-11-06,5.84,5.89,5.66,5.69,30850192,0.0,1.0
2009-11-09,5.69,5.77,5.65,5.73,17180364,0.0,1.0
2009-11-10,5.77,5.77,5.64,5.66,15900545,0.0,1.0
2009-11-11,5.62,5.74,5.56,5.71,17956419,0.0,1.0
2009-11-12,5.7,5.82,5.69,5.72,17908548,0.0,1.0
2009-11-13,5.73,5.87,5.7,5.85,23365454,0.0,1.0
2009-11-16,5.9,6.05,5.86,6.03,29320124,0.0,1.0
2009-11-17,6,6,5.91,5.95,17327769,0.0,1.0
2009-11-18,5.96,6.05,5.87,5.96,17798854,0.0,1.0
2009-11-19,5.95,6.11,5.9,6.09,23404706,0.0,1.0
2009-11-20,6.05,6.3,6.01,6.27,31379429,0.0,1.0
2009-11-23,6.24,6.43,6.19,6.41,38836882,0.0,1.0
2009-11-24,6.48,6.54,5.93,5.97,53591679,0.0,1.0
2009-11-25,5.93,6.23,5.9,6.19,23357535,0.0,1.0
2009-11-26,6.2,6.24,5.73,5.86,30417332,0.0,1.0
2009-11-27,5.75,5.93,5.66,5.86,21383206,0.0,1.0
2009-11-30,5.92,6.14,5.85,6.11,28938686,0.0,1.0
2009-12-01,6.09,6.2,6.03,6.18,22915996,0.0,1.0
2009-12-02,6.21,6.25,6.15,6.19,21317845,0.0,1.0
2009-12-03,6.18,6.36,6.14,6.33,26254936,0.0,1.0
2009-12-04,6.3,6.37,5.94,6.13,28128719,0.0,1.0
2009-12-07,6.07,6.32,6.07,6.25,18026609,0.0,1.0
2009-12-08,6.25,6.27,6.08,6.15,14249362,0.0,1.0
2009-12-09,6.1,6.15,5.92,5.98,20355047,0.0,1.0
2009-12-10,5.98,6.09,5.94,6.07,12298213,0.0,1.0
2009-12-11,6.07,6.09,5.98,5.99,10173694,0.0,1.0
2009-12-14,5.99,5.99,5.72,5.89,13857107,0.0,1.0
2009-12-15,5.9,5.95,5.86,5.9,8241489,0.0,1.0
2009-12-16,5.9,5.93,5.81,5.83,8012661,0.0,1.0
2009-12-17,5.85,5.86,5.62,5.64,9969492,0.0,1.0
2009-12-18,5.58,5.69,5.51,5.55,9987808,0.0,1.0
2009-12-21,5.58,5.68,5.51,5.66,7247805,0.0,1.0
2009-12-22,5.68,5.7,5.45,5.45,7130860,0.0,1.0
2009-12-23,5.47,5.57,5.45,5.56,7278996,0.0,1.0
2009-12-24,5.55,5.69,5.51,5.68,8064782,0.0,1.0
2009-12-25,5.67,5.74,5.62,5.69,6625997,0.0,1.0
2009-12-28,5.72,5.82,5.7,5.76,8554642,0.0,1.0
2009-12-29,5.77,5.87,5.7,5.84,9934036,0.0,1.0
2009-12-30,5.84,5.85,5.72,5.8,8567532,0.0,1.0
2009-12-31,5.83,5.89,5.77,5.87,9301025,0.0,1.0
2010-01-04,5.9,5.93,5.83,5.89,10746185,0.0,1.0
2010-01-05,5.89,6.03,5.89,6,17559784,0.0,1.0
2010-01-06,6.01,6.02,5.86,5.87,12143188,0.0,1.0
2010-01-07,5.86,5.9,5.65,5.73,9975378,0.0,1.0
2010-01-08,5.7,5.87,5.68,5.82,8654572,0.0,1.0
2010-01-11,6.1,6.18,5.86,5.91,19680564,0.0,1.0
2010-01-12,5.88,6,5.84,5.99,12354662,0.0,1.0
2010-01-13,5.89,6.07,5.85,6.01,21863685,0.0,1.0
2010-01-14,6.02,6.15,5.97,6.12,21689783,0.0,1.0
2010-01-15,6.12,6.14,6.04,6.09,12881584,0.0,1.0
2010-01-18,6.07,6.36,6.05,6.3,33117356,0.0,1.0
2010-01-19,6.3,6.33,6.18,6.25,17565467,0.0,1.0
2010-01-20,6.25,6.33,6,6.06,21766187,0.0,1.0
2010-01-21,6.16,6.67,6.14,6.67,34203140,0.0,1.0
2010-01-22,6.98,7.26,6.71,6.86,141667284,0.0,1.0
2010-01-25,6.75,6.94,6.53,6.55,50973180,0.0,1.0
2010-01-26,6.55,6.57,6.01,6.18,45009003,0.0,1.0
2010-01-27,6.17,6.19,6,6.01,23912132,0.0,1.0
2010-01-28,6,6.12,5.97,6.08,22192495,0.0,1.0
2010-01-29,6.02,6.23,5.98,6.12,22026330,0.0,1.0
2010-02-01,6.1,6.1,5.75,5.92,24092054,0.0,1.0
2010-02-02,5.93,6.04,5.8,5.82,16256709,0.0,1.0
2010-02-03,5.83,6.33,5.82,6.24,39729797,0.0,1.0
2010-02-04,6.17,6.86,6.12,6.64,65426746,0.0,1.0
2010-02-05,6.42,6.69,6.26,6.4,39239245,0.0,1.0
2010-02-08,6.4,7.04,6.37,7.04,75660451,0.0,1.0
2010-02-09,7.19,7.19,6.63,6.84,75725285,0.0,1.0
2010-02-10,6.79,6.84,6.53,6.69,31905825,0.0,1.0
2010-02-11,6.69,6.82,6.59,6.65,18703924,0.0,1.0
2010-02-12,6.67,6.79,6.61,6.75,16602766,0.0,1.0
2010-02-22,6.7,7.43,6.66,7.18,81767543,0.0,1.0
2010-02-23,7.15,7.42,7.1,7.27,55422027,0.0,1.0
2010-02-24,7.19,7.45,7.12,7.41,41622182,0.0,1.0
2010-02-25,7.42,7.5,7.31,7.42,45115951,0.0,1.0
2010-02-26,7.42,7.88,7.31,7.47,48179784,0.0,1.0
2010-03-01,7.46,7.65,7.38,7.47,38407852,0.0,1.0
2010-03-02,7.48,7.55,7.23,7.52,37468459,0.0,1.0
2010-03-03,7.5,7.78,7.37,7.68,41931506,0.0,1.0
2010-03-04,7.69,7.69,7.2,7.23,38723700,0.0,1.0
2010-03-05,7.23,7.39,7.1,7.26,25418488,0.0,1.0
2010-03-08,7.28,7.43,7.22,7.31,18138483,0.0,1.0
2010-03-09,7.3,7.64,7.26,7.51,35870749,0.0,1.0
2010-03-10,7.46,7.49,7.22,7.29,22869440,0.0,1.0
2010-03-11,7.27,7.32,7.04,7.1,23253845,0.0,1.0
2010-03-12,7.08,7.15,6.9,6.91,20314603,0.0,1.0
2010-03-15,6.88,7.07,6.88,6.99,15072489,0.0,1.0
2010-03-16,6.99,7.07,6.9,7.05,10469427,0.0,1.0
2010-03-17,7.07,7.18,7.02,7.16,15947199,0.0,1.0
2010-03-18,7.16,7.28,7.11,7.19,15908945,0.0,1.0
2010-03-19,7.19,7.2,7.12,7.2,12495177,0.0,1.0
2010-03-22,7.25,7.26,7.13,7.19,11908269,0.0,1.0
2010-03-23,7.19,7.26,7.14,7.17,12765226,0.0,1.0
2010-03-24,7.18,7.21,7.07,7.09,13622643,0.0,1.0
2010-03-25,7.06,7.06,6.85,6.86,17079138,0.0,1.0
2010-03-26,6.86,7.32,6.84,7.17,26843711,0.0,1.0
2010-03-29,7.18,7.3,7.12,7.22,15813119,0.0,1.0
2010-03-30,7.25,7.36,7.18,7.27,18398484,0.0,1.0
2010-03-31,7.29,7.29,7.15,7.19,13576236,0.0,1.0
2010-04-01,7.18,7.24,7.15,7.23,13910367,0.0,1.0
2010-04-02,7.24,7.26,7.16,7.21,12126160,0.0,1.0
2010-04-06,7.28,7.37,7.24,7.35,17571315,0.0,1.0
2010-04-07,7.32,7.37,7.2,7.24,12007122,0.0,1.0
2010-04-08,7.19,7.23,7.12,7.14,12093357,0.0,1.0
2010-04-09,7.14,7.24,7.12,7.18,10475040,0.0,1.0
2010-04-12,7.21,7.34,7.12,7.33,17633598,0.0,1.0
2010-04-13,7.34,7.88,7.33,7.6,66812795,0.0,1.0
2010-04-14,7.57,7.65,7.42,7.58,24317832,0.0,1.0
2010-04-15,7.58,7.63,7.36,7.54,19097292,0.0,1.0
2010-04-16,7.54,7.55,7.35,7.38,11428437,0.0,1.0
2010-04-19,7.27,7.28,6.8,6.81,22017595,0.0,1.0
2010-04-20,6.75,6.89,6.66,6.83,15183912,0.0,1.0
2010-04-21,6.86,6.98,6.76,6.96,14867185,0.0,1.0
2010-04-22,6.91,6.94,6.76,6.82,14596699,0.0,1.0
2010-04-23,6.8,6.94,6.76,6.83,10169008,0.0,1.0
2010-04-26,6.8,6.89,6.7,6.73,10148948,0.0,1.0
2010-04-27,6.72,6.72,6.22,6.39,15809187,0.0,1.0
2010-04-28,6.31,6.41,6.15,6.21,9755909,0.0,1.0
2010-04-29,6.2,6.27,6,6.01,15044694,0.0,1.0
2010-04-30,5.99,6.04,5.72,5.81,10694698,0.0,1.0
2010-05-04,5.76,5.9,5.66,5.79,6536441,0.0,1.0
2010-05-05,5.78,5.97,5.74,5.96,8714720,0.0,1.0
2010-05-06,5.98,6.06,5.74,5.76,8919635,0.0,1.0
2010-05-07,5.62,5.77,5.57,5.63,6826038,0.0,1.0
2010-05-10,5.62,5.75,5.49,5.63,6688141,0.0,1.0
2010-05-11,5.8,5.8,5.45,5.5,7525434,0.0,1.0
2010-05-12,5.45,5.6,5.4,5.54,7086481,0.0,1.0
2010-05-13,5.53,5.63,5.43,5.63,7519296,0.0,1.0
2010-05-14,5.59,5.66,5.53,5.62,6558328,0.0,1.0
2010-05-17,5.56,5.6,5.06,5.06,10205098,0.0,1.0
2010-05-18,5.03,5.1,4.76,5,12201738,0.0,1.0
2010-05-19,4.95,5.05,4.88,4.92,6667313,0.0,1.0
2010-05-20,4.88,5.04,4.85,4.94,9397198,0.0,1.0
2010-05-21,4.78,4.98,4.7,4.96,8842809,0.0,1.0
2010-05-24,5,5.18,4.99,5.14,12605303,0.0,1.0
2010-05-25,5.12,5.27,5.06,5.09,12519850,0.0,1.0
2010-05-26,5.03,5.18,5.03,5.13,7796792,0.0,1.0
2010-05-27,5.11,5.23,5.03,5.2,10643942,0.0,1.0
2010-05-28,5.26,5.3,5.18,5.24,11982922,0.0,1.0
2010-05-31,5.23,5.45,5.11,5.33,24145526,0.0,1.0
2010-06-01,5.3,5.45,5.1,5.17,22486655,0.0,1.0
2010-06-02,5.13,5.33,4.93,5.32,14070543,0.0,1.0
2010-06-03,5.33,5.48,5.21,5.23,20036695,0.0,1.0
2010-06-04,5.18,5.3,5.11,5.24,8380393,0.0,1.0
2010-06-07,5.08,5.36,5.02,5.34,13822275,0.0,1.0
2010-06-08,5.36,5.58,5.29,5.42,28606083,0.0,1.0
2010-06-09,5.38,5.6,5.29,5.45,17173067,0.0,1.0
2010-06-10,5.38,5.42,5.3,5.31,10681889,0.0,1.0
2010-06-11,5.31,5.31,5.31,5.31,0,0.0,1.0
2010-06-15,5.31,5.31,5.31,5.31,0,0.0,1.0
2010-06-17,5.84,5.84,5.44,5.45,29408515,0.0,1.0
2010-06-18,5.37,5.44,5.06,5.12,16653209,0.0,1.0
2010-06-21,5.12,5.28,5.07,5.24,7418458,0.0,1.0
2010-06-22,5.21,5.37,5.19,5.29,8553447,0.0,1.0
2010-06-23,5.26,5.34,5.16,5.23,6868400,0.0,1.0
2010-06-24,5.24,5.3,5.18,5.25,3879723,0.0,1.0
2010-06-25,5.24,5.24,5.11,5.15,4144475,0.0,1.0
2010-06-28,5.16,5.2,5.1,5.13,3101476,0.0,1.0
2010-06-29,5.12,5.15,4.76,4.78,8504000,0.0,1.0
2010-06-30,4.75,4.76,4.54,4.6,5598262,0.0,1.0
2010-07-01,4.61,4.67,4.51,4.53,3723506,0.0,1.0
2010-07-02,4.56,4.78,4.45,4.64,8476692,0.0,1.0
2010-07-05,4.59,4.7,4.51,4.69,6239611,0.0,1.0
2010-07-06,4.65,4.85,4.65,4.79,8959561,0.0,1.0
2010-07-07,4.75,4.82,4.69,4.78,6094315,0.0,1.0
2010-07-08,4.81,4.82,4.68,4.75,4873350,0.0,1.0
2010-07-09,4.77,4.92,4.71,4.9,10326386,0.0,1.0
2010-07-12,4.91,4.98,4.86,4.92,9597865,0.0,1.0
2010-07-13,4.86,4.87,4.73,4.75,6409470,0.0,1.0
2010-07-14,4.77,5.01,4.77,4.93,12996925,0.0,1.0
2010-07-15,4.99,5.08,4.85,4.86,16004671,0.0,1.0
2010-07-16,4.8,4.88,4.68,4.83,9709596,0.0,1.0
2010-07-19,4.77,4.98,4.76,4.97,9125856,0.0,1.0
2010-07-20,5.03,5.17,5.01,5.14,16826887,0.0,1.0
2010-07-21,5.08,5.25,5.06,5.24,18743463,0.0,1.0
2010-07-22,5.23,5.5,5.18,5.26,21571440,0.0,1.0
2010-07-23,5.24,5.39,5.11,5.18,13173554,0.0,1.0
2010-07-26,5.18,5.22,5.13,5.2,7844470,0.0,1.0
2010-07-27,5.2,5.28,5.14,5.2,7971876,0.0,1.0
2010-07-28,5.21,5.44,5.17,5.34,15647893,0.0,1.0
2010-07-29,5.34,5.43,5.27,5.38,13481677,0.0,1.0
2010-07-30,5.36,5.42,5.28,5.37,10185012,0.0,1.0
2010-08-02,5.39,5.56,5.39,5.51,17540126,0.0,1.0
2010-08-03,5.51,5.53,5.3,5.32,14406229,0.0,1.0
2010-08-04,5.32,5.41,5.22,5.39,10865745,0.0,1.0
2010-08-05,5.39,5.46,5.31,5.38,9465919,0.0,1.0
2010-08-06,5.38,5.47,5.25,5.45,14977811,0.0,1.0
2010-08-09,5.45,5.56,5.41,5.53,16912984,0.0,1.0
2010-08-10,5.54,5.55,5.27,5.28,12833166,0.0,1.0
2010-08-11,5.28,5.37,5.26,5.32,7038447,0.0,1.0
2010-08-12,5.26,5.34,5.21,5.22,7820541,0.0,1.0
2010-08-13,5.23,5.31,5.19,5.3,6384246,0.0,1.0
2010-08-16,5.29,5.41,5.26,5.39,9927440,0.0,1.0
2010-08-17,5.39,5.57,5.39,5.52,20077353,0.0,1.0
2010-08-18,5.5,5.55,5.41,5.48,10455836,0.0,1.0
2010-08-19,5.46,5.67,5.43,5.62,20541036,0.0,1.0
2010-08-20,5.59,5.59,5.4,5.43,13814594,0.0,1.0
2010-08-23,5.44,5.49,5.41,5.48,8078918,0.0,1.0
2010-08-24,5.45,5.61,5.38,5.6,15031463,0.0,1.0
2010-08-25,5.54,5.6,5.46,5.48,12802879,0.0,1.0
2010-08-26,5.49,5.66,5.43,5.65,23646741,0.0,1.0
2010-08-27,5.61,5.73,5.55,5.66,18157664,0.0,1.0
2010-08-30,5.67,5.71,5.6,5.7,16456793,0.0,1.0
2010-08-31,5.69,5.69,5.56,5.58,13948316,0.0,1.0
2010-09-01,5.6,5.63,5.38,5.48,13691442,0.0,1.0
2010-09-02,5.51,5.57,5.45,5.53,9871785,0.0,1.0
2010-09-03,5.52,5.78,5.49,5.65,26847319,0.0,1.0
2010-09-06,5.66,5.72,5.59,5.69,15573549,0.0,1.0
2010-09-07,5.67,5.73,5.61,5.69,11498098,0.0,1.0
2010-09-08,5.65,5.73,5.6,5.71,15100409,0.0,1.0
2010-09-09,5.7,5.86,5.66,5.71,28241604,0.0,1.0
2010-09-10,5.71,6.04,5.56,5.96,37444044,0.0,1.0
2010-09-13,5.9,6.04,5.9,5.96,19999839,0.0,1.0
2010-09-14,5.98,6.01,5.83,5.88,14635610,0.0,1.0
2010-09-15,5.87,6.01,5.77,5.85,15539489,0.0,1.0
2010-09-16,5.84,5.88,5.56,5.59,15825002,0.0,1.0
2010-09-17,5.61,5.67,5.51,5.56,9491163,0.0,1.0
2010-09-20,5.55,5.6,5.42,5.44,8211826,0.0,1.0
2010-09-21,5.45,5.51,5.41,5.44,5083755,0.0,1.0
2010-09-27,5.48,5.54,5.47,5.54,5543585,0.0,1.0
2010-09-28,5.52,5.58,5.39,5.41,8791765,0.0,1.0
2010-09-29,5.41,5.64,5.39,5.58,12521889,0.0,1.0
2010-09-30,5.53,5.65,5.51,5.57,8445999,0.0,1.0
2010-10-08,5.61,5.72,5.56,5.68,10729043,0.0,1.0
2010-10-11,5.67,5.88,5.64,5.82,17924543,0.0,1.0
2010-10-12,5.78,5.88,5.74,5.83,14440512,0.0,1.0
2010-10-13,5.81,5.83,5.71,5.78,12117070,0.0,1.0
2010-10-14,5.86,5.87,5.65,5.65,16184098,0.0,1.0
2010-10-15,5.65,5.73,5.56,5.68,13595018,0.0,1.0
2010-10-18,5.73,5.98,5.66,5.88,26704195,0.0,1.0
2010-10-19,5.86,5.96,5.82,5.93,17606844,0.0,1.0
2010-10-20,5.81,6.06,5.8,6.02,27964301,0.0,1.0
2010-10-21,6,6.03,5.86,5.9,16370677,0.0,1.0
2010-10-22,5.92,6.01,5.85,5.99,14289200,0.0,1.0
2010-10-25,6.03,6.15,5.95,6.11,22761416,0.0,1.0
2010-10-26,6.2,6.2,5.98,6.04,22299852,0.0,1.0
2010-10-27,6.03,6.12,5.88,5.89,19121572,0.0,1.0
2010-10-28,5.95,6.11,5.95,5.99,16750370,0.0,1.0
2010-10-29,5.95,6.11,5.86,5.91,11511885,0.0,1.0
2010-11-01,5.94,6.02,5.88,5.98,12789692,0.0,1.0
2010-11-02,5.99,6.02,5.85,5.88,18374834,0.0,1.0
2010-11-03,5.88,6,5.87,5.89,13346800,0.0,1.0
2010-11-04,5.9,5.99,5.89,5.98,13719670,0.0,1.0
2010-11-05,6,6.11,5.93,6.09,23994270,0.0,1.0
2010-11-08,6.1,6.29,6.06,6.23,25282597,0.0,1.0
2010-11-09,6.26,6.45,6.16,6.31,30614411,0.0,1.0
2010-11-10,6.32,6.48,6.23,6.38,23258642,0.0,1.0
2010-11-11,6.31,6.43,6.2,6.21,21249495,0.0,1.0
2010-11-12,6.19,6.29,5.78,5.8,24927734,0.0,1.0
2010-11-15,5.86,5.94,5.8,5.93,9666086,0.0,1.0
2010-11-16,5.95,6.03,5.61,5.71,13118529,0.0,1.0
2010-11-17,5.65,5.76,5.56,5.63,8207006,0.0,1.0
2010-11-18,5.66,5.73,5.6,5.67,5540420,0.0,1.0
2010-11-19,5.71,5.72,5.53,5.69,8200065,0.0,1.0
2010-11-22,5.65,5.78,5.64,5.73,8305881,0.0,1.0
2010-11-23,5.71,5.71,5.49,5.57,9375189,0.0,1.0
2010-11-24,5.6,6.13,5.59,6.13,20813547,0.0,1.0
2010-11-25,6.74,6.74,6.6,6.74,71653272,0.0,1.0
2010-11-26,6.89,7.02,6.58,6.64,106870522,0.0,1.0
2010-11-29,6.88,7.3,6.8,7.3,49251452,0.0,1.0
2010-11-30,7.47,7.68,6.57,7.37,134259373,0.0,1.0
2010-12-01,7.08,7.18,6.89,6.91,49202316,0.0,1.0
2010-12-02,6.96,7.29,6.8,7.12,58388791,0.0,1.0
2010-12-03,6.98,7.04,6.71,6.86,27516540,0.0,1.0
2010-12-06,6.84,7.15,6.77,6.9,30692310,0.0,1.0
2010-12-07,6.86,6.87,6.6,6.8,20222751,0.0,1.0
2010-12-08,6.8,6.9,6.73,6.77,16820882,0.0,1.0
2010-12-09,6.66,6.76,6.5,6.59,20834677,0.0,1.0
2010-12-10,6.5,6.78,6.48,6.65,14328460,0.0,1.0
2010-12-13,6.69,6.84,6.69,6.8,19488982,0.0,1.0
2010-12-14,6.81,7.07,6.76,7.02,23112125,0.0,1.0
2010-12-15,7.02,7.08,6.88,7,16929317,0.0,1.0
2010-12-16,6.97,7.15,6.94,7.03,19070185,0.0,1.0
2010-12-17,7.02,7.03,6.88,6.95,9742754,0.0,1.0
2010-12-20,6.95,6.98,6.56,6.83,13783678,0.0,1.0
2010-12-21,6.71,6.92,6.71,6.88,7890925,0.0,1.0
2010-12-22,6.89,6.93,6.77,6.84,7433044,0.0,1.0
2010-12-23,6.82,7.05,6.65,6.99,18867469,0.0,1.0
2010-12-24,7.03,7.2,6.93,7,22184500,0.0,1.0
2010-12-27,6.96,7.04,6.5,6.56,16964158,0.0,1.0
2010-12-28,6.56,6.6,6.18,6.23,11418415,0.0,1.0
2010-12-29,6.2,6.34,6.16,6.33,5485635,0.0,1.0
2010-12-30,6.3,6.44,6.23,6.41,6767496,0.0,1.0
2010-12-31,6.45,6.54,6.38,6.49,5619198,0.0,1.0
2011-01-04,6.72,6.82,6.54,6.72,11461035,0.0,1.0
2011-01-05,6.73,7.39,6.69,7.39,21261498,0.0,1.0
2011-01-06,8.13,8.13,8.13,8.13,14169975,0.0,1.0
2011-01-07,8.69,8.77,7.92,8.29,117844997,0.0,1.0
2011-01-10,8.1,8.11,7.46,7.73,66864292,0.0,1.0
2011-01-11,7.54,7.64,7.42,7.48,27333893,0.0,1.0
2011-01-12,7.48,7.58,7.26,7.45,28145516,0.0,1.0
2011-01-13,7.47,7.49,7.27,7.3,19412626,0.0,1.0
2011-01-14,7.22,7.44,7.12,7.28,25489430,0.0,1.0
2011-01-17,7.19,7.2,6.7,6.72,22580952,0.0,1.0
2011-01-18,6.7,6.83,6.6,6.79,10815774,0.0,1.0
2011-01-19,6.8,6.96,6.75,6.95,13409031,0.0,1.0
2011-01-20,6.9,7.27,6.83,6.94,25217527,0.0,1.0
2011-01-21,6.84,7.27,6.77,7.1,17789989,0.0,1.0
2011-01-24,7.05,7.58,7.05,7.4,29463897,0.0,1.0
2011-01-25,7.31,7.38,7.17,7.26,15755607,0.0,1.0
2011-01-26,7.21,7.53,7.21,7.4,17699422,0.0,1.0
2011-01-27,7.24,7.39,7.13,7.2,20648947,0.0,1.0
2011-01-28,7.21,7.45,7.07,7.35,21873870,0.0,1.0
2011-01-31,7.35,7.79,7.26,7.58,24098705,0.0,1.0
2011-02-01,7.62,8.1,7.57,7.94,41665233,0.0,1.0
2011-02-09,7.8,8.72,7.75,8.41,51968150,0.0,1.0
2011-02-10,8.35,8.54,8.21,8.52,33426459,0.0,1.0
2011-02-11,8.48,8.66,8.32,8.35,31418294,0.0,1.0
2011-02-14,8.31,8.55,8.22,8.39,33626430,0.0,1.0
2011-02-15,8.5,9.23,8.4,8.71,59986495,0.0,1.0
2011-02-16,8.62,8.82,8.54,8.77,27685587,0.0,1.0
2011-02-17,8.78,9.14,8.71,8.9,33105338,0.0,1.0
2011-02-18,8.82,8.88,8.48,8.54,30379086,0.0,1.0
2011-02-21,8.49,9.28,8.48,9.14,44647662,0.0,1.0
2011-02-22,9.09,9.25,8.78,9.12,40938996,0.0,1.0
2011-02-23,9.03,9.65,8.86,9.64,47528771,0.0,1.0
2011-02-24,9.52,10.58,9.42,9.99,71722329,0.0,1.0
2011-02-25,10.41,10.99,10.31,10.99,36319470,0.0,1.0
2011-02-28,11.99,11.99,11.13,11.31,121783589,0.0,1.0
2011-03-01,11.5,12.44,11.28,12.44,125514187,0.0,1.0
2011-03-02,12.44,12.59,11.94,12.06,91294079,0.0,1.0
2011-03-03,11.75,11.94,11.15,11.33,78977267,0.0,1.0
2011-03-04,11.33,11.53,11.18,11.4,40901074,0.0,1.0
2011-03-07,11.5,11.5,11.17,11.27,46239979,0.0,1.0
2011-03-08,11.2,12.4,10.93,12.24,91027270,0.0,1.0
2011-03-09,11.94,13.41,11.85,13.17,94266651,0.0,1.0
2011-03-10,13.06,13.7,12.9,13.38,71009206,0.0,1.0
2011-03-11,13.2,14.36,13.09,13.83,76719125,0.0,1.0
2011-03-14,13.78,14.98,13.6,14.84,71151502,0.0,1.0
2011-03-15,14.79,15.45,14,14.18,112026395,0.0,1.0
2011-03-16,13.98,14.09,13.49,13.73,65062829,0.0,1.0
2011-03-17,13.63,14.49,13.61,13.93,51777450,0.0,1.0
2011-03-18,13.84,14.36,13.8,13.99,35034162,0.0,1.0
2011-03-21,13.87,14.65,13.62,14.47,55036505,0.0,1.0
2011-03-22,14.55,15.03,14.33,14.95,62560204,0.0,1.0
2011-03-23,14.95,14.96,14.19,14.25,62979299,0.0,1.0
2011-03-24,13.89,14.99,13.58,14.25,83806661,0.0,1.0
2011-03-25,13.97,14.23,13.86,13.92,44888405,0.0,1.0
2011-03-28,13.8,14.42,13.6,13.81,46911505,0.0,1.0
2011-03-29,13.6,13.95,12.55,12.67,66914838,0.0,1.0
2011-03-30,12.62,12.93,12.46,12.7,34990050,0.0,1.0
2011-03-31,12.65,12.81,11.9,12.52,41326025,0.0,1.0
2011-04-01,12.23,12.95,12.15,12.7,35778340,0.0,1.0
2011-04-06,12.59,12.87,12.19,12.51,28759923,0.0,1.0
2011-04-07,12.4,12.54,12.19,12.27,22929357,0.0,1.0
2011-04-08,12.25,12.8,12.15,12.64,27863741,0.0,1.0
2011-04-11,12.83,13.48,12.62,13.19,45642034,0.0,1.0
2011-04-12,13.01,13.38,12.76,12.89,28718874,0.0,1.0
2011-04-13,12.78,13.37,12.72,13.06,21678062,0.0,1.0
2011-04-14,13.08,13.48,12.78,13.16,34333363,0.0,1.0
2011-04-15,13.02,13.29,12.88,13.04,24838896,0.0,1.0
2011-04-18,12.9,14.34,12.86,14.34,97152753,0.0,1.0
2011-04-19,14.26,15.75,13.9,14.89,124367580,0.0,1.0
2011-04-20,14.59,15.39,14.4,14.56,76056748,0.0,1.0
2011-04-21,14.57,14.96,14,14.16,57017106,0.0,1.0
2011-04-22,14,14.54,13.79,14.23,38381934,0.0,1.0
2011-04-25,14.1,14.22,13.29,13.33,34361189,0.0,1.0
2011-04-26,13.29,13.44,12.81,12.84,24640972,0.0,1.0
2011-04-27,12.99,13.25,12.18,12.67,32768353,0.0,1.0
2011-04-28,12.7,12.75,11.89,11.91,27606997,0.0,1.0
2011-04-29,11.6,12.43,11.5,12.17,28553863,0.0,1.0
2011-05-03,12.09,12.41,11.75,12.11,28222334,0.0,1.0
2011-05-04,12.01,12.8,11.85,12.36,50475260,0.0,1.0
2011-05-05,12.15,12.63,12.02,12.07,33102618,0.0,1.0
2011-05-06,11.98,12.45,11.81,12.21,30270170,0.0,1.0
2011-05-09,12.19,12.48,12.13,12.25,19939092,0.0,1.0
2011-05-10,12.2,12.48,12.2,12.42,21231866,0.0,1.0
2011-05-11,12.42,12.47,12,12.11,26697176,0.0,1.0
2011-05-12,11.9,11.99,11.01,11.04,50795622,0.0,1.0
2011-05-13,11.04,11.27,10.73,11.14,31885347,0.0,1.0
2011-05-16,11.14,11.22,10.95,11.01,16015531,0.0,1.0
2011-05-17,11.04,11.27,10.66,11.05,23320023,0.0,1.0
2011-05-18,10.94,11.51,10.75,11.28,30393949,0.0,1.0
2011-05-19,11.39,11.39,10.96,10.99,20750990,0.0,1.0
2011-05-20,10.95,11.17,10.8,10.81,15092004,0.0,1.0
2011-05-23,10.69,10.79,9.9,10.02,31448112,0.0,1.0
2011-05-24,10.01,10.1,9.73,10.01,16596497,0.0,1.0
2011-05-25,9.92,10.17,9.71,9.89,19052252,0.0,1.0
2011-05-26,9.98,10.04,9.45,9.56,19962383,0.0,1.0
2011-05-27,9.56,9.69,9.23,9.25,23299130,0.0,1.0
2011-05-30,9.25,9.37,9.05,9.18,15938145,0.0,1.0
2011-05-31,9.23,9.51,9.2,9.45,23693864,0.0,1.0
2011-06-01,9.45,9.56,9.38,9.55,18560757,0.0,1.0
2011-06-02,9.39,9.73,9.22,9.58,27909763,0.0,1.0
2011-06-03,9.51,9.74,9.49,9.59,24399266,0.0,1.0
2011-06-07,9.57,9.94,9.56,9.72,21637062,0.0,1.0
2011-06-08,9.7,9.75,9.45,9.69,20210812,0.0,1.0
2011-06-10,9.52,9.87,9.32,9.59,26252514,0.0,1.0
2011-06-13,9.4,9.58,9.25,9.53,11989327,0.0,1.0
2011-06-14,9.68,10.48,9.66,10.48,37178954,0.0,1.0
2011-06-15,10.7,10.97,10.6,10.81,63436422,0.0,1.0
2011-06-16,10.51,10.77,10.19,10.34,30423778,0.0,1.0
2011-06-17,10.24,10.25,9.4,9.5,36599465,0.0,1.0
2011-06-20,9.28,9.36,8.55,8.72,29568608,0.0,1.0
2011-06-21,8.75,8.95,8.72,8.9,17945373,0.0,1.0
2011-06-22,8.92,9.38,8.91,9.02,23618910,0.0,1.0
2011-06-23,8.9,9.29,8.61,9.19,23717475,0.0,1.0
2011-06-24,9.13,9.67,9.08,9.48,30486825,0.0,1.0
2011-06-27,9.47,10.15,9.44,10.03,42220138,0.0,1.0
2011-06-28,9.83,10.05,9.75,9.89,25040043,0.0,1.0
2011-06-29,9.97,10.07,9.72,9.85,17751131,0.0,1.0
2011-06-30,9.69,10.11,9.65,9.91,24643700,0.0,1.0
2011-07-01,10.15,10.29,9.9,9.92,21241153,0.0,1.0
2011-07-04,9.95,10.37,9.95,10.27,29755977,0.0,1.0
2011-07-05,10.3,10.46,10.13,10.32,23386697,0.0,1.0
2011-07-06,10.33,10.64,10.11,10.51,36869426,0.0,1.0
2011-07-07,10.47,10.47,10.18,10.19,24338744,0.0,1.0
2011-07-08,10.15,10.25,9.92,10,19083549,0.0,1.0
2011-07-11,9.99,10.66,9.87,10.5,44121664,0.0,1.0
2011-07-12,10.35,10.46,10.2,10.25,23890587,0.0,1.0
2011-07-13,10.21,10.58,10.21,10.48,21742104,0.0,1.0
2011-07-14,10.48,10.64,10.38,10.5,20812943,0.0,1.0
2011-07-15,10.57,11.38,10.56,11.06,53425596,0.0,1.0
2011-07-18,11,11.22,10.79,10.84,33397008,0.0,1.0
2011-07-19,10.8,10.95,10.69,10.93,17289987,0.0,1.0
2011-07-20,11.07,11.1,10.68,10.81,15842946,0.0,1.0
2011-07-21,10.8,10.87,10.33,10.35,20857763,0.0,1.0
2011-07-22,10.38,10.53,10.27,10.38,12143643,0.0,1.0
2011-07-25,10.38,10.38,9.51,9.61,23025131,0.0,1.0
2011-07-26,9.65,9.75,9.58,9.71,10205994,0.0,1.0
2011-07-27,9.65,9.95,9.54,9.87,12346631,0.0,1.0
2011-07-28,9.75,10.03,9.71,9.85,13622407,0.0,1.0
2011-07-29,9.76,9.87,9.48,9.53,13896580,0.0,1.0
2011-08-01,9.57,9.73,9.53,9.62,6524140,0.0,1.0
2011-08-02,9.6,9.6,9.13,9.39,12890547,0.0,1.0
2011-08-03,9.24,9.38,9.16,9.28,9304969,0.0,1.0
2011-08-04,9.36,9.45,9.29,9.37,8984230,0.0,1.0
2011-08-05,9.03,9.15,8.78,9.01,13497157,0.0,1.0
2011-08-08,8.89,8.92,8.11,8.18,19514197,0.0,1.0
2011-08-09,7.83,8.26,7.65,8.16,18191642,0.0,1.0
2011-08-10,8.3,8.55,8.26,8.29,18815634,0.0,1.0
2011-08-11,8.03,8.6,7.9,8.52,18247169,0.0,1.0
2011-08-12,8.55,8.75,8.53,8.59,14339650,0.0,1.0
2011-08-15,8.62,8.99,8.6,8.92,17786270,0.0,1.0
2011-08-16,8.92,9.05,8.75,8.85,13290556,0.0,1.0
2011-08-17,8.78,8.94,8.72,8.82,9406189,0.0,1.0
2011-08-18,8.84,8.98,8.51,8.55,10076232,0.0,1.0
2011-08-19,8.22,8.53,8.22,8.44,10939627,0.0,1.0
2011-08-22,8.44,8.54,8.3,8.49,8688899,0.0,1.0
2011-08-23,8.53,8.7,8.44,8.66,12401472,0.0,1.0
2011-08-24,8.67,8.83,8.58,8.68,13958799,0.0,1.0
2011-08-25,8.66,8.96,8.62,8.92,15854933,0.0,1.0
2011-08-26,8.88,9,8.82,8.95,11764566,0.0,1.0
2011-08-29,8.85,9.06,8.85,9,12458472,0.0,1.0
2011-08-30,9.05,9.05,8.88,8.95,15036190,0.0,1.0
2011-08-31,9.15,9.6,9,9.22,35484995,0.0,1.0
2011-09-01,9.08,9.17,8.81,8.82,19072317,0.0,1.0
2011-09-02,8.75,8.81,8.42,8.47,11345718,0.0,1.0
2011-09-05,8.3,8.3,8.12,8.18,9473397,0.0,1.0
2011-09-06,8.07,8.24,8.03,8.16,5712659,0.0,1.0
2011-09-07,8.22,8.37,8.15,8.35,8239117,0.0,1.0
2011-09-08,8.37,8.46,8.26,8.28,6968490,0.0,1.0
2011-09-09,8.27,8.37,8.11,8.14,5954314,0.0,1.0
2011-09-13,8,8.02,7.85,7.97,5421523,0.0,1.0
2011-09-14,8,8.06,7.81,8.04,5495463,0.0,1.0
2011-09-15,8.07,8.18,8.02,8.11,7017144,0.0,1.0
2011-09-16,8.18,8.28,8.09,8.11,5053093,0.0,1.0
2011-09-19,8.08,8.38,7.89,8.26,16723996,0.0,1.0
2011-09-20,8.12,8.28,8,8.23,8748353,0.0,1.0
2011-09-21,8.2,8.6,8.15,8.51,15532353,0.0,1.0
2011-09-22,8.4,8.46,8.14,8.15,10234247,0.0,1.0
2011-09-23,8.04,8.33,7.98,8.26,8494084,0.0,1.0
2011-09-26,8.24,8.33,8.1,8.22,8515043,0.0,1.0
2011-09-27,8.3,8.83,8.28,8.45,28609205,0.0,1.0
2011-09-28,8.38,8.41,7.98,8.02,19032787,0.0,1.0
2011-09-29,7.92,7.94,7.58,7.6,9750757,0.0,1.0
2011-09-30,7.72,7.75,7.35,7.58,7064589,0.0,1.0
2011-10-10,7.68,7.79,7.59,7.63,5286951,0.0,1.0
2011-10-11,7.89,7.95,7.5,7.64,5362488,0.0,1.0
2011-10-12,7.58,8.06,7.51,8,12635058,0.0,1.0
2011-10-13,7.98,8.23,7.92,8.21,13062450,0.0,1.0
2011-10-14,8.17,8.22,8.03,8.13,6885406,0.0,1.0
2011-10-17,8.13,8.22,8.04,8.14,6359430,0.0,1.0
2011-10-18,8.11,8.33,7.91,7.94,27685356,0.0,1.0
2011-10-19,7.88,7.9,7.62,7.73,11305171,0.0,1.0
2011-10-20,7.65,7.72,7.41,7.51,6931971,0.0,1.0
2011-10-21,7.48,7.77,7.48,7.75,11949905,0.0,1.0
2011-10-24,7.74,7.87,7.61,7.84,8074953,0.0,1.0
2011-10-25,7.68,8.06,7.58,8.04,10884093,0.0,1.0
2011-10-26,8.1,8.28,8.06,8.08,24837380,0.0,1.0
2011-10-27,8.11,8.28,7.98,8,13594247,0.0,1.0
2011-10-28,8.1,8.36,8.01,8.23,18866130,0.0,1.0
2011-10-31,8.2,8.32,8.12,8.27,14184416,0.0,1.0
2011-11-01,8.2,8.3,8.14,8.18,10461054,0.0,1.0
2011-11-02,8.06,8.27,7.92,8.25,14280701,0.0,1.0
2011-11-03,8.35,8.68,8.21,8.28,31388818,0.0,1.0
2011-11-04,8.3,8.36,8.2,8.29,15806779,0.0,1.0
2011-11-07,8.4,8.64,8.31,8.44,24949593,0.0,1.0
2011-11-08,8.4,8.57,8.27,8.3,13267740,0.0,1.0
2011-11-09,8.35,8.43,8.09,8.41,10816559,0.0,1.0
2011-11-10,8.3,8.52,8.22,8.32,15092642,0.0,1.0
2011-11-11,8.34,8.52,8.3,8.44,14196913,0.0,1.0
2011-11-14,8.67,8.76,8.55,8.67,26523634,0.0,1.0
2011-11-15,8.63,9.34,8.59,9.19,42637999,0.0,1.0
2011-11-16,9.1,9.24,8.72,8.81,32316279,0.0,1.0
2011-11-17,8.77,9.09,8.75,8.84,24448321,0.0,1.0
2011-11-18,8.76,8.77,8.3,8.35,20301460,0.0,1.0
2011-11-21,8.34,8.46,8.28,8.45,7968410,0.0,1.0
2011-11-22,8.4,8.56,8.32,8.54,9768809,0.0,1.0
2011-11-23,8.68,8.93,8.51,8.53,18812571,0.0,1.0
2011-11-24,8.4,8.87,8.34,8.71,17677708,0.0,1.0
2011-11-25,8.68,8.85,8.6,8.67,12866770,0.0,1.0
2011-11-28,8.65,9.04,8.62,8.9,23796026,0.0,1.0
2011-11-29,8.98,9.14,8.83,8.9,21494968,0.0,1.0
2011-11-30,8.85,9.06,8.54,8.72,26241827,0.0,1.0
2011-12-01,8.98,9.59,8.84,9.47,92188629,0.0,1.0
2011-12-02,9.3,9.3,8.77,8.86,57562683,0.0,1.0
2011-12-05,8.7,8.76,8.33,8.38,22331882,0.0,1.0
2011-12-06,8.35,8.76,8.3,8.58,20548945,0.0,1.0
2011-12-07,8.58,8.89,8.48,8.7,21931660,0.0,1.0
2011-12-08,8.3,8.58,8.2,8.34,22903241,0.0,1.0
2011-12-09,8.3,8.6,8.15,8.33,16967061,0.0,1.0
2011-12-12,8.37,8.56,8.04,8.08,14629320,0.0,1.0
2011-12-13,7.99,8.05,7.5,7.56,17802372,0.0,1.0
2011-12-14,7.41,7.7,7.3,7.35,10470651,0.0,1.0
2011-12-15,7.31,7.35,6.9,6.91,13406833,0.0,1.0
2011-12-16,6.87,7.08,6.71,7.05,10917246,0.0,1.0
2011-12-19,6.99,6.99,6.68,6.85,10138142,0.0,1.0
2011-12-20,6.86,7.15,6.86,7.02,12600432,0.0,1.0
2011-12-21,7.08,7.16,6.66,6.68,11296146,0.0,1.0
2011-12-22,6.57,6.57,6.17,6.47,12453336,0.0,1.0
2011-12-23,6.39,6.63,6.37,6.53,7974453,0.0,1.0
2011-12-26,6.52,6.61,6.48,6.58,5933642,0.0,1.0
2011-12-27,6.71,6.8,6.35,6.36,12623198,0.0,1.0
2011-12-28,6.2,6.35,6.08,6.25,7105625,0.0,1.0
2011-12-29,6.25,6.31,6.18,6.27,4530116,0.0,1.0
2011-12-30,6.3,6.42,6.27,6.37,6859747,0.0,1.0
2012-01-04,6.41,6.46,6.06,6.07,6052491,0.0,1.0
2012-01-05,5.98,6.04,5.7,5.7,8073618,0.0,1.0
2012-01-06,5.69,5.8,5.63,5.79,4932067,0.0,1.0
2012-01-09,5.8,6.15,5.73,6.12,9148487,0.0,1.0
2012-01-10,6.12,6.59,6.03,6.58,15547343,0.0,1.0
2012-01-11,6.66,6.8,6.38,6.48,19993465,0.0,1.0
2012-01-12,6.45,6.65,6.39,6.56,14266867,0.0,1.0
2012-01-13,6.55,6.58,6.21,6.21,9329832,0.0,1.0
2012-01-16,6.15,6.18,5.8,5.83,6718111,0.0,1.0
2012-01-17,5.82,6.22,5.82,6.21,7388748,0.0,1.0
2012-01-18,6.22,6.49,6.12,6.18,12383008,0.0,1.0
2012-01-19,6.15,6.23,6.03,6.19,8118573,0.0,1.0
2012-01-20,6.2,6.26,6.17,6.22,4976984,0.0,1.0
2012-01-30,6.26,6.3,6.15,6.18,5294452,0.0,1.0
2012-01-31,6.19,6.23,6.09,6.15,3884245,0.0,1.0
2012-02-01,6.12,6.3,6.12,6.19,6998673,0.0,1.0
2012-02-02,6.18,6.28,6.15,6.27,5701706,0.0,1.0
2012-02-03,6.28,6.43,6.22,6.39,9792538,0.0,1.0
2012-02-06,6.4,6.58,6.36,6.55,13046607,0.0,1.0
2012-02-07,6.5,6.5,6.29,6.42,9605662,0.0,1.0
2012-02-08,6.4,6.57,6.31,6.55,14321912,0.0,1.0
2012-02-09,6.55,6.55,6.55,6.55,0,0.0,1.0
2012-02-10,6.72,6.79,6.58,6.62,18880072,0.0,1.0
2012-02-13,6.5,6.86,6.5,6.73,16949972,0.0,1.0
2012-02-14,6.7,6.88,6.65,6.8,10800593,0.0,1.0
2012-02-15,6.81,6.94,6.71,6.86,12726256,0.0,1.0
2012-02-16,6.88,7.13,6.84,7,15719963,0.0,1.0
2012-02-17,7.03,7.08,6.83,6.97,11404730,0.0,1.0
2012-02-20,7.11,7.11,6.9,6.91,10189872,0.0,1.0
2012-02-21,6.85,7.3,6.82,7.13,35243953,0.0,1.0
2012-02-22,7.06,7.17,6.95,7.16,21709806,0.0,1.0
2012-02-23,7.13,7.21,7.07,7.16,17181743,0.0,1.0
2012-02-24,7.11,7.34,7.09,7.25,20452802,0.0,1.0
2012-02-27,7.3,7.34,7.19,7.2,15763813,0.0,1.0
2012-02-28,7.16,7.24,7.01,7.13,13959740,0.0,1.0
2012-02-29,7.25,7.49,7.11,7.35,35949383,0.0,1.0
2012-03-01,7.28,7.35,7.18,7.2,14451551,0.0,1.0
2012-03-02,7.21,7.35,7.2,7.33,11882664,0.0,1.0
2012-03-05,7.32,7.7,7.28,7.56,29905199,0.0,1.0
2012-03-06,7.43,7.64,7.3,7.48,23664920,0.0,1.0
2012-03-07,7.37,7.52,7.24,7.27,12719390,0.0,1.0
2012-03-08,7.28,7.44,7.26,7.32,9455072,0.0,1.0
2012-03-09,7.35,7.38,7.26,7.37,9275421,0.0,1.0
2012-03-12,7.55,7.65,7.38,7.45,25700271,0.0,1.0
2012-03-13,7.46,7.5,7.35,7.47,10202627,0.0,1.0
2012-03-14,7.5,7.8,7.2,7.31,40524808,0.0,1.0
2012-03-15,7.31,7.73,7.26,7.6,55761751,0.0,1.0
2012-03-16,7.66,7.9,7.4,7.63,47819233,0.0,1.0
2012-03-19,7.64,7.76,7.38,7.67,26429124,0.0,1.0
2012-03-20,7.6,7.71,7.35,7.41,16890488,0.0,1.0
2012-03-21,7.43,7.48,7.15,7.25,16073831,0.0,1.0
2012-03-22,7.24,7.26,7.11,7.14,8812659,0.0,1.0
2012-03-23,7.09,7.21,6.93,6.98,11222882,0.0,1.0
2012-03-26,6.94,7.01,6.85,6.92,6897282,0.0,1.0
2012-03-27,6.97,7.05,6.9,6.9,5641479,0.0,1.0
2012-03-28,6.9,6.94,6.31,6.41,11556492,0.0,1.0
2012-03-29,6.41,6.41,6.14,6.24,7709563,0.0,1.0
2012-03-30,6.25,6.33,6.18,6.25,5545965,0.0,1.0
2012-04-05,6.3,6.45,6.23,6.43,7749793,0.0,1.0
2012-04-06,6.42,6.57,6.4,6.49,7359308,0.0,1.0
2012-04-09,6.4,6.61,6.38,6.4,6028339,0.0,1.0
2012-04-10,6.4,6.53,6.21,6.51,6532755,0.0,1.0
2012-04-11,6.42,6.56,6.41,6.52,5545412,0.0,1.0
2012-04-12,6.58,6.75,6.49,6.71,12461189,0.0,1.0
2012-04-13,6.69,6.83,6.64,6.75,12199747,0.0,1.0
2012-04-16,6.69,6.89,6.63,6.8,11006154,0.0,1.0
2012-04-17,6.86,7.48,6.85,7.04,44824025,0.0,1.0
2012-04-18,7.26,7.26,6.86,7.08,28630863,0.0,1.0
2012-04-19,6.95,7.21,6.93,7.08,18372664,0.0,1.0
2012-04-20,7.04,7.26,6.97,7.2,22709652,0.0,1.0
2012-04-23,7.21,7.39,7.03,7.07,19555771,0.0,1.0
2012-04-24,6.99,7.14,6.4,6.76,20831842,0.0,1.0
2012-04-25,6.75,7.08,6.69,7.02,16644913,0.0,1.0
2012-04-26,7,7.07,6.88,6.91,12736100,0.0,1.0
2012-04-27,6.8,6.86,6.56,6.58,14185542,0.0,1.0
2012-05-02,6.69,6.75,6.55,6.62,8832977,0.0,1.0
2012-05-03,6.61,6.84,6.58,6.72,9159053,0.0,1.0
2012-05-04,6.68,6.85,6.65,6.73,7679502,0.0,1.0
2012-05-07,6.67,6.75,6.58,6.74,9375549,0.0,1.0
2012-05-08,6.74,6.74,6.6,6.66,8147117,0.0,1.0
2012-05-09,6.64,6.71,6.56,6.56,7634381,0.0,1.0
2012-05-10,6.56,6.68,6.52,6.54,6671800,0.0,1.0
2012-05-11,6.54,6.81,6.5,6.7,17189941,0.0,1.0
2012-05-14,6.7,6.94,6.62,6.75,17872760,0.0,1.0
2012-05-15,6.64,6.73,6.53,6.61,9684281,0.0,1.0
2012-05-16,6.66,6.89,6.63,6.73,18743949,0.0,1.0
2012-05-17,6.8,7.05,6.73,6.9,27828205,0.0,1.0
2012-05-18,6.83,6.83,6.56,6.58,16515879,0.0,1.0
2012-05-21,6.61,6.63,6.39,6.46,8140108,0.0,1.0
2012-05-22,6.5,6.57,6.46,6.54,5716356,0.0,1.0
2012-05-23,6.53,6.58,6.33,6.44,7247926,0.0,1.0
2012-05-24,6.41,6.44,6.24,6.27,8367349,0.0,1.0
2012-05-25,6.28,6.35,6.16,6.2,5070221,0.0,1.0
2012-05-28,6.23,6.27,6,6.22,7941601,0.0,1.0
2012-05-29,6.23,6.36,6.19,6.34,7266131,0.0,1.0
2012-05-30,6.34,6.45,6.31,6.36,6350114,0.0,1.0
2012-05-31,6.28,6.38,6.28,6.33,5218340,0.0,1.0
2012-06-01,6.3,6.4,6.26,6.29,5209815,0.0,1.0
2012-06-04,6.16,6.23,6.04,6.06,6393365,0.0,1.0
2012-06-05,6.06,6.14,5.98,6.02,5243797,0.0,1.0
2012-06-06,6.03,6.06,5.93,5.95,4525471,0.0,1.0
2012-06-07,6,6.04,5.85,5.87,4111915,0.0,1.0
2012-06-08,5.87,5.87,5.87,5.87,0,0.0,1.0
2012-06-11,5.85,5.96,5.84,5.94,4347319,0.0,1.0
2012-06-12,5.9,6.02,5.9,6.02,4556839,0.0,1.0
2012-06-13,6.04,6.1,5.99,6.1,4182245,0.0,1.0
2012-06-14,6.1,6.13,6.03,6.07,4129482,0.0,1.0
2012-06-15,6.11,6.23,6.08,6.13,11312098,0.0,1.0
2012-06-18,6.16,6.18,6.07,6.13,5965055,0.0,1.0
2012-06-19,6.13,6.21,6.05,6.13,6682239,0.0,1.0
2012-06-20,6.14,6.15,6.03,6.04,4569073,0.0,1.0
2012-06-21,6.03,6.04,5.89,5.9,3931496,0.0,1.0
2012-06-25,5.89,5.9,5.77,5.78,3343699,0.0,1.0
2012-06-26,5.75,5.79,5.69,5.77,3586847,0.0,1.0
2012-06-27,5.77,5.8,5.66,5.67,2793752,0.0,1.0
2012-06-28,5.68,5.74,5.53,5.53,4410907,0.0,1.0
2012-06-29,5.48,5.62,5.48,5.61,3284769,0.0,1.0
2012-07-02,5.69,5.75,5.64,5.68,2710761,0.0,1.0
2012-07-03,5.69,5.74,5.65,5.69,2414473,0.0,1.0
2012-07-04,5.69,5.74,5.63,5.67,2390767,0.0,1.0
2012-07-05,5.68,5.68,5.47,5.51,4050541,0.0,1.0
2012-07-06,5.55,5.61,5.47,5.61,3315583,0.0,1.0
2012-07-09,5.62,6.17,5.6,6.01,35223084,0.0,1.0
2012-07-10,5.93,6.13,5.82,5.98,12917737,0.0,1.0
2012-07-11,5.91,6.11,5.86,5.95,9386427,0.0,1.0
2012-07-12,5.95,6.1,5.91,6.09,13183379,0.0,1.0
2012-07-13,6.12,6.13,6.01,6.1,8974637,0.0,1.0
2012-07-16,6.15,6.15,5.86,5.87,7489069,0.0,1.0
2012-07-17,5.85,6.03,5.71,6.01,5622934,0.0,1.0
2012-07-18,5.99,6.09,5.93,6.06,5383229,0.0,1.0
2012-07-19,6.04,6.2,6.02,6.15,9438527,0.0,1.0
2012-07-20,6.15,6.24,5.94,5.98,8078244,0.0,1.0
2012-07-23,5.88,6.55,5.88,6.17,14829586,0.0,1.0
2012-07-24,6.2,6.79,6.15,6.79,30543804,0.0,1.0
2012-07-25,7.47,7.47,7.03,7.12,81684079,0.0,1.0
2012-07-26,7.4,7.8,7.22,7.56,98889160,0.0,1.0
2012-07-27,8,8,6.85,6.92,75157426,0.0,1.0
2012-07-30,6.78,6.99,6.42,6.5,41134725,0.0,1.0
2012-07-31,6.41,6.7,6.29,6.52,32532644,0.0,1.0
2012-08-01,6.52,6.74,6.42,6.61,27283785,0.0,1.0
2012-08-02,6.55,6.74,6.44,6.53,22222855,0.0,1.0
2012-08-03,6.52,6.98,6.48,6.89,37561219,0.0,1.0
2012-08-06,6.77,6.95,6.72,6.93,27412979,0.0,1.0
2012-08-07,6.86,6.9,6.75,6.85,21349059,0.0,1.0
2012-08-08,6.8,7.2,6.8,7.01,31204007,0.0,1.0
2012-08-09,7,7.17,6.82,7.05,25348792,0.0,1.0
2012-08-10,6.99,7.03,6.8,6.84,15713211,0.0,1.0
2012-08-13,6.78,6.8,6.51,6.52,15182707,0.0,1.0
2012-08-14,6.51,6.63,6.42,6.61,13241063,0.0,1.0
2012-08-15,6.58,6.71,6.42,6.62,14138429,0.0,1.0
2012-08-16,6.55,6.69,6.53,6.59,9485963,0.0,1.0
2012-08-17,6.56,6.6,6.39,6.49,8514107,0.0,1.0
2012-08-20,6.45,6.63,6.38,6.57,8905287,0.0,1.0
2012-08-21,6.56,6.68,6.54,6.59,7988893,0.0,1.0
2012-08-22,6.55,6.63,6.39,6.4,9673079,0.0,1.0
2012-08-23,6.38,6.46,6.31,6.39,6909537,0.0,1.0
2012-08-24,6.3,6.37,6.26,6.27,6176063,0.0,1.0
2012-08-27,6.21,6.21,6,6.01,9798822,0.0,1.0
2012-08-28,6.05,6.14,5.99,6.04,8414090,0.0,1.0
2012-08-29,6.08,6.08,5.96,5.96,6129417,0.0,1.0
2012-08-30,5.9,6,5.67,5.69,7928568,0.0,1.0
2012-08-31,5.68,5.77,5.68,5.72,4581921,0.0,1.0
2012-09-03,5.68,5.84,5.68,5.79,5344685,0.0,1.0
2012-09-04,5.8,5.85,5.67,5.7,4708226,0.0,1.0
2012-09-05,5.7,5.73,5.6,5.7,4337852,0.0,1.0
2012-09-06,5.71,5.8,5.71,5.79,4684673,0.0,1.0
2012-09-07,5.83,6.22,5.82,6.15,14861147,0.0,1.0
2012-09-10,6.28,6.3,6.08,6.24,14566547,0.0,1.0
2012-09-11,6.2,6.21,6,6.12,10150990,0.0,1.0
2012-09-12,6.14,6.16,6.04,6.13,6245576,0.0,1.0
2012-09-13,6.12,6.15,5.95,5.98,6226161,0.0,1.0
2012-09-14,6.05,6.07,5.89,5.98,6270555,0.0,1.0
2012-09-17,5.91,5.99,5.68,5.69,6803373,0.0,1.0
2012-09-18,5.69,5.77,5.66,5.71,6078089,0.0,1.0
2012-09-19,5.71,5.8,5.71,5.78,4122404,0.0,1.0
2012-09-20,5.78,5.78,5.54,5.55,5836627,0.0,1.0
2012-09-21,5.56,5.64,5.53,5.56,3056992,0.0,1.0
2012-09-24,5.54,5.66,5.5,5.62,2859987,0.0,1.0
2012-09-25,5.62,5.69,5.55,5.56,3290418,0.0,1.0
2012-09-26,5.59,5.73,5.52,5.54,4231850,0.0,1.0
2012-09-27,5.49,5.66,5.48,5.6,4867532,0.0,1.0
2012-09-28,5.6,5.72,5.57,5.71,4151225,0.0,1.0
2012-10-08,5.71,5.73,5.65,5.69,3527927,0.0,1.0
2012-10-09,5.7,5.83,5.68,5.82,5753695,0.0,1.0
2012-10-10,5.8,6.03,5.77,5.97,8326532,0.0,1.0
2012-10-11,5.98,6.05,5.83,5.83,6748726,0.0,1.0
2012-10-12,5.83,5.9,5.72,5.8,4802660,0.0,1.0
2012-10-15,5.81,5.82,5.65,5.73,3554609,0.0,1.0
2012-10-16,5.7,5.8,5.69,5.72,2949638,0.0,1.0
2012-10-17,5.71,5.74,5.65,5.72,3078124,0.0,1.0
2012-10-18,5.72,5.84,5.7,5.82,5008805,0.0,1.0
2012-10-19,5.81,5.86,5.72,5.74,4338651,0.0,1.0
2012-10-22,5.71,5.83,5.7,5.82,3456146,0.0,1.0
2012-10-23,5.81,5.93,5.81,5.84,5354965,0.0,1.0
2012-10-24,5.8,6.08,5.77,5.96,13850843,0.0,1.0
2012-10-25,5.91,5.96,5.81,5.83,5486530,0.0,1.0
2012-10-26,5.79,5.89,5.65,5.7,4421221,0.0,1.0
2012-10-29,5.74,5.74,5.57,5.6,3422150,0.0,1.0
2012-10-30,5.63,5.65,5.54,5.58,3073988,0.0,1.0
2012-10-31,5.56,5.62,5.55,5.6,2546440,0.0,1.0
2012-11-01,5.58,5.7,5.58,5.68,3997496,0.0,1.0
2012-11-02,5.7,5.72,5.62,5.71,4309589,0.0,1.0
2012-11-05,5.71,5.72,5.65,5.68,2627090,0.0,1.0
2012-11-06,5.68,5.68,5.51,5.59,4012640,0.0,1.0
2012-11-07,5.58,5.64,5.56,5.6,2403431,0.0,1.0
2012-11-08,5.59,5.59,5.45,5.45,4447910,0.0,1.0
2012-11-09,5.44,5.51,5.41,5.43,3016796,0.0,1.0
2012-11-12,5.44,5.48,5.33,5.4,3242161,0.0,1.0
2012-11-13,5.41,5.43,5.26,5.31,3185201,0.0,1.0
2012-11-14,5.3,5.35,5.26,5.32,2242175,0.0,1.0
2012-11-15,5.32,5.32,5.18,5.18,2300866,0.0,1.0
2012-11-16,5.18,5.2,5.05,5.11,2616242,0.0,1.0
2012-11-19,5.11,5.14,5.04,5.12,2050723,0.0,1.0
2012-11-20,5.12,5.17,5.09,5.09,1829666,0.0,1.0
2012-11-21,5.09,5.18,5.07,5.17,1979052,0.0,1.0
2012-11-22,5.16,5.2,5.08,5.15,2233865,0.0,1.0
2012-11-23,5.13,5.19,5.13,5.16,1720279,0.0,1.0
2012-11-26,5.17,5.24,5.12,5.18,2481576,0.0,1.0
2012-11-27,5.19,5.21,4.95,4.96,3814432,0.0,1.0
2012-11-28,4.95,4.99,4.78,4.8,2913622,0.0,1.0
2012-11-29,4.8,4.85,4.65,4.68,1878025,0.0,1.0
2012-11-30,4.74,4.76,4.65,4.74,1646188,0.0,1.0
2012-12-03,4.7,4.81,4.67,4.68,2723051,0.0,1.0
2012-12-04,4.68,4.74,4.55,4.73,2656368,0.0,1.0
2012-12-05,4.72,4.93,4.68,4.86,4350814,0.0,1.0
2012-12-06,4.87,5,4.86,4.9,4159048,0.0,1.0
2012-12-07,4.89,5.01,4.87,5,4324312,0.0,1.0
2012-12-10,4.98,5.07,4.96,5.05,5144143,0.0,1.0
2012-12-11,5.03,5.06,4.96,4.98,4266260,0.0,1.0
2012-12-12,4.96,5.16,4.96,5.06,6650880,0.0,1.0
2012-12-13,5.02,5.04,4.91,4.91,3757081,0.0,1.0
2012-12-14,4.94,5.16,4.92,5.1,6239843,0.0,1.0
2012-12-17,5.12,5.17,5.06,5.15,7195726,0.0,1.0
2012-12-18,5.15,5.63,5.11,5.4,19891680,0.0,1.0
2012-12-19,5.37,5.44,5.25,5.28,9456972,0.0,1.0
2012-12-20,5.28,5.28,5.15,5.23,5632063,0.0,1.0
2012-12-21,5.23,5.29,5.16,5.19,4797135,0.0,1.0
2012-12-24,5.19,5.24,5.16,5.21,3401467,0.0,1.0
2012-12-25,5.21,5.35,5.16,5.29,9928571,0.0,1.0
2012-12-26,5.29,5.46,5.27,5.34,8360632,0.0,1.0
2012-12-27,5.36,5.4,5.23,5.24,6430556,0.0,1.0
2012-12-28,5.32,5.5,5.32,5.4,11551205,0.0,1.0
2012-12-31,5.36,5.43,5.3,5.39,7030137,0.0,1.0
2013-01-04,5.41,5.45,5.21,5.28,6348140,0.0,1.0
2013-01-07,5.37,5.48,5.36,5.4,10215877,0.0,1.0
2013-01-08,5.4,5.53,5.39,5.48,9543157,0.0,1.0
2013-01-09,5.45,5.56,5.4,5.46,8299888,0.0,1.0
2013-01-10,5.48,5.65,5.46,5.62,12596821,0.0,1.0
2013-01-11,5.65,5.65,5.38,5.38,10902269,0.0,1.0
2013-01-14,5.36,5.58,5.36,5.54,10329342,0.0,1.0
2013-01-15,5.53,5.74,5.53,5.67,14892133,0.0,1.0
2013-01-16,5.66,5.88,5.55,5.8,19822961,0.0,1.0
2013-01-17,6,6.14,5.8,5.83,27472205,0.0,1.0
2013-01-18,5.8,5.9,5.77,5.86,11796739,0.0,1.0
2013-01-21,5.86,5.88,5.78,5.81,7718778,0.0,1.0
2013-01-22,5.83,5.83,5.67,5.68,9086590,0.0,1.0
2013-01-23,5.68,5.92,5.62,5.78,8484888,0.0,1.0
2013-01-24,5.71,5.83,5.5,5.55,10086733,0.0,1.0
2013-01-25,5.55,5.58,5.45,5.46,5436003,0.0,1.0
2013-01-28,5.55,5.61,5.45,5.58,5123817,0.0,1.0
2013-01-29,5.59,5.75,5.56,5.68,6879422,0.0,1.0
2013-01-30,5.71,5.84,5.68,5.77,11174266,0.0,1.0
2013-01-31,5.77,5.79,5.65,5.72,6067830,0.0,1.0
2013-02-01,5.69,5.87,5.65,5.87,13467133,0.0,1.0
2013-02-04,6.01,6.08,5.81,5.82,14622512,0.0,1.0
2013-02-05,5.75,5.88,5.71,5.87,8260067,0.0,1.0
2013-02-06,5.88,6.46,5.85,6.41,58687316,0.0,1.0
2013-02-07,6.2,6.37,6.18,6.27,25431657,0.0,1.0
2013-02-08,6.24,6.56,6.23,6.43,26847089,0.0,1.0
2013-02-18,6.45,6.45,6.3,6.36,9348953,0.0,1.0
2013-02-19,6.35,6.45,6.15,6.18,18789802,0.0,1.0
2013-02-20,6.17,6.47,6.1,6.37,19751037,0.0,1.0
2013-02-21,6.34,6.45,6.18,6.21,27802665,0.0,1.0
2013-02-22,6.2,6.24,5.96,5.97,17006370,0.0,1.0
2013-02-25,5.96,6.06,5.9,6,7399655,0.0,1.0
2013-02-26,5.98,6.16,5.9,5.94,9858136,0.0,1.0
2013-02-27,5.92,6.04,5.89,5.95,6046540,0.0,1.0
2013-02-28,5.99,6.1,5.94,6.08,7173918,0.0,1.0
2013-03-01,6.08,6.16,6.03,6.14,9587655,0.0,1.0
2013-03-04,6.1,6.11,5.73,5.86,13848435,0.0,1.0
2013-03-05,5.88,6.07,5.83,6.05,11260600,0.0,1.0
2013-03-06,6.12,6.4,6.09,6.19,16416517,0.0,1.0
2013-03-07,6.26,6.45,6.2,6.37,30089253,0.0,1.0
2013-03-08,6.32,6.41,6.12,6.13,17364050,0.0,1.0
2013-03-11,6.08,6.09,5.93,6.01,8070149,0.0,1.0
2013-03-12,6.03,6.08,5.78,5.87,8861791,0.0,1.0
2013-03-13,5.86,5.9,5.7,5.89,6576252,0.0,1.0
2013-03-14,5.83,6.04,5.82,5.87,7022851,0.0,1.0
2013-03-15,5.87,5.97,5.75,5.85,6134129,0.0,1.0
2013-03-18,5.8,5.89,5.75,5.76,4336707,0.0,1.0
2013-03-19,5.71,5.83,5.57,5.67,6267099,0.0,1.0
2013-03-20,5.68,5.88,5.66,5.85,5636546,0.0,1.0
2013-03-21,5.85,5.92,5.81,5.92,6198298,0.0,1.0
2013-03-22,5.9,5.99,5.84,5.9,7207151,0.0,1.0
2013-03-25,5.89,5.97,5.87,5.91,6020673,0.0,1.0
2013-03-26,5.87,5.91,5.71,5.78,6315461,0.0,1.0
2013-03-27,5.75,5.88,5.75,5.86,5530513,0.0,1.0
2013-03-28,5.82,5.82,5.6,5.61,7449544,0.0,1.0
2013-03-29,5.61,5.79,5.57,5.69,7445696,0.0,1.0
2013-04-01,5.71,5.83,5.67,5.68,6134558,0.0,1.0
2013-04-02,5.68,5.78,5.57,5.61,6099333,0.0,1.0
2013-04-03,5.65,5.86,5.61,5.72,11978488,0.0,1.0
2013-04-08,5.65,5.73,5.58,5.72,8986962,0.0,1.0
2013-04-09,5.73,5.94,5.68,5.78,8738213,0.0,1.0
2013-04-10,5.74,6.19,5.71,6.05,31825751,0.0,1.0
2013-04-11,6.01,6.05,5.9,5.91,14763558,0.0,1.0
2013-04-12,5.92,6.09,5.9,5.92,15589756,0.0,1.0
2013-04-15,5.88,5.95,5.64,5.71,12073330,0.0,1.0
2013-04-16,5.64,5.72,5.48,5.69,8188266,0.0,1.0
2013-04-17,5.69,5.71,5.56,5.67,6212338,0.0,1.0
2013-04-18,5.62,5.95,5.61,5.81,13753484,0.0,1.0
2013-04-19,5.83,6.1,5.79,6.05,24688729,0.0,1.0
2013-04-22,6,6.66,5.94,6.66,56126761,0.0,1.0
2013-04-23,6.95,6.95,6.45,6.46,80255739,0.0,1.0
2013-04-24,6.58,6.98,6.43,6.8,60667506,0.0,1.0
2013-04-25,6.68,6.79,6.37,6.4,42747122,0.0,1.0
2013-04-26,6.4,6.52,6.18,6.22,21230390,0.0,1.0
2013-05-02,6.19,6.32,6.18,6.25,13013888,0.0,1.0
2013-05-03,6.29,6.54,6.21,6.38,16302192,0.0,1.0
2013-05-06,6.38,6.69,6.29,6.59,23747000,0.0,1.0
2013-05-07,6.57,6.77,6.49,6.54,22405895,0.0,1.0
2013-05-08,6.55,6.73,6.49,6.57,19763852,0.0,1.0
2013-05-09,6.58,6.59,6.3,6.38,19593579,0.0,1.0
2013-05-10,6.38,6.54,6.29,6.51,15876181,0.0,1.0
2013-05-13,6.52,6.64,6.46,6.62,16905549,0.0,1.0
2013-05-14,6.61,6.68,6.31,6.43,13681786,0.0,1.0
2013-05-15,6.44,6.48,6.34,6.45,9241312,0.0,1.0
2013-05-16,6.48,7.1,6.46,6.89,49579039,0.0,1.0
2013-05-17,6.85,7.02,6.78,6.91,27631342,0.0,1.0
2013-05-20,6.97,7.23,6.9,6.93,29749621,0.0,1.0
2013-05-21,6.92,7.47,6.91,7.35,40272586,0.0,1.0
2013-05-22,7.29,7.3,7.06,7.18,29683280,0.0,1.0
2013-05-23,7.17,7.26,7.01,7.01,19677072,0.0,1.0
2013-05-24,7,7.19,6.92,7.11,17078791,0.0,1.0
2013-05-27,7.07,7.25,7.02,7.21,18784433,0.0,1.0
2013-05-28,7.18,7.39,7.11,7.2,22953732,0.0,1.0
2013-05-29,7.23,7.23,7.11,7.16,13626836,0.0,1.0
2013-05-30,7.14,7.49,7.1,7.31,27618277,0.0,1.0
2013-05-31,7.27,7.7,7.24,7.44,38991407,0.0,1.0
2013-06-03,7.45,8.08,7.36,7.87,41146369,0.0,1.0
2013-06-04,8.06,8.45,8,8.05,57204901,0.0,1.0
2013-06-05,7.95,8.86,7.83,8.86,78897985,0.0,1.0
2013-06-06,9.01,9.48,8.91,9.11,91233660,0.0,1.0
2013-06-07,9.25,9.34,8.74,9.04,61647293,0.0,1.0
2013-06-13,8.7,8.7,8.14,8.25,47608332,0.0,1.0
2013-06-14,8.22,8.69,7.98,8.4,46729937,0.0,1.0
2013-06-17,8.46,8.82,8.39,8.55,36383294,0.0,1.0
2013-06-18,8.5,8.95,8.18,8.87,46127525,0.0,1.0
2013-06-19,8.72,8.86,8.51,8.64,27185917,0.0,1.0
2013-06-20,8.91,9.28,8.65,8.74,44840750,0.0,1.0
2013-06-21,8.4,8.72,7.88,8.51,31997916,0.0,1.0
2013-06-24,8.52,8.6,7.71,7.94,32455194,0.0,1.0
2013-06-25,7.75,8.07,7.15,8,34756828,0.0,1.0
2013-06-26,7.94,8.46,7.82,8.31,27962174,0.0,1.0
2013-06-27,8.33,8.57,7.6,7.69,32267272,0.0,1.0
2013-06-28,7.66,7.81,7.18,7.27,30065520,0.0,1.0
2013-07-01,7.16,7.53,7,7.53,19175019,0.0,1.0
2013-07-02,7.47,7.84,7.43,7.8,20989413,0.0,1.0
2013-07-03,7.98,8.25,7.83,8.11,34070563,0.0,1.0
2013-07-04,7.95,8.15,7.85,8,18532494,0.0,1.0
2013-07-05,7.95,8.09,7.73,7.75,18618369,0.0,1.0
2013-07-08,7.55,7.56,7.2,7.25,13450138,0.0,1.0
2013-07-09,7.2,7.44,7.19,7.36,8250954,0.0,1.0
2013-07-10,7.37,7.59,7.28,7.58,13489728,0.0,1.0
2013-07-11,7.6,7.82,7.48,7.71,18416079,0.0,1.0
2013-07-12,7.69,7.93,7.63,7.79,19999020,0.0,1.0
2013-07-15,7.72,7.94,7.71,7.87,13925762,0.0,1.0
2013-07-16,7.88,7.93,7.74,7.88,11455433,0.0,1.0
2013-07-17,7.94,8.1,7.78,7.8,19050570,0.0,1.0
2013-07-18,7.75,7.75,7.47,7.54,14405375,0.0,1.0
2013-07-19,7.56,7.74,7.5,7.54,15003357,0.0,1.0
2013-07-22,7.6,7.97,7.53,7.94,20413457,0.0,1.0
2013-07-23,7.91,8.25,7.9,8.13,26853800,0.0,1.0
2013-07-24,8.18,8.24,8.08,8.23,23277944,0.0,1.0
2013-07-25,8.26,8.65,8.16,8.41,37395741,0.0,1.0
2013-07-26,8.26,8.4,8.05,8.11,19128698,0.0,1.0
2013-07-29,8.08,8.21,7.86,8.04,13446485,0.0,1.0
2013-07-30,8,8.14,7.81,8.03,11047639,0.0,1.0
2013-07-31,8.07,8.12,7.88,7.91,9684922,0.0,1.0
2013-08-01,7.91,8.13,7.9,8.1,11600343,0.0,1.0
2013-08-02,8.15,8.19,7.98,8,12425830,0.0,1.0
2013-08-05,8,8.26,8,8.24,15584367,0.0,1.0
2013-08-06,8.28,8.44,8.1,8.37,18207517,0.0,1.0
2013-08-07,8.42,8.53,8.3,8.32,21620871,0.0,1.0
2013-08-08,8.35,8.36,8.12,8.17,15934849,0.0,1.0
2013-08-09,8.22,8.35,8.09,8.21,12348510,0.0,1.0
2013-08-12,8.2,8.32,8.1,8.29,14333900,0.0,1.0
2013-08-13,8.27,8.3,8.18,8.27,10726252,0.0,1.0
2013-08-14,8.3,8.41,8.21,8.34,15162512,0.0,1.0
2013-08-15,8.31,8.58,8.27,8.39,26233465,0.0,1.0
2013-08-16,8.32,8.35,7.76,7.84,23563379,0.0,1.0
2013-08-19,7.7,7.9,7.63,7.84,11220938,0.0,1.0
2013-08-20,7.88,7.88,7.65,7.68,12257438,0.0,1.0
2013-08-21,7.7,7.82,7.64,7.8,9358252,0.0,1.0
2013-08-22,7.71,7.8,7.6,7.64,9642038,0.0,1.0
2013-08-23,7.68,7.74,7.49,7.55,8906781,0.0,1.0
2013-08-26,7.55,7.81,7.54,7.79,10462384,0.0,1.0
2013-08-27,7.84,8.1,7.83,8.04,19811881,0.0,1.0
2013-08-28,7.98,8.29,7.82,8.04,22002233,0.0,1.0
2013-08-29,8,8.08,7.84,7.87,10681866,0.0,1.0
2013-08-30,7.82,8.15,7.82,7.93,16417416,0.0,1.0
2013-09-02,7.89,7.93,7.55,7.67,14476916,0.0,1.0
2013-09-03,7.61,7.77,7.58,7.71,7901269,0.0,1.0
2013-09-04,7.71,7.74,7.61,7.61,8726736,0.0,1.0
2013-09-05,7.59,7.63,7.51,7.6,9252094,0.0,1.0
2013-09-06,7.6,7.8,7.56,7.72,12360842,0.0,1.0
2013-09-09,7.71,7.78,7.65,7.74,10401306,0.0,1.0
2013-09-10,7.74,8.18,7.66,8.03,25613022,0.0,1.0
2013-09-11,8.05,8.1,7.82,7.91,17550931,0.0,1.0
2013-09-12,7.86,8.14,7.85,8.13,19467920,0.0,1.0
2013-09-13,8.07,8.2,7.92,7.95,12820963,0.0,1.0
2013-09-16,8.03,8.03,7.81,7.84,10563278,0.0,1.0
2013-09-17,7.83,7.83,7.55,7.56,13373651,0.0,1.0
2013-09-18,7.55,7.68,7.54,7.63,6386372,0.0,1.0
2013-09-23,7.66,7.77,7.65,7.73,7581711,0.0,1.0
2013-09-24,7.7,7.92,7.54,7.86,19292757,0.0,1.0
2013-09-25,7.81,8.05,7.76,7.93,21511572,0.0,1.0
2013-09-26,7.84,7.91,7.6,7.66,13187438,0.0,1.0
2013-09-27,7.6,7.75,7.6,7.65,6593117,0.0,1.0
2013-09-30,7.66,7.74,7.57,7.66,5829160,0.0,1.0
2013-10-08,7.6,7.77,7.6,7.7,6680755,0.0,1.0
2013-10-09,7.7,8.19,7.63,8.1,31139272,0.0,1.0
2013-10-10,8.01,8.34,7.97,8.01,28973592,0.0,1.0
2013-10-11,8.12,8.26,8.02,8.22,26296107,0.0,1.0
2013-10-14,8.5,8.58,8.16,8.21,28229808,0.0,1.0
2013-10-15,8.18,9.03,8.15,9.03,58025381,0.0,1.0
2013-10-16,8.96,8.96,8.49,8.75,45511779,0.0,1.0
2013-10-17,8.75,8.98,8.61,8.91,32509405,0.0,1.0
2013-10-18,8.76,8.9,8.61,8.69,21417764,0.0,1.0
2013-10-21,8.73,8.91,8.62,8.82,18493300,0.0,1.0
2013-10-22,8.77,8.99,8.64,8.88,30999333,0.0,1.0
2013-10-23,8.94,9.05,8.23,8.26,29161074,0.0,1.0
2013-10-24,8.25,8.38,8.05,8.1,15791227,0.0,1.0
2013-10-25,8.1,8.19,7.72,7.79,15831417,0.0,1.0
2013-10-28,7.85,7.94,7.74,7.89,8412953,0.0,1.0
2013-10-29,7.86,7.94,7.15,7.37,14682607,0.0,1.0
2013-10-30,7.38,7.47,7.27,7.42,7447306,0.0,1.0
2013-10-31,7.42,7.42,7.19,7.27,5988593,0.0,1.0
2013-11-01,7.24,7.33,7.15,7.29,4700584,0.0,1.0
2013-11-04,7.29,7.45,7.29,7.35,5183825,0.0,1.0
2013-11-05,7.36,7.43,7.28,7.4,5164056,0.0,1.0
2013-11-06,7.43,7.49,7.3,7.31,6372132,0.0,1.0
2013-11-07,7.3,7.3,7.05,7.06,7062000,0.0,1.0
2013-11-08,7,7.07,6.7,6.8,8776427,0.0,1.0
2013-11-11,6.8,7.16,6.72,7.05,7416604,0.0,1.0
2013-11-12,7.03,7.08,6.92,7.01,5111067,0.0,1.0
2013-11-13,6.99,6.99,6.82,6.85,4219130,0.0,1.0
2013-11-14,6.87,6.92,6.76,6.9,4788632,0.0,1.0
2013-11-15,6.92,7.13,6.9,7.07,7067698,0.0,1.0
2013-11-18,7.15,7.36,7.08,7.35,9414887,0.0,1.0
2013-11-19,7.32,7.39,7.23,7.31,8249141,0.0,1.0
2013-11-20,7.27,7.34,7.2,7.31,6861319,0.0,1.0
2013-11-21,7.29,7.29,7.13,7.17,6414542,0.0,1.0
2013-11-22,7.17,7.23,7.15,7.18,4412038,0.0,1.0
2013-11-25,7.16,7.23,7.07,7.12,4776978,0.0,1.0
2013-11-26,7.09,7.17,7.07,7.13,3358032,0.0,1.0
2013-11-27,7.1,7.27,7.08,7.25,6485083,0.0,1.0
2013-11-28,7.36,7.45,7.24,7.29,10637419,0.0,1.0
2013-11-29,7.26,7.31,7.18,7.23,6201067,0.0,1.0
2013-12-02,7.14,7.17,6.84,6.89,9183203,0.0,1.0
2013-12-03,6.84,7.02,6.84,7.02,5486435,0.0,1.0
2013-12-04,7,7.22,6.93,7.14,8682326,0.0,1.0
2013-12-05,7.11,7.51,7.07,7.31,13285327,0.0,1.0
2013-12-06,7.23,7.34,7.15,7.19,6679493,0.0,1.0
2013-12-09,7.14,7.27,7.14,7.22,4065438,0.0,1.0
2013-12-10,7.25,7.41,7.23,7.3,7879628,0.0,1.0
2013-12-11,7.3,7.3,7.12,7.17,4897612,0.0,1.0
2013-12-12,7.17,7.29,7.14,7.2,4933167,0.0,1.0
2013-12-13,7.15,7.26,7.09,7.25,5333450,0.0,1.0
2013-12-16,7.28,7.41,7.17,7.24,7734025,0.0,1.0
2013-12-17,7.24,7.35,7.17,7.22,4961224,0.0,1.0
2013-12-18,7.24,7.32,7.08,7.25,6930257,0.0,1.0
2013-12-19,7.25,7.3,7.18,7.26,5730189,0.0,1.0
2013-12-20,7.25,7.47,7.19,7.34,15850504,0.0,1.0
2013-12-23,7.32,7.49,7.28,7.43,18216936,0.0,1.0
2013-12-24,7.45,7.51,7.2,7.28,11334555,0.0,1.0
2013-12-25,7.29,7.29,7.08,7.13,8300969,0.0,1.0
2013-12-26,7.17,7.2,6.92,6.93,7012956,0.0,1.0
2013-12-27,6.93,7.05,6.92,7,5046217,0.0,1.0
2013-12-30,7.04,7.04,6.93,7,3928222,0.0,1.0
2013-12-31,6.99,7.06,6.91,7.04,3842930,0.0,1.0
2014-01-02,7,7.05,6.98,7.01,2976305,0.0,1.0
2014-01-03,7.01,7.01,6.78,6.78,7783756,0.0,1.0
2014-01-06,6.8,6.82,6.52,6.55,5625818,0.0,1.0
2014-01-07,6.53,6.62,6.47,6.55,3451576,0.0,1.0
2014-01-08,6.59,6.65,6.38,6.39,4987252,0.0,1.0
2014-01-09,6.4,6.48,6.35,6.36,3890407,0.0,1.0
2014-01-10,6.36,6.36,6.08,6.09,5495440,0.0,1.0
2014-01-13,6.09,6.18,5.91,5.99,3985239,0.0,1.0
2014-01-14,6.02,6.1,5.96,6.1,3597433,0.0,1.0
2014-01-15,6.12,6.2,6.07,6.19,4034727,0.0,1.0
2014-01-16,6.2,6.2,6.09,6.14,2929689,0.0,1.0
2014-01-17,6.13,6.17,6.07,6.08,2638959,0.0,1.0
2014-01-20,6.03,6.13,6.03,6.1,2316907,0.0,1.0
2014-01-21,6.13,6.2,6.04,6.18,3182565,0.0,1.0
2014-01-22,6.2,6.37,6.18,6.34,4341231,0.0,1.0
2014-01-23,6.31,6.37,6.2,6.28,5257237,0.0,1.0
2014-01-24,6.28,6.4,6.23,6.35,5205371,0.0,1.0
2014-01-27,6.29,6.34,6.24,6.26,4030735,0.0,1.0
2014-01-28,6.24,6.38,6.24,6.38,4349937,0.0,1.0
2014-01-29,6.37,6.45,6.29,6.33,4817088,0.0,1.0
2014-01-30,6.29,6.34,6.23,6.25,2996475,0.0,1.0
2014-02-07,6.2,6.49,6.11,6.44,6069966,0.0,1.0
2014-02-10,6.44,6.78,6.44,6.69,10360648,0.0,1.0
2014-02-11,6.65,6.81,6.63,6.68,7272745,0.0,1.0
2014-02-12,6.67,6.76,6.66,6.71,5463142,0.0,1.0
2014-02-13,6.69,6.94,6.68,6.76,10219122,0.0,1.0
2014-02-14,6.77,6.91,6.77,6.87,5864547,0.0,1.0
2014-02-17,6.88,6.97,6.83,6.96,7477504,0.0,1.0
2014-02-18,6.94,7.18,6.89,7.09,12849231,0.0,1.0
2014-02-19,7.12,7.17,6.97,7.05,9522665,0.0,1.0
2014-02-20,7.04,7.08,6.81,6.85,8626011,0.0,1.0
2014-02-21,6.81,6.91,6.78,6.89,6019553,0.0,1.0
2014-02-24,6.84,6.97,6.73,6.93,7870140,0.0,1.0
2014-02-25,6.9,6.93,6.51,6.55,9937272,0.0,1.0
2014-02-26,6.54,6.57,6.38,6.48,5864212,0.0,1.0
2014-02-27,6.51,6.58,6.37,6.38,5882093,0.0,1.0
2014-02-28,6.38,6.39,6.2,6.39,5362651,0.0,1.0
2014-03-03,6.35,6.65,6.35,6.6,6742207,0.0,1.0
2014-03-04,6.53,6.63,6.5,6.57,4302164,0.0,1.0
2014-03-05,6.57,6.71,6.57,6.63,5035162,0.0,1.0
2014-03-06,6.6,6.79,6.47,6.76,8156739,0.0,1.0
2014-03-07,6.67,6.77,6.58,6.63,5164439,0.0,1.0
2014-03-10,6.61,6.61,6.32,6.33,5800879,0.0,1.0
2014-03-11,6.35,6.4,6.26,6.33,3468125,0.0,1.0
2014-03-12,6.35,6.35,6.17,6.25,4808114,0.0,1.0
2014-03-13,6.28,6.32,6.23,6.27,3384635,0.0,1.0
2014-03-14,6.25,6.32,6.22,6.32,4095096,0.0,1.0
2014-03-17,6.31,6.56,6.31,6.54,6076472,0.0,1.0
2014-03-18,6.56,6.62,6.51,6.59,7083563,0.0,1.0
2014-03-19,6.56,6.59,6.47,6.53,5821207,0.0,1.0
2014-03-20,6.53,6.59,6.36,6.36,5054145,0.0,1.0
2014-03-21,6.31,6.48,6.2,6.44,7180681,0.0,1.0
2014-03-24,6.45,6.57,6.44,6.54,6385686,0.0,1.0
2014-03-25,6.51,6.7,6.51,6.6,8415546,0.0,1.0
2014-03-26,6.6,6.67,6.5,6.53,4892160,0.0,1.0
2014-03-27,6.51,6.56,6.42,6.47,5663319,0.0,1.0
2014-03-28,6.46,6.52,6.26,6.37,6433798,0.0,1.0
2014-03-31,6.35,6.39,6.29,6.36,3759732,0.0,1.0
2014-04-01,6.34,6.65,6.33,6.64,12191522,0.0,1.0
2014-04-02,6.63,6.68,6.57,6.61,5991386,0.0,1.0
2014-04-03,6.61,6.84,6.57,6.73,19909483,0.0,1.0
2014-04-04,6.69,6.86,6.67,6.78,16568838,0.0,1.0
2014-04-08,6.73,6.74,6.59,6.73,8956837,0.0,1.0
2014-04-09,6.73,6.82,6.63,6.78,9412743,0.0,1.0
2014-04-10,6.75,6.78,6.68,6.7,7053309,0.0,1.0
2014-04-11,6.71,6.77,6.66,6.67,6418413,0.0,1.0
2014-04-14,6.6,6.93,6.43,6.91,21426010,0.0,1.0
2014-04-15,6.85,7.07,6.77,6.8,20702302,0.0,1.0
2014-04-16,6.76,6.95,6.71,6.86,9841430,0.0,1.0
2014-04-17,6.86,7.35,6.81,7.29,27818611,0.0,1.0
2014-04-18,7.19,7.19,7.03,7.05,21027968,0.0,1.0
2014-04-21,6.95,7,6.68,6.74,13977590,0.0,1.0
2014-04-22,6.73,6.79,6.64,6.78,6810708,0.0,1.0
2014-04-23,6.8,6.91,6.71,6.73,6165859,0.0,1.0
2014-04-24,6.73,6.88,6.68,6.74,4924466,0.0,1.0
2014-04-25,6.7,6.74,6.4,6.44,8113406,0.0,1.0
2014-04-28,6.35,6.42,6.15,6.21,5903086,0.0,1.0
2014-04-29,6.18,6.32,6.18,6.26,3380580,0.0,1.0
2014-04-30,6.27,6.34,6.25,6.31,3240676,0.0,1.0
2014-05-05,6.31,6.34,6.19,6.34,3514847,0.0,1.0
2014-05-06,6.31,6.39,6.3,6.34,2528400,0.0,1.0
2014-05-07,6.34,6.34,6.1,6.12,5217199,0.0,1.0
2014-05-08,6.14,6.24,6.01,6.14,4085948,0.0,1.0
2014-05-09,6.14,6.17,6.05,6.14,2323253,0.0,1.0
2014-05-12,6.19,6.34,6.12,6.32,3912682,0.0,1.0
2014-05-13,6.31,6.46,6.1,6.38,5301058,0.0,1.0
2014-05-14,6.36,6.44,6.35,6.38,3610582,0.0,1.0
2014-05-15,6.36,6.4,6.19,6.2,3231830,0.0,1.0
2014-05-16,6.19,6.22,6.12,6.2,2383158,0.0,1.0
2014-05-19,6.2,6.23,6.12,6.18,1407189,0.0,1.0
2014-05-20,6.24,6.33,6.2,6.29,3152314,0.0,1.0
2014-05-21,6.28,6.39,6.18,6.37,3647945,0.0,1.0
2014-05-22,6.38,6.49,6.37,6.42,6715526,0.0,1.0
2014-05-23,6.39,6.47,6.39,6.46,3806458,0.0,1.0
2014-05-26,6.46,6.52,6.39,6.45,4260890,0.0,1.0
2014-05-27,6.45,6.49,6.39,6.44,6412366,0.0,1.0
2014-05-28,6.41,6.52,6.39,6.48,9486495,0.0,1.0
2014-05-29,6.47,6.86,6.44,6.73,27154684,0.0,1.0
2014-05-30,6.68,6.91,6.61,6.78,23096080,0.0,1.0
2014-06-03,6.75,6.77,6.66,6.74,14607467,0.0,1.0
2014-06-04,6.72,6.98,6.64,6.84,20952389,0.0,1.0
2014-06-05,6.75,6.94,6.75,6.88,17203605,0.0,1.0
2014-06-06,6.85,7.05,6.75,6.95,20129507,0.0,1.0
2014-06-09,6.9,7.11,6.66,6.67,21237999,0.0,1.0
2014-06-10,6.67,6.72,6.55,6.66,10341760,0.0,1.0
2014-06-11,6.63,6.72,6.63,6.65,6923963,0.0,1.0
2014-06-12,6.66,6.66,6.49,6.5,8011143,0.0,1.0
2014-06-13,6.47,6.59,6.47,6.53,5348983,0.0,1.0
2014-06-16,6.53,6.61,6.51,6.57,5090197,0.0,1.0
2014-06-17,6.58,6.58,6.38,6.39,8090452,0.0,1.0
2014-06-18,6.39,6.43,6.28,6.31,5764600,0.0,1.0
2014-06-19,6.33,6.36,6.18,6.21,5446499,0.0,1.0
2014-06-20,6.23,6.32,6.2,6.32,3107760,0.0,1.0
2014-06-23,6.31,6.37,6.28,6.33,2657954,0.0,1.0
2014-06-24,6.31,6.43,6.3,6.4,3637202,0.0,1.0
2014-06-25,6.46,6.62,6.44,6.51,9693053,0.0,1.0
2014-06-26,6.49,6.56,6.48,6.5,4682207,0.0,1.0
2014-06-27,6.49,6.54,6.43,6.46,4360869,0.0,1.0
2014-06-30,6.48,6.51,6.43,6.49,4380944,0.0,1.0
2014-07-01,6.49,6.64,6.48,6.6,6279831,0.0,1.0
2014-07-02,6.62,6.62,6.49,6.54,7008673,0.0,1.0
2014-07-03,6.55,6.98,6.55,6.73,17246842,0.0,1.0
2014-07-04,6.73,7.01,6.73,6.8,14278532,0.0,1.0
2014-07-07,6.93,7.48,6.89,7.21,43766309,0.0,1.0
2014-07-08,7.09,7.13,6.9,7.06,27338031,0.0,1.0
2014-07-09,7,7.55,6.97,7.22,46370109,0.0,1.0
2014-07-10,7.25,7.66,7.18,7.54,50492156,0.0,1.0
2014-07-11,7.37,7.56,7.32,7.36,28273600,0.0,1.0
2014-07-14,7.35,7.4,7.14,7.25,23475955,0.0,1.0
2014-07-15,7.26,7.38,7.16,7.27,17751041,0.0,1.0
2014-07-16,7.25,7.26,6.81,6.85,26215839,0.0,1.0
2014-07-17,6.82,6.92,6.81,6.89,9066187,0.0,1.0
2014-07-18,6.9,6.95,6.77,6.84,11243763,0.0,1.0
2014-07-21,6.82,6.89,6.77,6.83,6512905,0.0,1.0
2014-07-22,6.8,6.95,6.79,6.92,10050203,0.0,1.0
2014-07-23,6.93,6.95,6.81,6.85,9758503,0.0,1.0
2014-07-24,6.9,7.02,6.87,7.01,12905923,0.0,1.0
2014-07-25,7.07,7.08,6.94,7,10613319,0.0,1.0
2014-07-28,7.03,7.23,7.02,7.16,17870556,0.0,1.0
2014-07-29,7.23,7.23,7.11,7.2,14404268,0.0,1.0
2014-07-30,7.15,7.33,7.15,7.22,15074125,0.0,1.0
2014-07-31,7.21,7.22,7.09,7.18,11744330,0.0,1.0
2014-08-01,7.15,7.33,7.09,7.12,16534355,0.0,1.0
2014-08-04,7.16,7.35,7.13,7.33,16358890,0.0,1.0
2014-08-05,7.28,7.32,7.23,7.27,10447127,0.0,1.0
2014-08-06,7.25,7.26,7.17,7.2,9736738,0.0,1.0
2014-08-07,7.23,7.27,7.06,7.07,10963013,0.0,1.0
2014-08-08,7.03,7.13,7.03,7.09,6724855,0.0,1.0
2014-08-11,7.09,7.22,7.09,7.21,7785349,0.0,1.0
2014-08-12,7.2,7.28,7.18,7.25,9425269,0.0,1.0
2014-08-13,7.24,7.32,7.12,7.31,13796568,0.0,1.0
2014-08-14,7.28,7.42,7.25,7.28,17798413,0.0,1.0
2014-08-15,7.3,7.41,7.26,7.39,16147384,0.0,1.0
2014-08-18,7.4,7.46,7.34,7.42,12032759,0.0,1.0
2014-08-19,7.41,7.42,7.28,7.35,13596241,0.0,1.0
2014-08-20,7.35,7.46,7.26,7.38,16613158,0.0,1.0
2014-08-21,7.37,7.37,7.18,7.27,12240484,0.0,1.0
2014-08-22,7.26,7.31,7.18,7.25,9393939,0.0,1.0
2014-08-25,7.25,7.27,7.14,7.15,8316324,0.0,1.0
2014-08-26,7.12,7.25,7.04,7.05,9510895,0.0,1.0
2014-08-27,7.09,7.18,7.05,7.13,5949938,0.0,1.0
2014-08-28,7.16,7.32,7.09,7.24,13076292,0.0,1.0
2014-08-29,7.2,7.32,7.19,7.28,7175449,0.0,1.0
2014-09-01,7.3,7.4,7.28,7.39,11106472,0.0,1.0
2014-09-02,7.4,7.44,7.34,7.43,16587091,0.0,1.0
2014-09-03,7.43,7.45,7.34,7.43,14529126,0.0,1.0
2014-09-04,7.41,7.57,7.38,7.48,19892551,0.0,1.0
2014-09-05,7.48,7.51,7.39,7.48,15159089,0.0,1.0
2014-09-09,7.47,7.48,7.35,7.48,14203858,0.0,1.0
2014-09-10,7.43,7.74,7.4,7.68,27024274,0.0,1.0
2014-09-11,7.69,7.88,7.56,7.61,30209218,0.0,1.0
2014-09-12,7.59,7.68,7.57,7.65,12047190,0.0,1.0
2014-09-15,7.64,7.8,7.63,7.76,16474763,0.0,1.0
2014-09-16,7.76,7.84,7.41,7.48,24469665,0.0,1.0
2014-09-17,7.52,7.6,7.45,7.56,13271563,0.0,1.0
2014-09-18,7.53,7.75,7.46,7.69,17791293,0.0,1.0
2014-09-19,7.66,7.85,7.65,7.83,20644715,0.0,1.0
2014-09-22,7.84,7.85,7.57,7.61,14341647,0.0,1.0
2014-09-23,7.66,8.08,7.62,7.92,27971176,0.0,1.0
2014-09-24,7.93,8.07,7.91,8,28806448,0.0,1.0
2014-09-25,8,8.08,7.86,7.9,20663047,0.0,1.0
2014-09-26,7.89,7.96,7.8,7.84,13833131,0.0,1.0
2014-09-29,7.88,8.19,7.86,8.08,23772215,0.0,1.0
2014-09-30,8.06,8.12,7.97,8.07,18043203,0.0,1.0
2014-10-08,8.12,8.23,8,8.18,21793116,0.0,1.0
2014-10-09,8.18,8.85,8.13,8.46,34559897,0.0,1.0
2014-10-10,8.4,8.71,8.36,8.59,27119318,0.0,1.0
2014-10-13,8.55,8.67,8.37,8.54,19454706,0.0,1.0
2014-10-14,8.54,8.64,8.33,8.46,20395268,0.0,1.0
2014-10-15,8.46,8.77,8.41,8.61,27929119,0.0,1.0
2014-10-16,8.53,8.8,8.36,8.38,29843334,0.0,1.0
2014-10-17,8.31,8.5,7.81,7.99,26062464,0.0,1.0
2014-10-20,8.05,8.25,8.03,8.08,11383308,0.0,1.0
2014-10-21,8.11,8.28,8.05,8.1,12175413,0.0,1.0
2014-10-22,8.07,8.21,7.79,7.85,15332069,0.0,1.0
2014-10-23,7.88,7.89,7.65,7.73,10641254,0.0,1.0
2014-10-24,7.73,7.83,7.67,7.8,8219373,0.0,1.0
2014-10-27,7.75,7.9,7.71,7.9,6565735,0.0,1.0
2014-10-28,7.96,8.08,7.91,8.05,10988175,0.0,1.0
2014-10-29,8.06,8.22,8.02,8.12,15956273,0.0,1.0
2014-10-30,8.12,8.24,8.05,8.08,13165173,0.0,1.0
2014-10-31,8.08,8.17,7.92,8.04,15951698,0.0,1.0
2014-11-03,8.06,8.24,8.04,8.24,18890875,0.0,1.0
2014-11-04,8.25,8.4,8.2,8.29,18664753,0.0,1.0
2014-11-05,8.28,8.33,8.12,8.13,11913135,0.0,1.0
2014-11-06,8.14,8.17,8.02,8.15,11575718,0.0,1.0
2014-11-07,8.15,8.28,7.95,7.97,19210900,0.0,1.0
2014-11-10,7.97,7.97,7.97,7.97,0,0.0,1.0
2014-11-11,7.97,7.97,7.97,7.97,0,0.0,1.0
2014-11-12,7.97,7.97,7.97,7.97,0,0.0,1.0
2014-11-13,7.97,7.97,7.97,7.97,0,0.0,1.0
2014-11-14,7.78,7.91,7.6,7.78,19234190,0.0,1.0
2014-11-17,7.74,7.88,7.65,7.83,13238479,0.0,1.0
2014-11-18,7.81,7.83,7.7,7.78,7909597,0.0,1.0
2014-11-19,7.8,8.14,7.76,8.13,19741552,0.0,1.0
2014-11-20,8.03,8.26,8.03,8.21,17098559,0.0,1.0
2014-11-21,8.21,8.34,8.13,8.31,20345242,0.0,1.0
2014-11-24,8.46,8.61,8.33,8.42,37486760,0.0,1.0
2014-11-25,8.5,8.62,8.42,8.53,38023070,0.0,1.0
2014-11-26,8.54,8.64,8.46,8.52,25200942,0.0,1.0
2014-11-27,8.59,8.84,8.49,8.79,39363128,0.0,1.0
2014-11-28,8.82,8.95,8.7,8.74,35308380,0.0,1.0
2014-12-01,8.71,8.78,8.47,8.47,28150541,0.0,1.0
2014-12-02,8.45,8.76,8.45,8.75,27168294,0.0,1.0
2014-12-03,8.83,9.03,8.66,8.76,38209098,0.0,1.0
2014-12-04,8.74,9.22,8.63,9.2,51601354,0.0,1.0
2014-12-05,9.31,9.47,8.78,8.95,60826396,0.0,1.0
2014-12-08,9,9.35,8.88,9.24,44487202,0.0,1.0
2014-12-09,9.1,9.51,8.6,8.72,50485096,0.0,1.0
2014-12-10,8.74,9.02,8.56,8.96,27533229,0.0,1.0
2014-12-11,8.88,9.09,8.76,8.88,21780740,0.0,1.0
2014-12-12,8.98,9.26,8.88,9.15,27012163,0.0,1.0
2014-12-15,9.12,9.4,9.04,9.38,26856132,0.0,1.0
2014-12-16,9.44,9.6,9.35,9.52,31081121,0.0,1.0
2014-12-17,9.59,9.8,9.24,9.42,35033479,0.0,1.0
2014-12-18,9.38,9.41,9.21,9.22,17749137,0.0,1.0
2014-12-19,9.22,9.4,8.94,9.11,20347939,0.0,1.0
2014-12-22,9.03,9.07,8.55,8.6,24664131,0.0,1.0
2014-12-23,8.57,8.77,8.49,8.56,13123113,0.0,1.0
2014-12-24,8.58,8.73,8.5,8.68,10730213,0.0,1.0
2014-12-25,8.69,8.82,8.64,8.77,12667731,0.0,1.0
2014-12-26,8.78,9.09,8.7,9.04,23616383,0.0,1.0
2014-12-29,9.03,9.08,8.74,8.8,16191338,0.0,1.0
2014-12-30,8.78,8.88,8.62,8.7,13064009,0.0,1.0
2014-12-31,8.69,8.77,8.57,8.69,9721185,0.0,1.0
2015-01-05,8.79,8.94,8.68,8.86,19764235,0.0,1.0
2015-01-06,8.81,9.06,8.76,9,19146613,0.0,1.0
2015-01-07,8.96,9.16,8.91,9.07,19151264,0.0,1.0
2015-01-08,9.06,9.09,8.74,8.75,14317065,0.0,1.0
2015-01-09,8.71,8.81,8.53,8.56,12214089,0.0,1.0
2015-01-12,8.55,8.56,8.15,8.17,15519935,0.0,1.0
2015-01-13,8.16,8.26,8.12,8.24,8577912,0.0,1.0
2015-01-14,8.25,8.49,8.25,8.34,11652036,0.0,1.0
2015-01-15,8.35,8.39,8.28,8.35,6919875,0.0,1.0
2015-01-16,8.37,8.43,8.3,8.33,15386565,0.0,1.0
2015-01-19,8.05,8.22,7.68,7.79,17024690,0.0,1.0
2015-01-20,7.88,8.06,7.86,8.05,10154061,0.0,1.0
2015-01-21,8.1,8.31,8.05,8.27,15161693,0.0,1.0
2015-01-22,8.23,8.35,8.18,8.31,11589351,0.0,1.0
2015-01-23,8.33,8.44,8.27,8.33,13327740,0.0,1.0
2015-01-26,8.31,8.65,8.28,8.58,17986217,0.0,1.0
2015-01-27,8.61,8.7,8.45,8.61,15076413,0.0,1.0
2015-01-28,8.58,8.81,8.53,8.63,17374470,0.0,1.0
2015-01-29,8.56,8.64,8.43,8.58,11960615,0.0,1.0
2015-01-30,8.6,8.82,8.59,8.7,19654900,0.0,1.0
2015-02-02,8.66,8.92,8.6,8.71,17943665,0.0,1.0
2015-02-03,8.75,8.88,8.73,8.79,13214846,0.0,1.0
2015-02-04,8.82,8.85,8.57,8.62,14982919,0.0,1.0
2015-02-05,8.7,8.71,8.44,8.46,11536664,0.0,1.0
2015-02-06,8.47,8.56,8.15,8.23,10942008,0.0,1.0
2015-02-09,8.21,8.34,8.2,8.23,6174934,0.0,1.0
2015-02-10,8.23,8.33,8.21,8.32,6014535,0.0,1.0
2015-02-11,8.32,8.51,8.3,8.5,7789835,0.0,1.0
2015-02-12,8.5,8.77,8.46,8.7,13945107,0.0,1.0
2015-02-13,8.72,8.84,8.68,8.72,13966097,0.0,1.0
2015-02-16,8.72,8.86,8.72,8.84,12772791,0.0,1.0
2015-02-17,8.83,9.15,8.76,8.96,22587727,0.0,1.0
2015-02-25,8.94,8.96,8.84,8.89,13254015,0.0,1.0
2015-02-26,8.9,8.98,8.78,8.96,14090340,0.0,1.0
2015-02-27,8.96,9.13,8.93,8.97,16954935,0.0,1.0
2015-03-02,9.01,9.25,8.94,9.21,24067093,0.0,1.0
2015-03-03,9.2,9.42,9.02,9.23,29635893,0.0,1.0
2015-03-04,9.2,9.67,9.16,9.55,29299303,0.0,1.0
2015-03-05,9.49,9.68,9.32,9.39,21607877,0.0,1.0
2015-03-06,9.39,9.58,9.29,9.43,18350461,0.0,1.0
2015-03-09,9.39,9.86,9.22,9.68,37981659,0.0,1.0
2015-03-10,9.63,9.81,9.57,9.72,22033901,0.0,1.0
2015-03-11,9.7,9.75,9.44,9.45,20379760,0.0,1.0
2015-03-12,9.47,10.18,9.43,10.09,44660562,0.0,1.0
2015-03-13,10,10.15,9.9,10.01,30410285,0.0,1.0
2015-03-16,10.03,10.3,9.97,10.16,34524301,0.0,1.0
2015-03-17,10.19,10.39,10.1,10.34,36935170,0.0,1.0
2015-03-18,10.3,10.43,10.24,10.41,26038184,0.0,1.0
2015-03-19,10.41,10.7,10.28,10.58,37651354,0.0,1.0
2015-03-20,10.59,10.79,10.38,10.59,35128435,0.0,1.0
2015-03-23,10.6,10.97,10.49,10.95,36679585,0.0,1.0
2015-03-24,10.95,10.97,10.31,10.69,42805990,0.0,1.0
2015-03-25,10.66,10.88,10.45,10.69,35789961,0.0,1.0
2015-03-26,10.66,10.68,10.22,10.25,36739763,0.0,1.0
2015-03-27,10.25,10.48,10.23,10.39,21045488,0.0,1.0
2015-03-30,10.39,10.6,10.3,10.55,26947843,0.0,1.0
2015-03-31,10.54,11.12,10.54,10.9,49235298,0.0,1.0
2015-04-01,10.89,11.17,10.84,11.1,30611647,0.0,1.0
2015-04-02,11.15,11.74,10.82,11.69,54787331,0.0,1.0
2015-04-03,11.49,11.97,11.4,11.79,46475922,0.0,1.0
2015-04-07,11.8,12.08,11.77,11.79,36766499,0.0,1.0
2015-04-08,11.79,11.92,11.42,11.53,31726527,0.0,1.0
2015-04-09,11.52,12.68,11.52,12.68,65483037,0.0,1.0
2015-04-10,12.98,13.75,12.65,13.27,63904454,0.0,1.0
2015-04-13,13.36,14.6,13.36,14.6,65232900,0.0,1.0
2015-04-14,14.6,16,14.43,14.61,93939096,0.0,1.0
2015-04-15,14.3,14.49,13.3,13.59,67436944,0.0,1.0
2015-04-16,13.38,14.57,13.01,14.22,54967946,0.0,1.0
2015-04-17,14.2,14.48,13.77,13.81,54348166,0.0,1.0
2015-04-20,13.7,13.7,12.99,13.04,51870187,0.0,1.0
2015-04-21,12.91,13.82,12.82,13.8,36297751,0.0,1.0
2015-04-22,14.25,14.49,13.92,14.14,43659226,0.0,1.0
2015-04-23,14.22,15.3,14.08,14.78,56441477,0.0,1.0
2015-04-24,14.45,15.21,14.26,14.89,51272617,0.0,1.0
2015-04-27,15.1,15.47,14.6,14.9,50087892,0.0,1.0
2015-04-28,14.84,14.96,13.83,14.06,43156698,0.0,1.0
2015-04-29,14.08,14.28,13.67,14.25,28992534,0.0,1.0
2015-04-30,14.1,14.3,13.69,13.7,35241817,0.0,1.0
2015-05-04,13.71,13.83,13.4,13.5,22318373,0.0,1.0
2015-05-05,13.41,13.67,12.8,13.02,27818185,0.0,1.0
2015-05-06,13.05,13.39,12.83,12.91,22288049,0.0,1.0
2015-05-07,12.85,13.1,11.92,12.05,27475449,0.0,1.0
2015-05-08,12.25,12.47,12.06,12.46,21234309,0.0,1.0
2015-05-11,12.57,13.47,12.57,13.31,31296998,0.0,1.0
2015-05-12,13.35,13.55,13.18,13.4,24359124,0.0,1.0
2015-05-13,13.38,13.93,13.06,13.65,33025104,0.0,1.0
2015-05-14,13.68,14.18,13.33,13.82,38191828,0.0,1.0
2015-05-15,13.95,14.05,13.23,13.37,29239950,0.0,1.0
2015-05-18,13.3,13.3,12.83,12.89,28439699,0.0,1.0
2015-05-19,12.86,13.48,12.68,13.43,28155747,0.0,1.0
2015-05-20,13.58,13.88,13.4,13.53,37559018,0.0,1.0
2015-05-21,13.62,14.37,13.5,14.29,47151397,0.0,1.0
2015-05-22,14.31,15.72,14.25,15.72,80652508,0.0,1.0
2015-05-25,15.9,16.34,15.24,15.75,84669701,0.0,1.0
2015-05-26,15.8,16.370001,15.5,15.96,65439615,0.0,1.0
2015-05-27,15.97,16.700001,15.18,16.299999,80959131,0.0,1.0
2015-05-28,16.280001,16.700001,14.8,14.83,64801883,0.0,1.0
2015-05-29,14.83,15.23,13.8,14.68,46479595,0.0,1.0
2015-06-01,14.98,15.74,14.76,15.65,48057874,0.0,1.0
2015-06-02,15.95,16.629999,15.68,16.34,56548728,0.0,1.0
2015-06-03,16.34,16.34,16.34,16.34,0,0.0,1.0
2015-06-04,15.98,16.02,14.71,15.47,65684629,0.0,1.0
2015-06-05,15.55,16.389999,15.49,15.93,53896134,0.0,1.0
2015-06-08,15.95,17.52,15.86,17.52,82790029,0.0,1.0
2015-06-09,17.67,17.67,16.5,16.799999,54819723,0.0,1.0
2015-06-10,16.809999,17.67,16.52,16.969999,49461278,0.0,1.0
2015-06-11,16.799999,18.49,16.68,18.18,60629895,0.0,1.0
2015-06-12,18.15,19.58,18.01,18.889999,69179060,0.0,1.0
2015-06-15,18.790001,19.549999,18.469999,18.68,59112939,0.0,1.0
2015-06-16,18.389999,19.209999,17.5,19.190001,56742529,0.0,1.0
2015-06-17,19.35,19.360001,18.280001,18.950001,38420543,0.0,1.0
2015-06-18,19.129999,20,18.57,18.6,46325062,0.0,1.0
2015-06-19,18.17,18.17,16.74,16.74,40217270,0.0,1.0
2015-06-23,16.700001,16.99,15.07,16.370001,38224531,0.0,1.0
2015-06-24,16.450001,16.860001,15.89,16.540001,32478751,0.0,1.0
2015-06-25,16.540001,16.6,14.89,14.9,34554537,0.0,1.0
2015-06-26,14.41,14.48,13.41,13.41,32365000,0.0,1.0
2015-06-29,13.85,13.9,12.07,12.07,45613329,0.0,1.0
2015-06-30,11.7,12.78,10.86,12.66,55210242,0.0,1.0
2015-07-01,12.35,13.12,11.5,11.7,47533292,0.0,1.0
2015-07-02,11.73,12,10.53,10.57,43496690,0.0,1.0
2015-07-03,9.78,10.69,9.51,9.51,44545761,0.0,1.0
2015-07-06,10.46,10.46,8.56,8.66,63530215,0.0,1.0
2015-07-07,8.25,8.25,7.79,7.79,28893292,0.0,1.0
2015-07-08,7.01,7.76,7.01,7.01,116800050,0.0,1.0
2015-07-09,6.8,7.71,6.8,7.71,40695857,0.0,1.0
2015-07-10,8.38,8.48,8.12,8.48,12058796,0.0,1.0
2015-07-13,9.33,9.33,9.02,9.33,30092480,0.0,1.0
2015-07-14,9.76,10.26,9.45,10.26,81294164,0.0,1.0
2015-07-15,9.8,10.11,9.48,9.59,56359389,0.0,1.0
2015-07-16,9.59,10.49,8.85,10.42,41650584,0.0,1.0
2015-07-17,10.5,11.37,10.42,10.95,44414516,0.0,1.0
2015-07-20,10.8,11.49,10.66,11.25,40090937,0.0,1.0
2015-07-21,10.98,11.57,10.71,11.21,29475787,0.09865,1.0
2015-07-22,11.14,11.33,10.7,11.06,30671448,0.0,1.0
2015-07-23,11.1,11.85,10.91,11.68,37999118,0.0,1.0
2015-07-24,11.65,11.78,11.06,11.15,34678536,0.0,1.0
2015-07-27,10.81,11.14,10.04,10.04,30824717,0.0,1.0
2015-07-28,9.67,10.18,9.04,9.2,38701234,0.0,1.0
2015-07-29,9.42,10.13,9.19,10.11,25360992,0.0,1.0
2015-07-30,10.1,10.54,9.81,9.96,28404620,0.0,1.0
2015-07-31,9.92,10.59,9.85,10.23,22061110,0.0,1.0
2015-08-03,10.2,10.2,9.2,9.43,23583417,0.0,1.0
2015-08-04,9.6,10.25,9.38,10.21,23584589,0.0,1.0
2015-08-05,10.15,10.49,9.92,10.27,27935371,0.0,1.0
2015-08-06,9.89,10.34,9.78,10.07,17559839,0.0,1.0
2015-08-07,10.19,10.58,10.19,10.49,23406314,0.0,1.0
2015-08-10,10.58,11.28,10.56,11.1,34694841,0.0,1.0
2015-08-11,11.08,11.6,11,11.29,36160725,0.0,1.0
2015-08-12,11.3,12.42,11.15,12.16,69373814,0.0,1.0
2015-08-13,11.89,12.69,11.79,12.49,56684501,0.0,1.0
2015-08-14,12.66,13.45,12.66,13.23,62139137,0.0,1.0
2015-08-17,13,13.75,12.58,13.64,55025224,0.0,1.0
2015-08-18,13.65,13.7,12.28,12.28,52395066,0.0,1.0
2015-08-19,11.5,12.83,11.05,12.65,53083316,0.0,1.0
2015-08-20,12.2,12.62,11.53,11.6,31610935,0.0,1.0
2015-08-21,11.2,11.73,10.44,10.53,40787278,0.0,1.0
2015-08-24,9.8,10.1,9.48,9.48,24516255,0.0,1.0
2015-08-25,8.53,8.85,8.53,8.53,28936315,0.0,1.0
2015-08-26,8.6,8.89,7.68,7.69,40287327,0.0,1.0
2015-08-27,7.94,8.39,7.4,8.36,29055054,0.0,1.0
2015-08-28,8.58,9.2,8.42,9.2,33727902,0.0,1.0
2015-08-31,9,9.28,8.9,8.95,28764075,0.0,1.0
2015-09-01,8.8,8.81,8.06,8.24,26313785,0.0,1.0
2015-09-02,7.8,8.78,7.72,8.64,37495487,0.0,1.0
2015-09-07,8.7,9.37,8.3,8.68,39831158,0.0,1.0
2015-09-08,8.64,9.31,8.47,9.25,24686129,0.0,1.0
2015-09-09,9.35,9.74,8.87,9.27,62642703,0.0,1.0
2015-09-10,8.98,9.83,8.9,9.39,43164684,0.0,1.0
2015-09-11,9.32,9.71,9.13,9.67,34255923,0.0,1.0
2015-09-14,9.71,9.78,8.7,8.7,41863842,0.0,1.0
2015-09-15,8.01,8.6,7.98,8.14,30122202,0.0,1.0
2015-09-16,7.58,8.95,7.58,8.9,26637194,0.0,1.0
2015-09-17,8.79,9.17,8.52,8.6,23211310,0.0,1.0
2015-09-18,8.8,8.8,8.44,8.64,15948283,0.0,1.0
2015-09-21,8.5,9.2,8.42,9.18,27051138,0.0,1.0
2015-09-22,9.15,9.67,9.02,9.46,46061200,0.0,1.0
2015-09-23,9.25,9.42,9.07,9.17,25373809,0.0,1.0
2015-09-24,9.28,9.56,9.18,9.41,21322380,0.0,1.0
2015-09-25,9.35,9.5,8.88,8.99,18971638,0.0,1.0
2015-09-28,9.03,9.33,8.95,9.26,12478066,0.0,1.0
2015-09-29,9.08,9.21,8.97,9.12,12014510,0.0,1.0
2015-09-30,9.15,9.24,9.05,9.16,10069451,0.0,1.0
2015-10-08,9.52,9.74,9.21,9.45,22746637,0.0,1.0
2015-10-09,9.4,9.72,9.34,9.7,22085307,0.0,1.0
2015-10-12,9.7,10.29,9.67,9.8,67503159,0.0,1.0
2015-10-13,9.78,10.14,9.72,10.03,30990958,0.0,1.0
2015-10-14,10,10.39,9.88,10.16,33644709,0.0,1.0
2015-10-15,10.09,10.71,10.09,10.5,41504742,0.0,1.0
2015-10-16,10.53,10.89,10.31,10.87,45100111,0.0,1.0
2015-10-19,10.89,11.15,10.62,10.86,35329213,0.0,1.0
2015-10-20,10.81,11.1,10.56,10.92,30846050,0.0,1.0
2015-10-21,10.91,11.04,9.84,9.9,42795081,0.0,1.0
2015-10-22,9.87,10.6,9.87,10.52,28646600,0.0,1.0
2015-10-23,10.72,11.57,10.61,11.57,74299959,0.0,1.0
2015-10-26,11.6,11.64,11.1,11.49,68062305,0.0,1.0
2015-10-27,11.3,12.4,11.25,12.29,65576382,0.0,1.0
2015-10-28,12,12.84,11.79,11.9,52747964,0.0,1.0
2015-10-29,12.2,12.35,11.89,12.05,26454007,0.0,1.0
2015-10-30,12.08,12.35,11.7,12.04,24925090,0.0,1.0
2015-11-02,11.6,12.25,11.6,11.76,21170229,0.0,1.0
2015-11-03,11.71,11.89,11.45,11.56,17269582,0.0,1.0
2015-11-04,11.6,12.5,11.6,12.43,33917658,0.0,1.0
2015-11-05,12.36,12.72,12.15,12.25,35908261,0.0,1.0
2015-11-06,12.26,12.68,12.26,12.56,26606873,0.0,1.0
2015-11-09,12.42,13.1,12.4,12.95,36833828,0.0,1.0
2015-11-10,12.8,13.11,12.7,12.89,27868231,0.0,1.0
2015-11-11,12.95,13.05,12.82,12.97,17882453,0.0,1.0
2015-11-12,12.99,13.1,12.55,12.8,21433056,0.0,1.0
2015-11-13,12.71,13,12.63,12.8,24494820,0.0,1.0
2015-11-16,12.5,13.58,12.5,13.53,32681057,0.0,1.0
2015-11-17,13.61,13.63,13.03,13.13,31831777,0.0,1.0
2015-11-18,13.21,13.46,12.93,12.96,18971824,0.0,1.0
2015-11-19,13.06,13.2,12.66,13.11,17856183,0.0,1.0
2015-11-20,13.24,13.28,13,13.11,15967384,0.0,1.0
2015-11-23,13.16,13.6,13.16,13.34,26699848,0.0,1.0
2015-11-24,13.36,13.82,13.36,13.79,21120039,0.0,1.0
2015-11-25,13.91,15.17,13.79,14.79,37355576,0.0,1.0
2015-11-26,15,15.34,14.2,14.27,46587866,0.0,1.0
2015-11-27,14.2,14.2,12.84,13.15,50802913,0.0,1.0
2015-11-30,13.17,14.37,12.5,14.3,44535688,0.0,1.0
2015-12-01,14.1,14.55,13.86,14.26,25468489,0.0,1.0
2015-12-02,14.28,14.3,13.48,13.74,23195506,0.0,1.0
2015-12-03,13.65,14.09,13.65,13.98,12836825,0.0,1.0
2015-12-04,13.93,14.55,13.88,14.11,25922780,0.0,1.0
2015-12-07,14.22,14.37,13.83,14.03,18761927,0.0,1.0
2015-12-08,14.03,14.03,13.37,13.4,19474003,0.0,1.0
2015-12-09,13.4,13.57,12.8,12.98,22267854,0.0,1.0
2015-12-10,13,13.4,13,13.06,17290275,0.0,1.0
2015-12-11,13.1,13.3,12.95,13.03,12085218,0.0,1.0
2015-12-14,12.8,13.44,12.8,13.42,13109095,0.0,1.0
2015-12-15,13.5,13.57,13.29,13.48,10492373,0.0,1.0
2015-12-16,13.44,14.46,13.44,14.19,27021988,0.0,1.0
2015-12-17,14.3,14.71,14.21,14.37,24743149,0.0,1.0
2015-12-18,14.33,14.81,14.33,14.7,30562477,0.0,1.0
2015-12-21,14.7,14.7,14.7,14.7,0,0.0,1.0
2015-12-22,14.7,14.7,14.7,14.7,0,0.0,1.0
2015-12-23,14.7,14.7,14.7,14.7,0,0.0,1.0
2015-12-24,14.7,14.7,14.7,14.7,0,0.0,1.0
2015-12-25,14.33,14.81,14.33,14.7,30562477,0.0,1.0
2015-12-28,14.7,14.7,14.7,14.7,0,0.0,1.0
2015-12-29,14.7,14.7,14.7,14.7,0,0.0,1.0
2015-12-30,14.7,14.7,14.7,14.7,0,0.0,1.0
2015-12-31,14.7,14.7,14.7,14.7,0,0.0,1.0
2016-01-04,14.7,14.7,14.7,14.7,0,0.0,1.0
2016-01-05,14.7,14.7,14.7,14.7,0,0.0,1.0
2016-01-06,14.7,14.7,14.7,14.7,0,0.0,1.0
2016-01-07,14.7,14.7,14.7,14.7,0,0.0,1.0
2016-01-08,14.7,14.7,14.7,14.7,0,0.0,1.0
2016-01-11,14.7,14.7,14.7,14.7,0,0.0,1.0
2016-01-12,14.7,14.7,14.7,14.7,0,0.0,1.0
2016-01-13,14.7,14.7,14.7,14.7,0,0.0,1.0
2016-01-14,14.7,14.7,14.7,14.7,0,0.0,1.0
2016-01-15,14.7,14.7,14.7,14.7,0,0.0,1.0
2016-01-18,14.7,14.7,14.7,14.7,0,0.0,1.0
2016-01-19,13.23,13.23,13.23,13.23,555200,0.0,1.0
2016-01-20,11.91,12.03,11.91,11.92,81623149,0.0,1.0
2016-01-21,11.51,12.2,11.44,11.6,55818935,0.0,1.0
2016-01-22,11.61,11.8,10.7,11.42,39058654,0.0,1.0
2016-01-25,11.4,11.47,11.14,11.41,14426141,0.0,1.0
2016-01-26,11.3,11.79,10.77,11.09,24114341,0.0,1.0
2016-01-27,10.84,11.08,9.98,9.98,20751994,0.0,1.0
2016-01-28,9.98,10.44,9.5,9.58,18961371,0.0,1.0
2016-01-29,9.59,10.37,9.5,10.31,16704238,0.0,1.0
2016-02-01,10.36,11.33,10.3,11.26,26579155,0.0,1.0
2016-02-02,11.2,11.95,11.05,11.91,21149110,0.0,1.0
2016-02-03,11.74,12.19,11.58,12,14968838,0.0,1.0
2016-02-04,11.91,12.32,11.9,11.94,12095670,0.0,1.0
2016-02-05,13.09,13.09,12.66,12.82,20050507,0.0,1.0
2016-02-15,12.33,13.01,12.26,13,12735298,0.0,1.0
2016-02-16,12.96,13.38,12.9,13.21,13037699,0.0,1.0
2016-02-17,13.24,13.48,12.89,13.11,11218696,0.0,1.0
2016-02-18,13.11,13.59,12.91,13.19,15771587,0.0,1.0
2016-02-19,13.22,13.34,12.85,13.02,9882184,0.0,1.0
2016-02-22,13.28,13.38,13.03,13.17,10729990,0.0,1.0
2016-02-23,13.17,13.24,12.87,13.02,8806749,0.0,1.0
2016-02-24,13.03,13.69,12.94,13.5,18623359,0.0,1.0
2016-02-25,13.41,13.59,12.15,12.15,20960722,0.0,1.0
2016-02-26,12.34,12.5,11.72,12.14,11141752,0.0,1.0
2016-02-29,12.02,12.19,10.93,10.97,11232427,0.0,1.0
2016-03-01,11.01,11.38,11.01,11.3,9916470,0.0,1.0
2016-03-02,11.3,12.13,11.2,12.01,11568477,0.0,1.0
2016-03-03,12,12.46,11.98,12.09,10186855,0.0,1.0
2016-03-04,12.01,12.37,11.74,12.03,11147405,0.0,1.0
2016-03-07,12.02,12.58,12.02,12.39,9820466,0.0,1.0
2016-03-08,12.34,12.35,11.5,12.21,9772145,0.0,1.0
2016-03-09,11.93,12.06,11.72,11.75,6584281,0.0,1.0
2016-03-10,11.76,11.96,11.6,11.62,4918082,0.0,1.0
2016-03-11,11.68,11.9,11.54,11.78,6265775,0.0,1.0
2016-03-14,11.9,12.4,11.81,12.22,9468529,0.0,1.0
2016-03-15,12.23,12.27,11.92,11.98,5582189,0.0,1.0
2016-03-16,12.06,12.31,11.85,12.07,6349688,0.0,1.0
2016-03-17,12.07,12.37,12,12.35,10499671,0.0,1.0
2016-03-18,12.35,12.89,12.18,12.7,15323326,0.0,1.0
2016-03-21,12.85,13.13,12.71,13,12562883,0.0,1.0
2016-03-22,12.98,12.98,12.77,12.84,7475395,0.0,1.0
2016-03-23,12.8,13.04,12.7,12.88,7594826,0.0,1.0
2016-03-24,12.84,13.03,12.6,12.68,10924053,0.0,1.0
2016-03-25,12.5,13.08,12.5,12.94,10219676,0.0,1.0
2016-03-28,13.01,13.25,12.7,12.75,12309121,0.0,1.0
2016-03-29,12.79,12.98,12.61,12.96,9472362,0.0,1.0
2016-03-30,13.09,13.37,13.01,13.33,14594707,0.0,1.0
2016-03-31,13.35,13.48,13.18,13.27,12517841,0.0,1.0
2016-04-01,13.32,13.35,13.03,13.2,8115209,0.0,1.0
2016-04-05,13.25,13.45,13.25,13.38,8621907,0.0,1.0
2016-04-06,13.43,13.44,13.1,13.24,8633870,0.0,1.0
2016-04-07,13.16,13.37,12.93,13.24,10772745,0.0,1.0
2016-04-08,13.15,13.19,12.95,13.18,6573907,0.0,1.0
2016-04-11,13.25,13.58,13.25,13.56,14349821,0.0,1.0
2016-04-12,13.5,13.6,13.39,13.5,8709449,0.0,1.0
2016-04-13,13.55,14.03,13.55,13.9,17194393,0.0,1.0
2016-04-14,13.89,15.29,13.88,15,43330119,0.0,1.0
2016-04-15,14.95,15.11,14.58,14.72,20094585,0.0,1.0
2016-04-18,14.65,14.97,14.46,14.61,12415296,0.0,1.0
2016-04-19,14.72,15.18,14.52,14.94,16967376,0.0,1.0
2016-04-20,14.99,15.15,13.7,14.01,27486040,0.0,1.0
2016-04-21,14.1,14.32,13.82,13.85,14455094,0.0,1.0
2016-04-22,13.8,13.99,13.68,13.97,7503008,0.0,1.0
2016-04-25,14,14.22,13.8,14.07,7858729,0.0,1.0
2016-04-26,14.06,14.26,13.88,14.13,8359133,0.0,1.0
2016-04-27,14.12,14.38,14,14.05,6461026,0.0,1.0
2016-04-28,13.99,14.2,13.74,14.19,13231446,0.0,1.0
2016-04-29,14.19,14.3,14.1,14.15,7587602,0.0,1.0
2016-05-03,14.17,14.69,14.03,14.62,10489265,0.0,1.0
2016-05-04,14.51,14.86,14.51,14.63,9728950,0.0,1.0
2016-05-05,14.51,14.62,14.02,14.27,18976840,0.0,1.0
2016-05-06,14.38,14.8,14.21,14.4,25248078,0.0,1.0
2016-05-09,14.4,14.72,14.06,14.41,25401687,0.0,1.0
2016-05-10,14.28,14.28,13.21,13.47,17290072,0.0,1.0
2016-05-11,13.5,13.99,12.98,13.7,15100205,0.0,1.0
2016-05-12,13.56,13.89,13.2,13.87,8744597,0.0,1.0
2016-05-13,13.84,14.03,13.65,13.91,7581017,0.0,1.0
2016-05-16,13.9,13.95,13.71,13.93,5301962,0.0,1.0
2016-05-17,13.99,14.49,13.84,14.15,9931707,0.0,1.0
2016-05-18,14,14.08,13.33,13.64,8697260,0.0,1.0
2016-05-19,13.65,13.97,13.34,13.39,6183052,0.0,1.0
2016-05-20,13.33,13.66,13.08,13.5,6276775,0.0,1.0
2016-05-23,13.6,13.79,13.6,13.75,4318600,0.0,1.0
2016-05-24,13.75,13.9,13.6,13.84,6884865,0.0,1.0
2016-05-25,13.81,14.09,13.64,14.04,9618208,0.0,1.0
2016-05-26,13.98,14.13,13.7,14.07,7430253,0.0,1.0
2016-05-27,13.97,14.29,13.97,14.19,9154718,0.0,1.0
2016-05-30,14.08,14.36,13.91,14.25,6518292,0.0,1.0
2016-05-31,14.21,14.64,14.21,14.62,13533630,0.0,1.0
2016-06-01,14.65,14.74,14.3,14.49,12508563,0.0,1.0
2016-06-02,14.45,14.48,14.15,14.35,10015427,0.0,1.0
2016-06-03,14.46,14.5,14.2,14.41,10577661,0.0,1.0
2016-06-06,14.41,14.88,14.37,14.79,12916382,0.0,1.0
2016-06-07,14.81,14.85,14.44,14.51,10344199,0.0,1.0
2016-06-08,14.64,14.64,14.3,14.34,6282593,0.0,1.0
2016-06-13,14.13,14.35,13.8,13.82,9091168,0.0,1.0
2016-06-14,13.9,14.1,13.7,14.08,9183505,0.0,1.0
2016-06-15,14,14.35,13.88,14.29,7673079,0.0,1.0
2016-06-16,14.21,14.34,13.91,14.01,7705369,0.0,1.0
2016-06-17,14.11,14.18,13.68,13.7,7517700,0.0,1.0
2016-06-20,13.55,13.65,13.11,13.4,11551300,0.0,1.0
2016-06-21,13.52,13.59,13,13.09,8475303,0.0,1.0
2016-06-22,13.09,13.29,13.09,13.22,5240611,0.0,1.0
2016-06-23,13.24,13.24,12.93,12.96,6480901,0.0,1.0
2016-06-24,12.9,13.1,12.39,12.71,7716191,0.0,1.0
2016-06-27,12.5,13.34,12.44,13.28,6917364,0.0,1.0
2016-06-28,13.27,13.6,13.02,13.41,6632411,0.0,1.0
2016-06-29,13.42,13.49,13.26,13.28,4445902,0.0,1.0
2016-06-30,13.29,13.47,13.27,13.31,3517713,0.0,1.0
2016-07-01,13.42,13.84,13.42,13.63,9296634,0.0,1.0
2016-07-04,13.95,14.3,13.95,14.19,13460591,0.0,1.0
2016-07-05,14.1,14.28,14,14.15,7423252,0.0,1.0
2016-07-06,14.2,14.3,14.02,14.16,6547923,0.0,1.0
2016-07-07,14.16,14.26,13.99,14.06,6103474,0.0,1.0
2016-07-08,14.03,14.16,13.97,13.98,4806281,0.0,1.0
2016-07-11,13.98,14.25,13.95,13.98,5434900,0.0,1.0
2016-07-12,13.98,14.09,13.78,13.97,5764232,0.0,1.0
2016-07-13,14.08,14.17,13.96,14.04,4734587,0.0,1.0
2016-07-14,14.07,14.24,13.98,14.23,5440119,0.0,1.0
2016-07-15,14.27,14.28,14.05,14.1,6270215,0.0,1.0
2016-07-18,14.08,14.14,13.86,13.9,4893625,0.0,1.0
2016-07-19,13.9,13.99,13.8,13.98,3598055,0.0,1.0
2016-07-20,13.98,13.99,13.81,13.86,2872526,0.0,1.0
2016-07-21,13.86,13.94,13.78,13.87,4134690,0.0,1.0
2016-07-22,13.8,13.8,13.51,13.65,4868375,0.06825,1.0
2016-07-25,13.64,13.68,13.51,13.55,3274738,0.0,1.0
2016-07-26,13.55,13.98,13.5,13.89,6947829,0.0,1.0
2016-07-27,13.9,14.02,13.38,13.68,9260227,0.0,1.0
2016-07-28,13.56,13.75,13.5,13.75,4732852,0.0,1.0
2016-07-29,13.73,13.79,13.56,13.59,3494336,0.0,1.0
2016-08-01,13.5,13.8,13.11,13.76,8710322,0.0,1.0
2016-08-02,13.76,13.84,13.61,13.83,3326985,0.0,1.0
2016-08-03,13.85,14.2,13.78,14.15,10608338,0.0,1.0
2016-08-04,14.15,14.15,13.95,14.08,6061227,0.0,1.0
2016-08-05,14.01,14.19,14.01,14.11,5249102,0.0,1.0
2016-08-08,14.03,14.16,13.92,14.06,7626664,0.0,1.0
2016-08-09,14.06,14.23,14,14.1,7175102,0.0,1.0
2016-08-10,14.1,14.18,13.93,14.03,5996687,0.0,1.0
2016-08-11,14.03,14.12,13.8,13.91,6749100,0.0,1.0
2016-08-12,13.91,14.06,13.79,13.95,6098753,0.0,1.0
2016-08-15,13.98,14.26,13.92,14.19,10993468,0.0,1.0
2016-08-16,14.15,14.48,14.1,14.4,12566985,0.0,1.0
2016-08-17,14.4,14.51,14.23,14.37,7548737,0.0,1.0
2016-08-18,14.41,14.62,14.32,14.44,11880890,0.0,1.0
2016-08-19,14.44,14.46,14.07,14.19,10666003,0.0,1.0
2016-08-22,14.22,14.22,14.04,14.08,3991754,0.0,1.0
2016-08-23,14.23,14.33,14,14.17,7277502,0.0,1.0
2016-08-24,14.25,14.25,13.88,13.89,6801464,0.0,1.0
2016-08-25,13.89,13.99,13.78,13.87,5185435,0.0,1.0
2016-08-26,13.88,15,13.85,14.37,18337218,0.0,1.0
2016-08-29,14.25,14.47,14.08,14.12,10429520,0.0,1.0
2016-08-30,14.18,14.18,13.92,14.02,7406042,0.0,1.0
2016-08-31,14.05,14.15,13.91,14.08,4689808,0.0,1.0
2016-09-01,14.08,14.14,13.86,13.93,7679464,0.0,1.0
2016-09-02,13.98,13.98,13.76,13.82,5813252,0.0,1.0
2016-09-05,13.83,13.95,13.78,13.79,4868236,0.0,1.0
2016-09-06,13.8,13.94,13.77,13.9,5354159,0.0,1.0
2016-09-07,13.98,14.14,13.9,14.07,7988104,0.0,1.0
2016-09-08,14.1,14.19,14.02,14.17,6473117,0.0,1.0
2016-09-09,14.24,14.24,13.97,13.99,5291000,0.0,1.0
2016-09-12,13.71,13.78,13.45,13.45,8310790,0.0,1.0
2016-09-13,13.57,13.62,13.47,13.47,2951306,0.0,1.0
2016-09-14,13.42,13.59,13.38,13.51,2997381,0.0,1.0
2016-09-19,13.51,13.68,13.47,13.53,3470016,0.0,1.0
2016-09-20,13.53,13.65,13.5,13.56,2190249,0.0,1.0
2016-09-21,13.6,13.71,13.55,13.65,2785954,0.0,1.0
2016-09-22,13.72,13.81,13.61,13.67,1867250,0.0,1.0
2016-09-23,13.7,13.71,13.52,13.54,2440642,0.0,1.0
2016-09-26,13.54,13.63,13.45,13.48,3205855,0.0,1.0
2016-09-27,13.46,13.53,13.4,13.49,2029947,0.0,1.0
2016-09-28,13.62,13.65,13.46,13.6,2244511,0.0,1.0
2016-09-29,13.55,13.66,13.55,13.55,1866101,0.0,1.0
2016-09-30,13.61,13.61,13.46,13.48,1935781,0.0,1.0
2016-10-10,13.7,13.8,13.67,13.79,5226232,0.0,1.0
2016-10-11,13.75,13.85,13.72,13.76,3857802,0.0,1.0
2016-10-12,13.73,14,13.7,13.85,5787413,0.0,1.0
2016-10-13,13.87,13.92,13.76,13.78,3263991,0.0,1.0
2016-10-14,13.74,13.85,13.59,13.68,3357708,0.0,1.0
2016-10-17,13.68,13.83,13.61,13.68,4247194,0.0,1.0
2016-10-18,13.72,13.8,13.53,13.79,3791636,0.0,1.0
2016-10-19,13.8,13.84,13.62,13.67,3392714,0.0,1.0
2016-10-20,13.67,13.72,13.6,13.61,2580206,0.0,1.0
2016-10-21,13.6,13.64,13.43,13.5,3502611,0.0,1.0
2016-10-24,13.38,13.64,13.38,13.6,5131002,0.0,1.0
2016-10-25,13.6,13.66,13.55,13.58,2481242,0.0,1.0
2016-10-26,13.67,13.75,13.48,13.74,5841619,0.0,1.0
2016-10-27,13.75,14.34,13.66,14.28,20999599,0.0,1.0
2016-10-28,14.01,14.19,13.88,13.9,11426205,0.0,1.0
2016-10-31,13.86,13.98,13.76,13.84,5225840,0.0,1.0
2016-11-01,13.84,14.07,13.78,13.96,5484529,0.0,1.0
2016-11-02,13.89,13.93,13.71,13.73,5942790,0.0,1.0
2016-11-03,13.7,13.8,13.58,13.62,7576330,0.0,1.0
2016-11-04,13.69,13.75,13.55,13.57,5445505,0.0,1.0
2016-11-07,13.53,13.69,13.53,13.6,3960350,0.0,1.0
2016-11-08,13.6,13.66,13.58,13.63,3383168,0.0,1.0
2016-11-09,13.65,13.66,13.37,13.46,6422105,0.0,1.0
2016-11-10,13.53,13.63,13.5,13.51,4431733,0.0,1.0
2016-11-11,13.6,13.62,13.5,13.54,4144686,0.0,1.0
2016-11-14,13.57,13.7,13.46,13.65,5939468,0.0,1.0
2016-11-15,13.65,13.66,13.49,13.6,4543573,0.0,1.0
2016-11-16,13.61,13.68,13.54,13.63,4615350,0.0,1.0
2016-11-17,13.64,13.75,13.61,13.72,5974308,0.0,1.0
2016-11-18,13.75,13.84,13.65,13.66,4683200,0.0,1.0
2016-11-21,13.59,13.61,13.47,13.53,5389683,0.0,1.0
2016-11-22,13.52,13.58,13.48,13.57,3966538,0.0,1.0
2016-11-23,13.57,13.61,13.51,13.54,3254284,0.0,1.0
2016-11-24,13.56,13.88,13.53,13.75,10417270,0.0,1.0
2016-11-25,13.79,13.8,13.51,13.69,4801226,0.0,1.0
2016-11-28,13.72,13.98,13.7,13.86,9779782,0.0,1.0
2016-11-29,13.91,13.92,13.61,13.71,5535841,0.0,1.0
2016-11-30,13.65,13.73,13.51,13.6,4471612,0.0,1.0
2016-12-01,13.6,13.65,13.56,13.62,3834407,0.0,1.0
2016-12-02,13.57,13.65,13.35,13.53,6028621,0.0,1.0
2016-12-05,13.44,13.53,13.2,13.21,6437325,0.0,1.0
2016-12-06,13.32,13.36,13.18,13.22,2417788,0.0,1.0
2016-12-07,13.19,13.31,13.19,13.25,2480571,0.0,1.0
2016-12-08,13.3,13.43,13.22,13.31,3369218,0.0,1.0
2016-12-09,13.29,13.34,13.2,13.3,2958740,0.0,1.0
2016-12-12,13.3,13.3,12.86,12.87,5410481,0.0,1.0
2016-12-13,12.87,12.96,12.81,12.89,2346901,0.0,1.0
2016-12-14,12.87,12.95,12.68,12.69,3000196,0.0,1.0
2016-12-15,12.84,12.86,12.7,12.77,2567101,0.0,1.0
2016-12-16,12.75,12.9,12.68,12.82,5449592,0.0,1.0
2016-12-19,12.79,12.82,12.68,12.71,3756260,0.0,1.0
2016-12-20,12.82,13.14,12.75,13.1,5880188,0.0,1.0
2016-12-21,13.1,13.14,12.94,13.05,3430430,0.0,1.0
2016-12-22,13.05,13.19,12.98,13.07,2925316,0.0,1.0
2016-12-23,13.16,13.16,12.78,12.84,2194129,0.0,1.0
2016-12-26,12.73,12.98,12.73,12.93,2008686,0.0,1.0
2016-12-27,12.93,13.14,12.93,13.09,3762322,0.0,1.0
2016-12-28,13.13,13.14,12.96,13.01,1852675,0.0,1.0
2016-12-29,13.13,13.17,13.01,13.11,2100275,0.0,1.0
2016-12-30,13.14,13.18,12.91,12.93,2151100,0.0,1.0
2017-01-03,12.96,13,12.75,12.84,5065067,0.0,1.0
2017-01-04,12.8,12.93,12.77,12.91,4170543,0.0,1.0
2017-01-05,12.9,12.9,12.74,12.77,4774809,0.0,1.0
2017-01-06,12.74,12.76,12.61,12.63,3875657,0.0,1.0
2017-01-09,12.63,12.76,12.6,12.68,3110473,0.0,1.0
2017-01-10,12.66,12.72,12.6,12.69,2936024,0.0,1.0
2017-01-11,12.67,12.71,12.38,12.4,2999166,0.0,1.0
2017-01-12,12.38,12.48,12.3,12.35,2824192,0.0,1.0
2017-01-13,12.35,12.45,12.18,12.19,2428357,0.0,1.0
2017-01-16,12.2,12.24,10.97,11.18,6090699,0.0,1.0
2017-01-17,11.22,11.38,10.97,11.31,3332653,0.0,1.0
2017-01-18,11.33,11.63,11.33,11.55,3201667,0.0,1.0
2017-01-19,11.56,11.58,11.41,11.43,1449781,0.0,1.0
2017-01-20,11.48,11.62,11.42,11.57,1479166,0.0,1.0
2017-01-23,11.62,11.9,11.58,11.85,3554500,0.0,1.0
2017-01-24,11.85,11.91,11.7,11.86,1784157,0.0,1.0
2017-01-25,11.87,11.87,11.73,11.79,1112304,0.0,1.0
2017-01-26,11.85,11.96,11.82,11.83,2114102,0.0,1.0
2017-02-03,11.93,12.05,11.82,11.97,2304216,0.0,1.0
2017-02-06,11.95,12.06,11.9,11.96,2857607,0.0,1.0
2017-02-07,11.87,11.99,11.8,11.88,2813366,0.0,1.0
2017-02-08,11.89,12.05,11.87,12.03,3188795,0.0,1.0
2017-02-09,12.07,12.16,12.01,12.1,2201685,0.0,1.0
2017-02-10,12.1,12.13,12.01,12.1,1690981,0.0,1.0
2017-02-13,12.05,12.23,12,12.12,2362251,0.0,1.0
2017-02-14,12.08,12.17,11.96,11.98,2226400,0.0,1.0
2017-02-15,11.99,12.09,11.9,12.02,2477936,0.0,1.0
2017-02-16,12.03,12.04,11.86,11.96,3123670,0.0,1.0
2017-02-17,12.02,12.05,11.78,11.84,2921813,0.0,1.0
2017-02-20,11.82,11.9,11.8,11.87,1885185,0.0,1.0
2017-02-21,11.81,11.98,11.81,11.97,1860907,0.0,1.0
2017-02-22,11.96,11.99,11.83,11.93,2448047,0.0,1.0
2017-02-23,11.9,11.96,11.81,11.93,2383558,0.0,1.0
2017-02-24,11.92,11.98,11.92,11.97,2216547,0.0,1.0
2017-02-27,11.97,12.11,11.94,12,3625591,0.0,1.0
2017-02-28,11.96,12.05,11.82,11.91,2973289,0.0,1.0
2017-03-01,11.84,11.91,11.68,11.69,4309170,0.0,1.0
2017-03-02,11.69,11.77,11.61,11.62,3840829,0.0,1.0
2017-03-03,11.6,11.6,11.4,11.45,3233469,0.0,1.0
2017-03-06,11.46,11.63,11.46,11.6,2794123,0.0,1.0
2017-03-07,11.61,11.82,11.55,11.74,2948431,0.0,1.0
2017-03-08,11.77,11.77,11.6,11.66,1925627,0.0,1.0
2017-03-09,11.67,11.72,11.51,11.52,2214391,0.0,1.0
2017-03-10,11.52,11.57,11.46,11.55,2153588,0.0,1.0
2017-03-13,11.6,11.6,11.43,11.48,2602275,0.0,1.0
2017-03-14,11.51,11.55,11.43,11.44,2342901,0.0,1.0
2017-03-15,11.44,11.49,11.32,11.48,2704865,0.0,1.0
2017-03-16,11.46,11.67,11.45,11.51,3508091,0.0,1.0
2017-03-17,11.56,11.57,11.44,11.49,2428523,0.0,1.0
2017-03-20,11.49,11.74,11.48,11.63,4907804,0.0,1.0
2017-03-21,11.66,11.77,11.59,11.71,3774419,0.0,1.0
2017-03-22,11.71,11.72,11.58,11.72,3274058,0.0,1.0
2017-03-23,11.72,11.74,11.52,11.62,3428346,0.0,1.0
2017-03-24,11.59,11.66,11.51,11.64,2418859,0.0,1.0
2017-03-27,11.64,11.77,11.54,11.65,1828598,0.0,1.0
2017-03-28,11.66,11.66,11.55,11.58,2193962,0.0,1.0
2017-03-29,11.59,11.65,11.5,11.56,2682158,0.0,1.0
2017-03-30,11.6,11.62,11.32,11.34,4785084,0.0,1.0
2017-03-31,11.35,11.45,11.33,11.43,2208698,0.0,1.0
2017-04-05,11.33,11.98,11.33,11.72,5410910,0.0,1.0
2017-04-06,11.8,11.8,11.58,11.61,3979900,0.0,1.0
2017-04-07,11.6,11.65,11.52,11.55,2166057,0.0,1.0
2017-04-10,11.55,11.62,11.42,11.44,2569649,0.0,1.0
2017-04-11,11.44,11.49,11.39,11.47,2998904,0.0,1.0
2017-04-12,11.43,11.52,11.4,11.44,3591654,0.0,1.0
2017-04-13,11.43,11.46,11.39,11.41,2456094,0.0,1.0
2017-04-14,11.41,11.43,11.21,11.28,4533838,0.0,1.0
2017-04-17,11.27,11.39,11.14,11.18,3118272,0.0,1.0
2017-04-18,11.23,11.39,11.18,11.34,2457069,0.0,1.0
2017-04-19,11.34,11.37,11.01,11.03,4201813,0.0,1.0
2017-04-20,11.05,11.15,10.48,10.74,7370686,0.0,1.0
2017-04-21,10.74,10.92,10.55,10.6,2537215,0.0,1.0
2017-04-24,10.7,10.83,10.11,10.17,6448272,0.0,1.0
2017-04-25,10.19,10.5,10.17,10.23,7668897,0.0,1.0
2017-04-26,10.23,10.27,9.98,10.02,4593288,0.0,1.0
2017-04-27,10.02,10.14,9.85,10,3233764,0.0,1.0
2017-04-28,10.03,10.17,9.96,10.14,2389685,0.0,1.0
2017-05-02,10.1,10.2,10.06,10.18,1611542,0.0,1.0
2017-05-03,10.18,10.27,10.16,10.18,2271621,0.0,1.0
2017-05-04,10.21,10.37,10.14,10.31,1738031,0.0,1.0
2017-05-05,10.31,10.37,10,10.05,2041328,0.0,1.0
2017-05-08,10.05,10.07,9.54,9.94,3050891,0.0,1.0
2017-05-09,9.93,10.04,9.77,10.02,2052634,0.0,1.0
2017-05-10,10.02,10.08,9.55,9.56,3920444,0.0,1.0
2017-05-11,9.5,9.57,9.05,9.26,4145984,0.0,1.0
2017-05-12,9.28,9.3,8.97,9.11,2619302,0.0,1.0
2017-05-15,9.13,9.19,9.04,9.05,1711557,0.0,1.0
2017-05-16,9.07,9.26,8.91,9.22,2963047,0.0,1.0
2017-05-17,9.13,9.28,9.12,9.15,2535938,0.0,1.0
2017-05-18,9.05,9.17,8.93,9.04,2231696,0.0,1.0
2017-05-19,9.05,9.1,8.99,9.08,1473776,0.0,1.0
2017-05-22,9.08,9.1,8.5,8.57,5002500,0.0,1.0
2017-05-23,8.63,8.63,8.18,8.25,6478647,0.0,1.0
2017-05-24,8.29,8.5,8.15,8.32,1974201,0.0,1.0
2017-05-25,8.4,8.4,8.24,8.37,4216936,0.0,1.0
2017-05-26,8.36,8.46,8.2,8.27,7574004,0.0,1.0
2017-05-31,8.32,8.38,8.05,8.06,4348239,0.0,1.0
2017-06-01,8.08,8.08,7.93,8.03,4517719,0.0,1.0
2017-06-02,7.99,8.07,7.85,7.99,7675096,0.0,1.0
2017-06-05,8,8.06,7.84,7.95,9986335,0.0,1.0
2017-06-06,7.92,8.06,7.81,8.06,9000822,0.0,1.0
2017-06-07,8.03,8.25,8.03,8.24,10545400,0.0,1.0
2017-06-08,8.25,8.25,8.12,8.13,6499231,0.0,1.0
2017-06-09,8.13,8.25,8.06,8.19,8091404,0.0,1.0
2017-06-12,8.21,8.37,8.2,8.34,12845319,0.0,1.0
2017-06-13,8.29,8.41,8.28,8.34,8340877,0.0,1.0
2017-06-14,8.33,8.5,8.31,8.45,6100121,0.0,1.0
2017-06-15,8.43,8.71,8.39,8.65,7957792,0.0,1.0
2017-06-16,8.7,8.7,8.52,8.53,6917541,0.0,1.0
2017-06-19,8.49,8.61,8.46,8.56,3796761,0.0,1.0
2017-06-20,8.53,8.72,8.5,8.58,4768498,0.0,1.0
2017-06-21,8.62,8.78,8.56,8.74,4415469,0.0,1.0
2017-06-22,8.74,9.48,8.67,8.98,12729132,0.0,1.0
2017-06-23,8.89,9.03,8.71,8.87,8225284,0.0,1.0
2017-06-26,8.86,8.88,8.72,8.83,6671148,0.0,1.0
2017-06-27,8.75,9.02,8.75,8.86,6269500,0.0,1.0
2017-06-28,8.85,9.08,8.8,8.92,6468531,0.0,1.0
2017-06-29,8.91,9.05,8.85,8.91,4307710,0.02317,1.0
2017-06-30,8.92,9.01,8.85,8.98,3141617,0.0,1.0
2017-07-03,9.06,9.13,8.92,9.08,3517545,0.0,1.0
2017-07-04,9.07,9.29,9.04,9.25,4906834,0.0,1.0
2017-07-05,9.25,9.26,9.16,9.18,4573932,0.0,1.0
2017-07-06,9.18,9.31,9.16,9.27,3851101,0.0,1.0
2017-07-07,9.27,9.43,9.26,9.37,4100525,0.0,1.0
2017-07-10,9.4,9.78,9.36,9.76,9621104,0.0,1.0
2017-07-11,9.76,9.9,9.65,9.89,6634622,0.0,1.0
2017-07-12,9.81,10,9.67,9.72,9952393,0.0,1.0
2017-07-13,9.8,9.92,9.68,9.8,5793162,0.0,1.0
2017-07-14,9.85,9.85,9.7,9.79,3990918,0.0,1.0
2017-07-17,9.78,9.8,9.23,9.35,7527363,0.0,1.0
2017-07-18,9.37,9.55,9.26,9.5,2618890,0.0,1.0
2017-07-19,9.52,9.8,9.46,9.7,3622827,0.0,1.0
2017-07-20,9.62,9.77,9.6,9.68,4715921,0.0,1.0
2017-07-21,9.65,9.69,9.6,9.61,1975471,0.0,1.0
2017-07-24,9.61,9.66,9.28,9.43,3702810,0.0,1.0
2017-07-25,9.48,9.5,9.3,9.49,3061421,0.0,1.0
2017-07-26,9.45,9.6,9.44,9.56,2507470,0.0,1.0
2017-07-27,9.56,9.81,9.5,9.76,4475948,0.0,1.0
2017-07-28,9.78,9.85,9.7,9.75,2588378,0.0,1.0
2017-07-31,9.72,9.88,9.69,9.77,3095120,0.0,1.0
2017-08-01,9.77,9.77,9.68,9.7,2843280,0.0,1.0
2017-08-02,9.7,9.89,9.65,9.73,3553900,0.0,1.0
2017-08-03,9.75,9.85,9.67,9.81,2811285,0.0,1.0
2017-08-04,9.8,10.04,9.76,9.93,5035051,0.0,1.0
2017-08-07,9.91,10.2,9.86,10.2,5444290,0.0,1.0
2017-08-08,10.17,11.2,10.17,11.1,15408102,0.0,1.0
2017-08-09,11,11.13,10.81,11,8635848,0.0,1.0
2017-08-10,11,11.08,10.56,10.72,7292129,0.0,1.0
2017-08-11,10.57,10.84,10.56,10.57,4747402,0.0,1.0
2017-08-14,10.59,10.81,10.46,10.7,4154405,0.0,1.0
2017-08-15,10.69,10.79,10.68,10.75,2694933,0.0,1.0
2017-08-16,10.69,10.83,10.69,10.79,2634131,0.0,1.0
2017-08-17,10.71,10.8,10.57,10.61,4860164,0.0,1.0
2017-08-18,10.61,10.73,10.44,10.7,4434997,0.0,1.0
2017-08-21,10.7,10.75,10.61,10.69,2207448,0.0,1.0
2017-08-22,10.62,10.69,10.5,10.55,2898950,0.0,1.0
2017-08-23,10.55,10.6,10.48,10.51,1313758,0.0,1.0
2017-08-24,10.47,10.54,10.39,10.43,1361210,0.0,1.0
2017-08-25,10.46,10.57,10.45,10.53,1360029,0.0,1.0
2017-08-28,10.6,10.64,10.53,10.57,2238868,0.0,1.0
2017-08-29,10.52,10.85,10.5,10.7,4622556,0.0,1.0
2017-08-30,10.78,10.83,10.6,10.62,2430111,0.0,1.0
2017-08-31,10.63,10.67,10.49,10.51,3172482,0.0,1.0
2017-09-01,10.51,10.59,10.26,10.31,4393000,0.0,1.0
2017-09-04,10.23,10.46,10.22,10.25,2176610,0.0,1.0
2017-09-05,10.25,10.4,10.25,10.35,1842201,0.0,1.0
2017-09-06,10.35,10.35,9.86,10.15,4715513,0.0,1.0
2017-09-07,10.14,10.17,9.95,9.96,3726066,0.0,1.0
2017-09-08,9.88,10.08,9.88,10.02,2158903,0.0,1.0
2017-09-11,10.04,10.11,9.95,10.11,1831211,0.0,1.0
2017-09-12,10.07,10.22,9.98,10.11,3432102,0.0,1.0
2017-09-13,10.08,10.17,10.05,10.17,1724907,0.0,1.0
2017-09-14,10.19,10.19,10.02,10.14,2380791,0.0,1.0
2017-09-15,10.12,10.12,10,10,2068410,0.0,1.0
2017-09-18,9.89,10.06,9.84,9.84,3888600,0.0,1.0
2017-09-19,9.84,9.94,9.73,9.74,2846042,0.0,1.0
2017-09-20,9.72,9.93,9.72,9.83,2354252,0.0,1.0
2017-09-21,9.83,9.87,9.69,9.7,1965990,0.0,1.0
2017-09-22,9.68,9.68,9.4,9.41,3242500,0.0,1.0
2017-09-25,9.39,9.63,9.23,9.47,1855690,0.0,1.0
2017-09-26,9.52,9.52,9.26,9.36,1512260,0.0,1.0
2017-09-27,9.33,9.41,9.24,9.38,1716698,0.0,1.0
2017-09-28,9.42,9.42,9.11,9.13,2893583,0.0,1.0
2017-09-29,9.17,9.3,9.15,9.3,1705143,0.0,1.0
2017-10-09,9.31,9.4,9.31,9.36,1467671,0.0,1.0
2017-10-10,9.38,9.91,9.32,9.79,4650194,0.0,1.0
2017-10-11,9.92,9.92,9.67,9.7,4117494,0.0,1.0
2017-10-12,9.7,9.76,9.52,9.75,3281392,0.0,1.0
2017-10-13,9.75,9.84,9.67,9.77,3362031,0.0,1.0
2017-10-16,9.75,9.75,9.4,9.44,2826300,0.0,1.0
2017-10-17,9.38,9.4,9.26,9.27,2294112,0.0,1.0
2017-10-18,9.27,9.36,9.16,9.2,2233422,0.0,1.0
2017-10-19,9.19,9.25,9.14,9.16,2159700,0.0,1.0
2017-10-20,9.2,9.46,9.16,9.39,1772210,0.0,1.0
2017-10-23,9.48,9.56,9.41,9.55,1701958,0.0,1.0
2017-10-24,9.54,9.6,9.45,9.53,1549681,0.0,1.0
2017-10-25,9.52,9.62,9.46,9.53,1118173,0.0,1.0
2017-10-26,9.47,9.55,9.4,9.45,1655864,0.0,1.0
2017-10-27,9.45,9.72,9.41,9.69,4321070,0.0,1.0
2017-10-30,9.66,9.81,9.45,9.53,3568229,0.0,1.0
2017-10-31,9.45,9.85,9.45,9.83,4212604,0.0,1.0
2017-11-01,9.8,9.98,9.49,9.71,4861274,0.0,1.0
2017-11-02,9.7,9.85,9.64,9.78,3327990,0.0,1.0
2017-11-03,9.78,9.85,9.58,9.74,2983485,0.0,1.0
2017-11-06,9.75,10.13,9.65,10.09,5704430,0.0,1.0
2017-11-07,10.1,10.97,10.03,10.81,15472987,0.0,1.0
2017-11-08,10.82,11.41,10.72,10.91,12366269,0.0,1.0
2017-11-09,11.05,11.16,10.7,10.87,5811218,0.0,1.0
2017-11-10,11.01,11.02,10.75,10.98,4552872,0.0,1.0
2017-11-13,10.98,11.18,10.8,10.89,6655245,0.0,1.0
2017-11-14,10.9,11.05,10.83,10.98,5843141,0.0,1.0
2017-11-15,10.9,10.96,10.51,10.72,5539474,0.0,1.0
2017-11-16,10.73,10.89,10.64,10.82,2360000,0.0,1.0
2017-11-17,10.85,10.99,10.72,10.92,7745875,0.0,1.0
2017-11-20,10.86,11.34,10.81,11.3,8571579,0.0,1.0
2017-11-21,11.28,11.48,11.2,11.43,6966878,0.0,1.0
2017-11-22,11.54,12.09,11.43,11.76,13094973,0.0,1.0
2017-11-23,11.65,11.78,11.35,11.36,8560994,0.0,1.0
2017-11-24,11.4,11.57,11.2,11.44,3487092,0.0,1.0
2017-11-27,11.35,11.49,10.87,10.96,4935394,0.0,1.0
2017-11-28,10.98,11.36,10.91,11.34,4047183,0.0,1.0
2017-11-29,11.26,11.7,11.22,11.32,4136162,0.0,1.0
2017-11-30,11.45,11.46,11.15,11.18,3203841,0.0,1.0
2017-12-01,11.19,11.33,11.16,11.2,2778890,0.0,1.0
2017-12-04,11.27,11.61,11.18,11.59,5009504,0.0,1.0
2017-12-05,11.56,11.8,11.44,11.55,6846845,0.0,1.0
2017-12-06,11.03,11.54,11,11.21,7260336,0.0,1.0
2017-12-07,11.23,11.42,11.14,11.2,2297928,0.0,1.0
2017-12-08,11.23,11.37,11.05,11.2,2803022,0.0,1.0
2017-12-11,11.22,11.27,10.94,11.08,4953240,0.0,1.0
2017-12-12,11.13,11.17,10.85,10.87,4079392,0.0,1.0
2017-12-13,10.88,11.08,10.66,10.83,4266689,0.0,1.0
2017-12-14,10.77,10.92,10.7,10.82,2584050,0.0,1.0
2017-12-15,10.76,10.92,10.64,10.78,2027801,0.0,1.0
2017-12-18,10.88,10.9,10.65,10.73,1710261,0.0,1.0
2017-12-19,10.78,10.78,10.51,10.59,2410697,0.0,1.0
2017-12-20,10.59,10.65,10.51,10.57,1383168,0.0,1.0
2017-12-21,10.55,10.59,10.33,10.42,1864475,0.0,1.0
2017-12-22,10.46,10.76,10.46,10.59,4404652,0.0,1.0
2017-12-25,10.65,10.95,10.56,10.83,5015476,0.0,1.0
2017-12-26,10.83,10.86,10.72,10.83,2250834,0.0,1.0
2017-12-27,10.76,10.83,10.53,10.6,2661000,0.0,1.0
2017-12-28,10.6,10.69,10.49,10.55,1461613,0.0,1.0
2017-12-29,10.54,10.87,10.51,10.74,2246620,0.0,1.0
2018-01-02,10.78,10.83,10.66,10.73,2749306,0.0,1.0
2018-01-03,10.68,10.83,10.64,10.76,2998730,0.0,1.0
2018-01-04,10.73,10.8,10.61,10.66,2547039,0.0,1.0
2018-01-05,10.67,11.28,10.6,11.25,6399787,0.0,1.0
2018-01-08,11.32,11.57,11.1,11.48,6240772,0.0,1.0
2018-01-09,11.48,11.78,11.2,11.53,9636545,0.0,1.0
2018-01-10,11.53,11.6,11.24,11.38,4199420,0.0,1.0
2018-01-11,11.32,11.36,11.1,11.25,3168622,0.0,1.0
2018-01-12,11.25,11.52,11.25,11.35,3610284,0.0,1.0
2018-01-15,11.35,11.75,11.16,11.64,8538836,0.0,1.0
2018-01-16,11.67,11.75,11.52,11.68,3862750,0.0,1.0
2018-01-17,11.68,11.82,11.4,11.44,3380849,0.0,1.0
2018-01-18,11.44,11.62,11.3,11.56,2332516,0.0,1.0
2018-01-19,11.56,11.6,11.2,11.21,2333000,0.0,1.0
2018-01-22,11.21,11.33,11.11,11.31,1471463,0.0,1.0
2018-01-23,11.29,11.43,11.2,11.27,1720321,0.0,1.0
2018-01-24,11.27,11.31,11.1,11.29,2093706,0.0,1.0
2018-01-25,11.26,11.33,11.11,11.17,2428145,0.0,1.0
2018-01-26,11.17,11.29,11.13,11.21,1252233,0.0,1.0
2018-01-29,11.14,11.3,10.8,10.82,2707716,0.0,1.0
2018-01-30,10.76,10.94,10.68,10.89,2120291,0.0,1.0
2018-01-31,10.86,11.96,10.68,11.86,11627924,0.0,1.0
2018-02-01,11.92,11.92,11.33,11.65,6713256,0.0,1.0
2018-02-02,11.51,12.3,11.21,12.17,11132810,0.0,1.0
2018-02-05,11.92,13.05,11.76,12.99,8846865,0.0,1.0
2018-02-06,12.35,12.35,11.73,11.78,6476385,0.0,1.0
2018-02-07,11.95,12.1,10.91,11.04,6140717,0.0,1.0
2018-02-08,11.04,11.39,10.81,11.31,2851142,0.0,1.0
2018-02-09,11.01,11.14,10.3,10.41,4556929,0.0,1.0
2018-02-12,10.43,10.59,10.15,10.52,2323117,0.0,1.0
2018-02-13,10.58,10.6,10.35,10.48,2072200,0.0,1.0
2018-02-14,10.48,10.51,10.06,10.39,3180701,0.0,1.0
2018-02-22,10.42,10.54,10.37,10.46,1654309,0.0,1.0
2018-02-23,10.45,10.9,10.41,10.8,2642000,0.0,1.0
2018-02-26,10.81,10.93,10.68,10.87,2334300,0.0,1.0
2018-02-27,10.87,10.96,10.74,10.89,1436102,0.0,1.0
2018-02-28,10.81,10.87,10.72,10.79,1443400,0.0,1.0
2018-03-01,10.78,10.88,10.69,10.85,1829350,0.0,1.0
2018-03-02,10.81,11.14,10.75,10.86,2652003,0.0,1.0
2018-03-05,10.86,11.05,10.73,10.95,1982841,0.0,1.0
2018-03-06,10.95,11.48,10.94,11.37,5238379,0.0,1.0
2018-03-07,11.4,11.4,11.15,11.17,2742915,0.0,1.0
2018-03-08,11.17,11.51,11.11,11.5,3852853,0.0,1.0
2018-03-09,11.49,11.6,11.34,11.51,3830815,0.0,1.0
2018-03-12,11.5,11.5,11.27,11.49,3242093,0.0,1.0
2018-03-13,11.48,11.79,11.36,11.59,4748710,0.0,1.0
2018-03-14,11.44,11.48,11.25,11.36,2384370,0.0,1.0
2018-03-15,11.3,11.44,11.13,11.27,1496839,0.0,1.0
2018-03-16,11.28,11.36,11.22,11.27,1248979,0.0,1.0
2018-03-19,11.25,11.35,11.21,11.25,1253911,0.0,1.0
2018-03-20,11.25,11.68,11.21,11.57,3539492,0.0,1.0
2018-03-21,11.51,11.58,11.31,11.36,2256102,0.0,1.0
2018-03-22,11.35,11.44,11.06,11.09,1957001,0.0,1.0
2018-03-23,10.8,10.83,9.98,10.29,3276800,0.0,1.0
2018-03-26,9.92,10.28,9.92,10.21,1806132,0.0,1.0
2018-03-27,10.32,10.67,10.32,10.53,1559011,0.0,1.0
2018-03-28,10.4,10.72,10.3,10.6,1268492,0.0,1.0
2018-03-29,10.62,10.7,10.43,10.57,1190990,0.0,1.0
2018-03-30,10.54,10.76,10.54,10.74,1563465,0.0,1.0
2018-04-02,10.78,10.78,10.61,10.68,1160505,0.0,1.0
2018-04-03,10.57,10.83,10.55,10.65,1332165,0.0,1.0
2018-04-04,10.69,10.88,10.62,10.64,1607078,0.0,1.0
2018-04-09,10.59,10.64,10.3,10.39,1813246,0.0,1.0
2018-04-10,10.39,10.55,10.31,10.48,1006800,0.0,1.0
2018-04-11,10.42,10.53,10.4,10.45,1032270,0.0,1.0
2018-04-12,10.45,10.45,10.27,10.32,1175258,0.0,1.0
2018-04-13,10.36,10.46,10.25,10.28,1197102,0.0,1.0
2018-04-16,10.25,10.4,10,10.29,1558006,0.0,1.0
2018-04-17,10.33,10.33,10.02,10.17,1634862,0.0,1.0
2018-04-18,10.19,10.28,10,10.14,1157671,0.0,1.0
2018-04-19,10.14,10.15,9.98,10.03,2066810,0.0,1.0
2018-04-20,9.98,10.04,9.2,9.37,3264500,0.0,1.0
2018-04-23,9.46,9.75,9.46,9.75,1891176,0.0,1.0
2018-04-24,9.8,9.82,9.7,9.78,1516701,0.0,1.0
2018-04-25,9.78,10.17,9.68,10.11,2464428,0.0,1.0
2018-04-26,10.11,10.16,9.81,9.87,1148500,0.0,1.0
2018-04-27,9.99,10.2,9.9,10,1479701,0.0,1.0
2018-05-02,10,10.2,9.95,10.16,1473271,0.0,1.0
2018-05-03,10.08,10.22,10.06,10.2,1618648,0.0,1.0
2018-05-04,10.11,10.21,10.05,10.07,1950800,0.0,1.0
2018-05-07,10.06,10.19,10.01,10.07,2092509,0.0,1.0
2018-05-08,10.12,10.38,10.06,10.38,3171650,0.0,1.0
2018-05-09,10.28,10.34,10.19,10.22,1895534,0.0,1.0
2018-05-10,10.23,10.4,10.2,10.35,1799024,0.0,1.0
2018-05-11,10.33,10.43,10.2,10.28,1418110,0.0,1.0
2018-05-14,10.21,10.26,10,10.1,1655500,0.0,1.0
2018-05-15,10.09,10.24,10.05,10.14,1031210,0.0,1.0
2018-05-16,10.16,10.27,10.06,10.08,1275727,0.0,1.0
2018-05-17,10.04,10.16,10.01,10.08,1057804,0.0,1.0
2018-05-18,10.08,10.15,10,10.03,1375592,0.0,1.0
2018-05-21,10.03,10.23,10.03,10.2,1458912,0.0,1.0
2018-05-22,10.2,10.27,10.15,10.2,890302,0.0,1.0
2018-05-23,10.11,10.27,10,10,1324632,0.0,1.0
2018-05-24,10.01,10.18,10.01,10.08,1002740,0.0,1.0
2018-05-25,10.05,10.09,9.88,9.9,1698900,0.0,1.0
2018-05-28,9.93,10.05,9.74,9.81,1604390,0.0,1.0
2018-05-29,9.78,10.01,9.73,9.8,1558412,0.0,1.0
2018-05-30,9.78,9.78,9.39,9.48,2270132,0.0,1.0
2018-05-31,9.51,9.85,9.35,9.57,1606543,0.0,1.0
2018-06-01,9.52,9.7,9.43,9.49,1492059,0.0,1.0
2018-06-04,9.51,9.54,9.35,9.43,1342247,0.0,1.0
2018-06-05,9.42,9.64,9.42,9.55,955300,0.0,1.0
2018-06-06,9.5,9.7,9.5,9.57,743370,0.0,1.0
2018-06-07,9.57,9.6,9.39,9.5,1583676,0.0,1.0
2018-06-08,9.38,9.56,9.21,9.54,1836800,0.0,1.0
2018-06-11,9.55,9.75,9.46,9.73,1625000,0.0,1.0
2018-06-12,9.7,9.78,9.52,9.64,1468212,0.0,1.0
2018-06-13,9.63,9.71,9.56,9.59,702000,0.0,1.0
2018-06-14,9.59,9.66,9.52,9.56,678890,0.0,1.0
2018-06-15,9.46,9.65,9.27,9.52,1830600,0.0,1.0
2018-06-19,9.37,9.56,8.7,9.38,3471606,0.0,1.0
2018-06-20,9.01,9.28,9.01,9.09,957800,0.0,1.0
2018-06-21,9.09,9.09,8.77,8.79,771064,0.0,1.0
2018-06-22,8.79,8.86,8.6,8.72,2124909,0.0,1.0
2018-06-25,8.87,8.87,8.5,8.52,1074600,0.0,1.0
2018-06-26,8.5,8.5,8.15,8.3,2599115,0.0,1.0
2018-06-27,8.28,8.36,8.07,8.16,1071201,0.0,1.0
2018-06-28,8.16,8.25,8,8.16,1198189,0.0,1.0
2018-06-29,8.14,8.27,8.09,8.22,1790400,0.0,1.0
2018-07-02,8.24,8.24,7.88,8.14,2288101,0.0,1.0
2018-07-03,8.05,8.19,7.96,8.18,1657677,0.0,1.0
2018-07-04,8.12,8.23,8.08,8.18,1364900,0.0,1.0
2018-07-05,8.19,8.2,8,8.19,1559601,0.0,1.0
2018-07-06,8.09,8.19,7.95,8.18,1820683,0.0,1.0
2018-07-09,8.08,8.38,8.08,8.22,2881602,0.0,1.0
2018-07-10,8.24,8.57,8.2,8.56,4101334,0.0,1.0
2018-07-11,8.5,8.5,8.23,8.36,1804303,0.0,1.0
2018-07-12,8.35,8.55,8.3,8.43,1889885,0.0,1.0
2018-07-13,8.41,8.6,8.38,8.51,1360620,0.0,1.0
2018-07-16,8.5,8.56,8.42,8.52,642933,0.0,1.0
2018-07-17,8.53,8.54,8.35,8.43,807300,0.0,1.0
2018-07-18,8.43,8.44,8.26,8.27,989100,0.0,1.0
2018-07-19,8.26,8.36,8.18,8.21,515500,0.0,1.0
2018-07-20,8.21,8.59,8.21,8.49,1961018,0.0,1.0
2018-07-23,8.34,8.45,8.34,8.44,790902,0.0,1.0
2018-07-24,8.36,8.51,8.35,8.49,987900,0.0,1.0
2018-07-25,8.49,8.65,8.46,8.6,1689701,0.0,1.0
2018-07-26,8.57,8.64,8.47,8.53,1259003,0.02985,1.0
2018-07-27,8.54,8.65,8.4,8.64,1275999,0.0,1.0
2018-07-30,8.61,8.76,8.52,8.75,1597806,0.0,1.0
2018-07-31,8.69,9,8.65,8.84,2380896,0.0,1.0
2018-08-01,8.73,8.84,8.5,8.5,1556300,0.0,1.0
2018-08-02,8.45,8.48,8.27,8.41,1637492,0.0,1.0
2018-08-03,8.29,8.4,8.22,8.29,986299,0.0,1.0
2018-08-06,8.18,8.46,8.12,8.27,2492509,0.0,1.0
2018-08-07,8.21,8.44,8.21,8.44,1761710,0.0,1.0
2018-08-08,8.44,8.44,8.3,8.35,1664100,0.0,1.0
2018-08-09,8.35,8.52,8.34,8.48,2363901,0.0,1.0
2018-08-10,8.53,8.94,8.42,8.77,3906266,0.0,1.0
2018-08-13,8.71,8.74,8.59,8.7,2121961,0.0,1.0
2018-08-14,9.56,9.56,9.02,9.06,8940678,0.0,1.0
2018-08-15,8.88,8.97,8.67,8.77,4905409,0.0,1.0
2018-08-16,8.56,8.75,8.5,8.52,2062700,0.0,1.0
2018-08-17,8.58,8.77,8.3,8.4,2369753,0.0,1.0
2018-08-20,8.4,8.45,8.18,8.32,1407850,0.0,1.0
2018-08-21,8.3,8.42,8.3,8.41,998455,0.0,1.0
2018-08-22,8.47,8.47,8.3,8.33,659402,0.0,1.0
2018-08-23,8.33,8.4,8.23,8.3,861200,0.0,1.0
2018-08-24,8.27,8.36,8.22,8.28,699061,0.0,1.0
2018-08-27,8.35,8.47,8.3,8.4,1273753,0.0,1.0
2018-08-28,8.44,8.45,8.35,8.39,888174,0.0,1.0
2018-08-29,8.39,8.45,8.36,8.38,539900,0.0,1.0
2018-08-30,8.34,8.44,8.23,8.23,816010,0.0,1.0
2018-08-31,8.23,8.29,8.14,8.28,860500,0.0,1.0
2018-09-03,8.23,8.3,8.12,8.3,1085001,0.0,1.0
2018-09-04,8.29,8.35,8.23,8.29,1222727,0.0,1.0
2018-09-05,8.29,8.31,8.21,8.27,825401,0.0,1.0
2018-09-06,8.23,8.29,8.1,8.2,2671785,0.0,1.0
2018-09-07,8.2,8.21,7.95,8.15,1776231,0.0,1.0
2018-09-10,8.09,8.12,7.98,8.1,1049532,0.0,1.0
2018-09-11,8.05,8.17,8,8.11,1549201,0.0,1.0
2018-09-12,8.04,8.13,8.03,8.12,806000,0.0,1.0
2018-09-13,8.18,8.25,8.07,8.15,1276000,0.0,1.0
2018-09-14,8.12,8.15,8,8.11,1842700,0.0,1.0
2018-09-17,8.08,8.17,7.98,8.04,1611700,0.0,1.0
2018-09-18,8.06,8.06,7.99,8.05,781345,0.0,1.0
2018-09-19,8.05,8.08,7.96,8.05,2566611,0.0,1.0
2018-09-20,8.05,8.06,7.96,8.01,1062165,0.0,1.0
2018-09-21,8.02,8.02,7.9,8.02,1749700,0.0,1.0
2018-09-25,7.99,8.09,7.96,8.03,1434373,0.0,1.0
2018-09-26,8.03,8.14,7.99,8.03,1485000,0.0,1.0
2018-09-27,8,8.05,7.92,7.93,1373900,0.0,1.0
2018-09-28,7.91,8.03,7.91,7.93,877688,0.0,1.0
2018-10-08,7.93,7.93,7.7,7.79,1352300,0.0,1.0
2018-10-09,7.88,7.88,7.57,7.79,2390200,0.0,1.0
2018-10-10,7.76,7.76,7.61,7.75,920200,0.0,1.0
2018-10-11,7.6,7.6,6.98,6.98,2179400,0.0,1.0
2018-10-12,6.99,6.99,6.36,6.5,3957200,0.0,1.0
2018-10-15,6.65,6.65,6.5,6.52,1528621,0.0,1.0
2018-10-16,6.5,6.55,5.87,6.08,4046905,0.0,1.0
2018-10-17,6.01,6.15,5.84,6.09,2031294,0.0,1.0
2018-10-18,6.05,6.05,5.85,6.03,1818700,0.0,1.0
2018-10-19,5.93,6.28,5.92,6.18,3621400,0.0,1.0
2018-10-22,6.17,6.56,6.16,6.47,5374399,0.0,1.0
2018-10-23,6.43,6.46,6.2,6.37,3151900,0.0,1.0
2018-10-24,6.32,6.36,6.21,6.31,2984300,0.0,1.0
2018-10-25,6.13,6.29,5.98,6.26,3422700,0.0,1.0
2018-10-26,6.3,6.34,6.22,6.31,2394001,0.0,1.0
2018-10-29,6.35,6.35,6.1,6.18,2166522,0.0,1.0
2018-10-30,6.19,6.8,6.1,6.36,5906910,0.0,1.0
2018-10-31,6.36,6.4,6.21,6.4,4696225,0.0,1.0
2018-11-01,6.4,6.52,6.35,6.4,4514200,0.0,1.0
2018-11-02,6.45,6.6,6.45,6.56,4428000,0.0,1.0
2018-11-05,6.54,6.85,6.5,6.81,5093534,0.0,1.0
2018-11-06,6.9,7.1,6.74,6.78,5000599,0.0,1.0
2018-11-07,6.81,6.86,6.72,6.8,2692199,0.0,1.0
2018-11-08,6.79,6.9,6.78,6.85,2147520,0.0,1.0
2018-11-09,6.84,6.98,6.79,6.92,3048910,0.0,1.0
2018-11-12,6.9,7.02,6.85,7.01,2591946,0.0,1.0
2018-11-13,6.99,7.09,6.9,7,4385131,0.0,1.0
2018-11-14,7.01,7.25,7.01,7.17,4672263,0.0,1.0
2018-11-15,7.12,7.34,7.09,7.31,4303200,0.0,1.0
2018-11-16,7.31,7.52,7.21,7.48,3609916,0.0,1.0
2018-11-19,7.46,8.19,7.4,7.84,5760684,0.0,1.0
2018-11-20,7.77,7.84,7.55,7.64,3726000,0.0,1.0
2018-11-21,7.57,7.88,7.51,7.7,4451611,0.0,1.0
2018-11-22,7.82,7.95,7.74,7.92,3004701,0.0,1.0
2018-11-23,7.97,7.97,7.64,7.64,3694031,0.0,1.0
2018-11-26,7.6,7.76,7.45,7.55,1981010,0.0,1.0
2018-11-27,7.57,7.69,7.55,7.56,1106349,0.0,1.0
2018-11-28,7.53,7.64,7.47,7.6,1504500,0.0,1.0
2018-11-29,7.68,7.84,7.5,7.5,2833590,0.0,1.0
2018-11-30,7.48,7.62,7.36,7.43,1850002,0.0,1.0
2018-12-03,7.59,7.8,7.57,7.59,1755400,0.0,1.0
2018-12-04,7.58,7.75,7.49,7.75,3038261,0.0,1.0
2018-12-05,7.65,7.65,7.55,7.58,1962700,0.0,1.0
2018-12-06,7.51,7.58,7.47,7.51,890000,0.0,1.0
2018-12-07,7.45,7.53,7.39,7.43,1298200,0.0,1.0
2018-12-10,7.33,7.39,7.25,7.33,1085911,0.0,1.0
2018-12-11,7.3,7.39,7.25,7.39,685709,0.0,1.0
2018-12-12,7.3,7.45,7.3,7.44,765350,0.0,1.0
2018-12-13,7.47,7.53,7.4,7.52,849310,0.0,1.0
2018-12-14,7.54,7.55,7.46,7.54,955401,0.0,1.0
2018-12-17,7.53,7.53,7.36,7.49,695550,0.0,1.0
2018-12-18,7.41,7.55,7.4,7.51,917001,0.0,1.0
2018-12-19,7.51,7.56,7.29,7.3,927501,0.0,1.0
2018-12-20,7.4,7.4,7.24,7.26,798100,0.0,1.0
2018-12-21,7.21,7.32,7.15,7.2,612400,0.0,1.0
2018-12-24,7.1,7.25,7.1,7.2,547400,0.0,1.0
2018-12-25,7.2,7.34,7.01,7.22,1304535,0.0,1.0
2018-12-26,7.18,7.27,7.13,7.18,865636,0.0,1.0
2018-12-27,7.25,7.27,6.95,7.02,1507043,0.0,1.0
2018-12-28,7.01,7.1,6.8,6.94,1260758,0.0,1.0
2019-01-02,6.88,7.14,6.8,6.83,1028489,0.0,1.0
2019-01-03,6.83,6.94,6.8,6.84,1033758,0.0,1.0
2019-01-04,6.67,6.98,6.63,6.87,2491188,0.0,1.0
2019-01-07,6.78,7.1,6.63,7.07,1888712,0.0,1.0
2019-01-08,7.02,7.18,7.02,7.06,780230,0.0,1.0
2019-01-09,7.14,7.19,7.01,7.06,1279200,0.0,1.0
2019-01-10,7.01,7.1,6.89,6.93,1189900,0.0,1.0
2019-01-11,6.94,7.04,6.89,6.97,1106700,0.0,1.0
2019-01-14,6.98,7.08,6.93,6.96,672111,0.0,1.0
2019-01-15,6.92,7.01,6.92,6.97,860724,0.0,1.0
2019-01-16,6.96,7.04,6.93,7.02,1029000,0.0,1.0
2019-01-17,7,7.17,6.96,7.01,2231409,0.0,1.0
2019-01-18,6.99,7.12,6.99,7.04,1607564,0.0,1.0
2019-01-21,7.03,7.09,6.99,7.04,1124200,0.0,1.0
2019-01-22,7,7.06,6.89,6.93,900328,0.0,1.0
2019-01-23,6.89,7.01,6.89,6.93,952110,0.0,1.0
2019-01-24,6.91,7.05,6.87,6.91,1655801,0.0,1.0
2019-01-25,6.91,6.99,6.91,6.95,1292600,0.0,1.0
2019-01-28,6.92,7.02,6.9,6.93,1231000,0.0,1.0
2019-01-29,6.91,6.96,6.66,6.82,1610130,0.0,1.0
2019-01-30,6.8,6.84,6.7,6.77,852113,0.0,1.0
2019-01-31,6.76,6.86,6.5,6.83,1822555,0.0,1.0
2019-02-01,6.75,6.83,6.68,6.77,2492800,0.0,1.0
2019-02-11,6.72,6.86,6.71,6.84,2968101,0.0,1.0
2019-02-12,6.85,6.99,6.79,6.98,3215302,0.0,1.0
2019-02-13,7,7.15,6.92,7.15,3591661,0.0,1.0
2019-02-14,7.24,7.35,7.11,7.15,2867400,0.0,1.0
2019-02-15,7.15,7.18,7.1,7.13,1630701,0.0,1.0
2019-02-18,7.13,7.32,7.13,7.32,4386750,0.0,1.0
2019-02-19,7.28,7.41,7.22,7.28,3166900,0.0,1.0
2019-02-20,7.25,7.33,7.24,7.3,1885401,0.0,1.0
2019-02-21,7.36,7.38,7.19,7.24,3296900,0.0,1.0
2019-02-22,7.24,7.51,7.2,7.45,4978414,0.0,1.0
2019-02-25,7.56,7.87,7.45,7.84,7446004,0.0,1.0
2019-02-26,7.87,8.11,7.76,7.95,7983302,0.0,1.0
2019-02-27,7.9,8.05,7.78,7.95,5986785,0.0,1.0
2019-02-28,7.97,8.37,7.86,7.98,8167876,0.0,1.0
2019-03-01,8.04,8.04,7.78,7.9,4372352,0.0,1.0
2019-03-04,7.9,8.24,7.87,8.17,9497628,0.0,1.0
2019-03-05,8.05,8.26,8,8.16,8016217,0.0,1.0
2019-03-06,8.14,8.29,8.11,8.24,8096177,0.0,1.0
2019-03-07,8.26,8.54,8.09,8.47,12201202,0.0,1.0
2019-03-08,8.3,8.37,7.89,7.92,7620275,0.0,1.0
2019-03-11,7.88,8.1,7.88,8.09,4787332,0.0,1.0
2019-03-12,8.12,8.25,8.06,8.16,5414908,0.0,1.0
2019-03-13,8.17,8.65,8.11,8.37,10527524,0.0,1.0
2019-03-14,8.26,8.95,8.26,8.76,16080673,0.0,1.0
2019-03-15,8.94,9.2,8.56,9,18474352,0.0,1.0
2019-03-18,9,9,8.48,8.75,12514067,0.0,1.0
2019-03-19,8.78,8.86,8.46,8.71,10409774,0.0,1.0
2019-03-20,8.65,8.71,8.45,8.58,8081329,0.0,1.0
2019-03-21,8.82,9.44,8.81,9.02,17725416,0.0,1.0
2019-03-22,8.82,9.05,8.74,8.86,10845195,0.0,1.0
2019-03-25,8.74,8.74,8.56,8.56,6897591,0.0,1.0
2019-03-26,8.6,8.62,8.17,8.21,6070727,0.0,1.0
2019-03-27,8.28,8.32,8.08,8.29,4140179,0.0,1.0
2019-03-28,8.13,8.47,8.13,8.23,3903261,0.0,1.0
2019-03-29,8.18,8.42,8.18,8.37,4069772,0.0,1.0
2019-04-01,8.4,8.64,8.37,8.63,5293623,0.0,1.0
2019-04-02,8.63,8.81,8.56,8.64,6256058,0.0,1.0
2019-04-03,8.58,8.96,8.55,8.91,7208229,0.0,1.0
2019-04-04,8.92,9.08,8.68,8.8,7908377,0.0,1.0
2019-04-08,8.88,8.88,8.53,8.61,6255060,0.0,1.0
2019-04-09,8.62,8.85,8.6,8.81,5380491,0.0,1.0
2019-04-10,8.73,9.04,8.71,8.94,9965719,0.0,1.0
2019-04-11,8.9,9,8.66,8.68,5129116,0.0,1.0
2019-04-12,8.68,9.33,8.53,8.94,9596302,0.0,1.0
2019-04-15,8.93,9.16,8.88,9.1,12003073,0.0,1.0
2019-04-16,9.05,9.05,8.7,8.98,7328347,0.0,1.0
2019-04-17,8.88,8.99,8.82,8.89,5295799,0.0,1.0
2019-04-18,8.92,8.92,8.61,8.75,4461094,0.0,1.0
2019-04-19,8.78,8.8,8.59,8.74,3366238,0.0,1.0
2019-04-22,8.74,8.94,8.69,8.84,6451192,0.0,1.0
2019-04-23,8.82,9.05,8.75,8.88,7947735,0.0,1.0
2019-04-24,8.85,8.98,8.6,8.86,7017358,0.0,1.0
2019-04-25,8.85,8.95,8.38,8.38,5441500,0.0,1.0
2019-04-26,8.37,8.52,8.13,8.39,6381302,0.0,1.0
2019-05-06,7.9,7.91,7.31,7.31,4866711,0.0,1.0
2019-05-07,7.32,7.49,7.18,7.36,5788498,0.0,1.0
2019-05-08,7.31,7.63,7.14,7.5,8124210,0.0,1.0
2019-05-09,7.45,7.73,7.37,7.49,6037300,0.0,1.0
2019-05-10,7.5,7.68,7.31,7.65,7254100,0.0,1.0
2019-05-13,7.58,7.61,7.38,7.48,4650101,0.0,1.0
2019-05-14,7.4,7.54,7.33,7.41,4280300,0.0,1.0
2019-05-15,7.42,7.54,7.4,7.49,6691470,0.0,1.0
2019-05-16,7.47,7.72,7.46,7.63,8248511,0.0,1.0
2019-05-17,7.64,7.69,7.29,7.36,5865823,0.0,1.0
2019-05-20,7.36,7.5,7,7.27,5223883,0.0,1.0
2019-05-21,7.24,7.45,7.24,7.37,6842900,0.0,1.0
2019-05-22,7.35,7.53,7.31,7.44,5988668,0.0,1.0
2019-05-23,7.42,7.49,7.25,7.32,3590600,0.0,1.0
2019-05-24,7.32,7.34,7.18,7.28,2601557,0.0,1.0
2019-05-27,7.27,7.4,7.19,7.38,5023103,0.0,1.0
2019-05-28,7.36,7.55,7.33,7.4,4377203,0.0,1.0
2019-05-29,7.36,7.48,7.3,7.41,4337800,0.0,1.0
2019-05-30,7.37,7.41,7.24,7.29,3044501,0.0,1.0
2019-05-31,7.28,7.35,7.24,7.3,2592301,0.0,1.0
2019-06-03,7.3,7.35,7.2,7.29,3926210,0.0,1.0
2019-06-04,7.25,7.34,7.16,7.29,3828800,0.0,1.0
2019-06-05,7.29,7.37,7.24,7.29,3191590,0.0,1.0
2019-06-06,7.25,7.33,7.03,7.03,3544000,0.0,1.0
2019-06-10,7.06,7.17,7.03,7.07,1936594,0.0,1.0
2019-06-11,7.13,7.78,7.12,7.42,6303710,0.0,1.0
2019-06-12,7.41,7.49,7.3,7.42,5629711,0.0,1.0
2019-06-13,7.4,7.52,7.33,7.46,5796810,0.0,1.0
2019-06-14,7.47,7.5,7.3,7.35,5426200,0.0,1.0
2019-06-19,7.42,7.53,7.37,7.44,6948500,0.0,1.0
2019-06-20,7.44,7.7,7.37,7.67,9871232,0.0,1.0
2019-06-21,7.74,8.06,7.67,7.85,11432759,0.0,1.0
2019-06-24,7.83,8.1,7.74,7.75,5929400,0.0,1.0
2019-06-25,7.79,7.79,7.47,7.54,4257082,0.0,1.0
2019-06-26,7.59,7.59,7.5,7.51,1696901,0.0,1.0
2019-06-27,7.55,7.59,7.48,7.53,2531258,0.0,1.0
2019-06-28,7.52,7.52,7.37,7.41,2981701,0.0,1.0
2019-07-01,7.48,7.57,7.48,7.53,2405858,0.0,1.0
2019-07-02,7.56,7.6,7.5,7.54,1892724,0.0,1.0
2019-07-03,7.5,7.54,7.45,7.45,1726600,0.0,1.0
2019-07-04,7.49,7.52,7.43,7.44,1135599,0.0,1.0
2019-07-05,7.44,7.48,7.41,7.47,1033099,0.0,1.0
2019-07-08,7.48,7.48,7.2,7.21,1709001,0.0,1.0
2019-07-09,7.2,7.27,7.18,7.23,2088054,0.0,1.0
2019-07-10,7.25,7.29,7.21,7.22,903142,0.0,1.0
2019-07-11,7.18,7.33,7.18,7.27,908202,0.0,1.0
2019-07-12,7.27,7.29,7.23,7.24,608200,0.0,1.0
2019-07-15,7.27,7.27,7.17,7.24,1090924,0.0,1.0
2019-07-16,7.27,7.28,7.24,7.26,790201,0.0,1.0
2019-07-17,7.28,7.29,7.25,7.25,621700,0.0,1.0
2019-07-18,7.26,7.26,7.13,7.16,854600,0.0,1.0
2019-07-19,7.15,7.24,7.15,7.21,672294,0.0,1.0
2019-07-22,7.23,7.25,7.06,7.15,1185800,0.0,1.0
2019-07-23,7.15,7.27,7.14,7.24,726049,0.0,1.0
2019-07-24,7.25,7.31,7.22,7.27,813233,0.0,1.0
2019-07-25,7.28,7.3,7.23,7.25,424401,0.0,1.0
2019-07-26,7.25,7.28,7.21,7.25,896401,0.0,1.0
