date,open,high,low,close,volume,dividend,split
2015-02-26,7.05698,7.05698,7.05698,7.05698,108810,0.0,1.0
2015-02-27,7.76353,7.76353,7.76353,7.76353,57213,0.0,1.0
2015-03-02,8.54131,8.54131,8.54131,8.54131,66690,0.0,1.0
2015-03-03,9.39601,9.39601,8.69231,9.39601,45168935,0.0,1.0
2015-03-04,9.11681,9.94587,8.76638,9.35897,50627498,0.0,1.0
2015-03-05,9.17379,9.24217,8.91168,8.96581,28091526,0.0,1.0
2015-03-06,9.11111,9.11111,8.58405,8.68091,23630695,0.0,1.0
2015-03-09,8.54986,8.5584,8.34758,8.43305,14422038,0.0,1.0
2015-03-10,8.44729,8.51567,8.39316,8.50997,8993855,0.0,1.0
2015-03-11,8.49858,8.49858,8.20228,8.24501,12784255,0.0,1.0
2015-03-12,8.25926,8.2735,7.98291,8.05128,11561792,0.0,1.0
2015-03-13,8.11966,8.26211,8.07977,8.26211,9184023,0.0,1.0
2015-03-16,8.29345,8.52707,8.2906,8.50712,13425262,0.0,1.0
2015-03-17,8.53846,8.58974,8.44729,8.50142,11973582,0.0,1.0
2015-03-18,8.49003,8.68376,8.46439,8.67236,14226791,0.0,1.0
2015-03-19,8.66382,8.74644,8.56125,8.67236,12676723,0.0,1.0
2015-03-20,8.74644,8.74929,8.63533,8.68661,10804562,0.0,1.0
2015-03-23,8.66952,8.77778,8.66952,8.76923,12967540,0.0,1.0
2015-03-24,8.76923,8.77208,8.45869,8.61538,12049622,0.0,1.0
2015-03-25,8.61823,9.02564,8.56125,8.89174,17350414,0.0,1.0
2015-03-26,8.81766,8.81766,8.64957,8.68661,11789763,0.0,1.0
2015-03-27,8.68661,8.79487,8.65242,8.71225,7281912,0.0,1.0
2015-03-30,8.73504,8.89459,8.66382,8.849,13203089,0.0,1.0
2015-03-31,8.89459,9.25926,8.88889,9.03989,23583963,0.0,1.0
2015-04-01,8.94872,9.93732,8.94587,9.57265,26522609,0.0,1.0
2015-04-02,9.50142,10.2536,9.48718,10.1852,27102496,0.0,1.0
2015-04-03,10.0826,10.4843,9.9943,10.3276,23617322,0.0,1.0
2015-04-07,10.3105,10.4815,10.0997,10.3932,19228176,0.0,1.0
2015-04-08,10.3134,11.4274,10.2878,11.2764,24642544,0.0,1.0
2015-04-09,11.0541,11.4216,10.2222,11.0513,15371567,0.0,1.0
2015-04-10,11.0057,12.0114,10.7407,11.5043,16112788,0.0,1.0
2015-04-13,11.49,11.9031,11.3618,11.7265,10860701,0.0,1.0
2015-04-14,11.6467,11.943,10.9886,11.1567,17263306,0.0,1.0
2015-04-15,10.8604,11.1823,10.5983,10.8319,9782735,0.0,1.0
2015-04-16,10.8319,11.2194,10.5983,11.1339,9025182,0.0,1.0
2015-04-17,11.1396,11.6239,10.8832,11.0285,12727231,0.0,1.0
2015-04-20,11.0285,11.0285,10.2108,10.2222,17687932,0.0,1.0
2015-04-21,10.2564,10.5841,10.2222,10.5442,9115568,0.0,1.0
2015-04-22,10.3989,10.7065,10.3191,10.641,13926507,0.0,1.0
2015-04-23,10.7037,10.9544,10.4274,10.9259,18908629,0.0,1.0
2015-04-24,10.7407,11.3761,10.641,11.1624,15915951,0.0,1.0
2015-04-27,11.0541,11.2764,10.8262,10.9801,9526926,0.0,1.0
2015-04-28,11.0256,11.0855,10.3704,10.4672,8393063,0.0,1.0
2015-04-29,10.3789,10.5983,10.359,10.547,5227797,0.0,1.0
2015-04-30,10.641,10.7436,10.5271,10.5755,5218664,0.0,1.0
2015-05-04,10.49,10.5841,10.2422,10.4758,4697043,0.0,1.0
2015-05-05,10.4729,10.6239,10.2906,10.3875,5245814,0.0,1.0
2015-05-06,10.3134,10.5214,10.0855,10.1168,5434498,0.0,1.0
2015-05-07,10.0313,10.1111,9.70655,9.72935,4804712,0.0,1.0
2015-05-08,9.87464,10.0855,9.85755,10.0826,5704041,0.0,1.0
2015-05-11,10.2906,10.6838,10.1425,10.661,9500239,0.0,1.0
2015-05-12,10.7094,11.0142,10.6496,10.8575,9909351,0.0,1.0
2015-05-13,10.8006,11.3105,10.6838,11.1254,12323252,0.0,1.0
2015-05-14,11.1339,11.9801,11.0399,11.8518,20202401,0.0,1.0
2015-05-15,11.6895,12.3362,11.3675,12.0427,19169471,0.0,1.0
2015-05-18,12.1595,13.2279,11.9316,12.9715,19467600,0.0,1.0
2015-05-19,13.0684,13.4758,12.2564,12.6752,15583108,0.0,1.0
2015-05-20,12.5413,13.1567,11.9972,12.245,17871456,0.0,1.0
2015-05-21,12.245,12.963,12.0826,12.9573,14434952,0.0,1.0
2015-05-22,13.2194,14.1311,12.6268,14.0313,22929815,0.0,1.0
2015-05-25,13.8632,15.1567,13.3561,14.8803,22277759,0.0,1.0
2015-05-26,14.8917,16.3675,14.8746,16.3675,21745432,0.0,1.0
2015-05-27,16.7236,18.005699,16.3675,18.005699,24525563,0.0,1.0
2015-05-28,18.005699,18.005699,18.005699,18.005699,0,0.0,1.0
2015-05-29,18.005699,18.005699,18.005699,18.005699,0,0.0,1.0
2015-06-01,18.005699,18.005699,18.005699,18.005699,0,0.0,1.0
2015-06-02,18.005699,18.005699,18.005699,18.005699,0,0.0,1.0
2015-06-03,16.233601,17.663799,16.205099,16.205099,25928629,0.0,1.0
2015-06-04,15.812,16.1481,14.5841,14.8234,22015930,0.0,1.0
2015-06-05,14.9316,15.5499,14.5328,14.9145,15726435,0.14765,1.0
2015-06-08,14.8889,14.8889,13.4758,13.6097,19380271,0.0,1.0
2015-06-09,13.6239,14.0997,13.5669,13.7122,12914774,0.0,1.0
2015-06-10,13.5926,14.641,13.5413,14.3362,14873653,0.0,1.0
2015-06-11,14.5271,15.7692,14.4729,15.4729,17531007,0.0,1.0
2015-06-12,15.6667,16.205099,14.7407,14.8832,19007467,0.0,1.0
2015-06-15,14.9003,14.9003,13.7322,13.7721,14113334,0.0,1.0
2015-06-16,13.6752,14.1709,13.2479,14.1026,10841470,0.0,1.0
2015-06-17,13.9516,14.2735,13.5328,14.1681,8493621,0.0,1.0
2015-06-18,14.0342,14.0969,13.2536,13.2821,7159399,0.0,1.0
2015-06-19,12.9202,13.1054,11.9658,11.9829,8448770,0.0,1.0
2015-06-23,12.1054,12.8205,11.7094,12.8063,9600376,0.0,1.0
2015-06-24,12.9402,13.1738,12.735,13.0912,10098575,0.0,1.0
2015-06-25,13.0855,13.0855,12.1368,12.2251,9050622,0.0,1.0
2015-06-26,11.9658,11.9772,11.0028,11.1482,10451291,0.0,1.0
2015-06-29,11.6952,11.7236,10.2564,11.2251,10521358,0.0,1.0
2015-06-30,10.9886,12.3476,10.5413,12.2792,10724552,0.0,1.0
2015-07-01,12.2222,12.7294,11.2536,11.3419,10282885,0.0,1.0
2015-07-02,11.6439,11.6439,10.6553,10.7949,8162087,0.0,1.0
2015-07-03,10.8205,11.3818,10.1083,10.6125,9062665,0.0,1.0
2015-07-06,11.661,11.661,9.97151,10.3447,10548452,0.0,1.0
2015-07-07,9.68661,10.2507,9.31054,9.31054,6637410,0.0,1.0
2015-07-08,8.37892,8.37892,8.37892,8.37892,1533870,0.0,1.0
2015-07-09,7.54131,9.21652,7.54131,9.21652,12568787,0.0,1.0
2015-07-10,9.54416,10.1396,9.54416,10.1396,8191139,0.0,1.0
2015-07-13,10.5413,11.1538,10.2564,11.1538,17364892,0.0,1.0
2015-07-14,10.8262,11.7322,10.7122,10.8604,18237693,0.0,1.0
2015-07-15,10.9402,10.9402,9.77493,9.83191,13756960,0.0,1.0
2015-07-16,9.40171,10.3647,9.1396,9.96296,6511481,0.0,1.0
2015-07-17,10.0826,10.7294,9.92593,10.51,9294915,0.0,1.0
2015-07-20,10.4388,10.7977,10.1994,10.4615,9966216,0.0,1.0
2015-07-21,10.2821,10.7065,10.1282,10.51,8234881,0.0,1.0
2015-07-22,10.4444,10.7521,10.3447,10.6154,8799335,0.0,1.0
2015-07-23,10.6553,11.51,10.6268,11.3333,14136100,0.0,1.0
2015-07-24,11.396,11.5242,10.9544,11.0028,13598424,0.0,1.0
2015-07-27,10.7692,11.2251,9.90313,9.90313,10946770,0.0,1.0
2015-07-28,9.27635,10.1595,8.93162,9.4302,8717615,0.0,1.0
2015-07-29,9.57265,10.3789,9.40171,10.3789,8576355,0.0,1.0
2015-07-30,10.4274,11.2536,10.2564,10.7208,14643898,0.0,1.0
2015-07-31,9.88034,10.7892,9.76068,10.2279,12618000,0.0,1.0
2015-08-03,9.97151,10.245,9.4245,9.5755,8224235,0.0,1.0
2015-08-04,9.68661,10.2479,9.47578,10.2137,8640247,0.0,1.0
2015-08-05,10.2507,10.6838,9.9943,10.3675,12752177,0.0,1.0
2015-08-06,10.1168,10.5385,9.98576,10.2935,8916302,0.0,1.0
2015-08-07,10.2935,11.0228,10.2935,10.8234,12164280,0.0,1.0
2015-08-10,10.8575,11.7322,10.7692,11.4843,13888238,0.0,1.0
2015-08-11,11.339,11.396,10.9772,11.1425,13172145,0.0,1.0
2015-08-12,11.0114,11.1823,10.7407,10.7578,7451091,0.0,1.0
2015-08-13,10.7236,10.9687,10.6268,10.9402,6459190,0.0,1.0
2015-08-14,10.9402,11.151,10.9117,10.9829,6639238,0.0,1.0
2015-08-17,10.9687,11.0427,10.5128,11.0199,7957991,0.0,1.0
2015-08-18,10.9715,11.1624,9.91738,9.91738,7443099,0.0,1.0
2015-08-19,9.67806,10.094,9.0114,9.96866,8222231,0.0,1.0
2015-08-20,9.90883,9.93732,9.48718,9.49573,4528672,0.0,1.0
2015-08-21,9.37892,9.53561,8.83476,8.90313,5885126,0.0,1.0
2015-08-24,8.54701,8.65812,8.01425,8.01425,5171178,0.0,1.0
2015-08-25,7.54986,8.00855,7.21368,7.21368,6196996,0.0,1.0
2015-08-26,7.40456,7.88034,7.06553,7.42165,8046387,0.0,1.0
2015-08-27,7.54701,7.83476,7.35897,7.82621,6241183,0.0,1.0
2015-08-28,7.88604,8.39886,7.82336,8.32764,7275577,0.0,1.0
2015-08-31,8.17949,8.60969,8.06268,8.33903,8709658,0.0,1.0
2015-09-01,8.1396,8.1396,7.50427,7.50427,4692691,0.0,1.0
2015-09-02,7.11681,7.69231,6.91168,7.06838,5152037,0.0,1.0
2015-09-07,7.20798,7.62108,7.13675,7.28205,3120755,0.0,1.0
2015-09-08,7.33618,7.80342,7.17949,7.77208,5500261,0.0,1.0
2015-09-09,7.83761,8.11396,7.72365,8.06553,7035725,0.0,1.0
2015-09-10,7.95157,7.97151,7.66667,7.66952,4247451,0.0,1.0
2015-09-11,7.69231,7.86325,7.64957,7.80057,2490485,0.0,1.0
2015-09-14,7.73789,7.83476,7.01994,7.01994,4932985,0.0,1.0
2015-09-15,7.06553,7.39886,6.95442,7.0114,4793098,0.0,1.0
2015-09-16,6.98291,7.71225,6.98291,7.50427,6288786,0.0,1.0
2015-09-17,7.53276,7.66382,7.35043,7.35613,5970061,0.0,1.0
2015-09-18,7.40741,7.49288,7.26496,7.39601,2638502,0.0,1.0
2015-09-21,7.26496,7.68091,7.20798,7.65527,4681662,0.0,1.0
2015-09-22,7.66382,7.82906,7.60399,7.80627,5147173,0.0,1.0
2015-09-23,7.66382,7.77493,7.54986,7.67806,3600997,0.0,1.0
2015-09-24,7.67236,7.85755,7.67236,7.83761,4310512,0.0,1.0
2015-09-25,7.83191,7.83191,7.32194,7.36467,3477708,0.0,1.0
2015-09-28,7.37322,7.54986,7.26781,7.53561,3120916,0.0,1.0
2015-09-29,7.39031,7.48718,7.11111,7.19373,6611710,0.0,1.0
2015-09-30,7.20798,7.37037,7.18234,7.32479,3615651,0.0,1.0
2015-10-08,7.69231,7.74359,7.51852,7.7151,6431362,0.0,1.0
2015-10-09,7.66382,7.77778,7.62963,7.75214,5160184,0.0,1.0
2015-10-12,7.8604,8.33333,7.83476,8.25926,10185711,0.0,1.0
2015-10-13,8.17379,8.37607,8.17379,8.2849,5787109,0.0,1.0
2015-10-14,8.2849,8.69801,8.14245,8.40171,11046917,0.0,1.0
2015-10-15,8.31909,8.90883,8.2849,8.849,13442008,0.0,1.0
2015-10-16,8.77493,8.82621,8.49003,8.7094,11513270,0.0,1.0
2015-10-19,8.71795,8.74644,8.34758,8.4245,8174239,0.0,1.0
2015-10-20,8.53276,8.67236,8.45584,8.62963,7798528,0.0,1.0
2015-10-21,8.67521,8.79487,7.92023,7.92878,10423675,0.0,1.0
2015-10-22,7.92023,8.21083,7.92023,8.19658,5712911,0.0,1.0
2015-10-23,8.23362,8.59259,8.23362,8.55556,6692215,0.0,1.0
2015-10-26,8.63248,8.76638,8.52137,8.7208,6932215,0.0,1.0
2015-10-27,8.66382,8.97436,8.26781,8.82051,7865187,0.0,1.0
2015-10-28,8.7094,8.94587,8.63248,8.65812,8329163,0.0,1.0
2015-10-29,8.63533,8.92593,8.5641,8.8547,7903502,0.0,1.0
2015-10-30,8.84331,9.11681,8.67806,9.05698,8838720,0.0,1.0
2015-11-02,8.88319,9.7151,8.80912,9.29345,14092934,0.0,1.0
2015-11-03,9.2906,9.56125,9.11681,9.51282,10359561,0.0,1.0
2015-11-04,9.51567,9.85755,9.40171,9.84615,11413221,0.0,1.0
2015-11-05,9.80057,9.97151,9.54701,9.57265,8515428,0.0,1.0
2015-11-06,9.54416,9.82906,9.54416,9.79487,8113751,0.0,1.0
2015-11-09,9.78633,10.2479,9.5584,10.2165,11673161,0.0,1.0
2015-11-10,10.1197,10.3447,9.68661,9.91453,9491475,0.0,1.0
2015-11-11,9.91453,9.91453,9.91453,9.91453,0,0.0,1.0
2015-11-12,9.91453,9.91453,9.91453,9.91453,0,0.0,1.0
2015-11-13,9.91453,9.91453,9.91453,9.91453,0,0.0,1.0
2015-11-16,9.91453,9.91453,9.91453,9.91453,0,0.0,1.0
2015-11-17,9.91453,9.91453,9.91453,9.91453,0,0.0,1.0
2015-11-18,9.91453,9.91453,9.91453,9.91453,0,0.0,1.0
2015-11-19,9.91453,9.91453,9.91453,9.91453,0,0.0,1.0
2015-11-20,9.91453,9.91453,9.91453,9.91453,0,0.0,1.0
2015-11-23,9.91453,9.91453,9.91453,9.91453,0,0.0,1.0
2015-11-24,9.91453,9.91453,9.91453,9.91453,0,0.0,1.0
2015-11-25,9.91453,9.91453,9.91453,9.91453,0,0.0,1.0
2015-11-26,9.91453,9.91453,9.91453,9.91453,0,0.0,1.0
2015-11-27,9.91453,9.91453,9.91453,9.91453,0,0.0,1.0
2015-11-30,9.91453,9.91453,9.91453,9.91453,0,0.0,1.0
2015-12-01,9.91453,9.91453,9.91453,9.91453,0,0.0,1.0
2015-12-02,9.91453,9.91453,9.91453,9.91453,0,0.0,1.0
2015-12-03,9.91453,9.91453,9.91453,9.91453,0,0.0,1.0
2015-12-04,9.91453,9.91453,9.91453,9.91453,0,0.0,1.0
2015-12-07,9.91453,9.91453,9.91453,9.91453,0,0.0,1.0
2015-12-08,9.91453,9.91453,9.91453,9.91453,0,0.0,1.0
2015-12-09,9.91453,9.91453,9.91453,9.91453,0,0.0,1.0
2015-12-10,9.91453,9.91453,9.91453,9.91453,0,0.0,1.0
2015-12-11,9.91453,9.91453,9.91453,9.91453,0,0.0,1.0
2015-12-14,9.91453,9.91453,9.91453,9.91453,0,0.0,1.0
2015-12-15,9.91453,9.91453,9.91453,9.91453,0,0.0,1.0
2015-12-16,9.91453,9.91453,9.91453,9.91453,0,0.0,1.0
2015-12-17,9.91453,9.91453,9.91453,9.91453,0,0.0,1.0
2015-12-18,9.91453,9.91453,9.91453,9.91453,0,0.0,1.0
2015-12-21,9.91453,9.91453,9.91453,9.91453,0,0.0,1.0
2015-12-22,9.91453,9.91453,9.91453,9.91453,0,0.0,1.0
2015-12-23,9.91453,9.91453,9.91453,9.91453,0,0.0,1.0
2015-12-24,9.91453,9.91453,9.91453,9.91453,0,0.0,1.0
2015-12-25,10.1197,10.3447,9.68661,9.91453,9491475,0.0,1.0
2015-12-28,9.91453,9.91453,9.91453,9.91453,0,0.0,1.0
2015-12-29,9.91453,9.91453,9.91453,9.91453,0,0.0,1.0
2015-12-30,9.91453,9.91453,9.91453,9.91453,0,0.0,1.0
2015-12-31,9.91453,9.91453,9.91453,9.91453,0,0.0,1.0
2016-01-04,9.91453,9.91453,9.91453,9.91453,0,0.0,1.0
2016-01-05,9.91453,9.91453,9.91453,9.91453,0,0.0,1.0
2016-01-06,9.91453,9.91453,9.91453,9.91453,0,0.0,1.0
2016-01-07,9.91453,9.91453,9.91453,9.91453,0,0.0,1.0
2016-01-08,9.91453,9.91453,9.91453,9.91453,0,0.0,1.0
2016-01-11,9.91453,9.91453,9.91453,9.91453,0,0.0,1.0
2016-01-12,9.91453,9.91453,9.91453,9.91453,0,0.0,1.0
2016-01-13,9.91453,9.91453,9.91453,9.91453,0,0.0,1.0
2016-01-14,9.91453,9.91453,9.91453,9.91453,0,0.0,1.0
2016-01-15,9.91453,9.91453,9.91453,9.91453,0,0.0,1.0
2016-01-18,9.91453,9.91453,9.91453,9.91453,0,0.0,1.0
2016-01-19,9.91453,9.91453,9.91453,9.91453,0,0.0,1.0
2016-01-20,9.91453,9.91453,9.91453,9.91453,0,0.0,1.0
2016-01-21,9.91453,9.91453,9.91453,9.91453,0,0.0,1.0
2016-01-22,9.91453,9.91453,9.91453,9.91453,0,0.0,1.0
2016-01-25,9.91453,9.91453,9.91453,9.91453,0,0.0,1.0
2016-01-26,9.91453,9.91453,9.91453,9.91453,0,0.0,1.0
2016-01-27,9.91453,9.91453,9.91453,9.91453,0,0.0,1.0
2016-01-28,9.91453,9.91453,9.91453,9.91453,0,0.0,1.0
2016-01-29,9.91453,9.91453,9.91453,9.91453,0,0.0,1.0
2016-02-01,9.91453,9.91453,9.91453,9.91453,0,0.0,1.0
2016-02-02,9.91453,9.91453,9.91453,9.91453,0,0.0,1.0
2016-02-03,9.91453,9.91453,9.91453,9.91453,0,0.0,1.0
2016-02-04,9.91453,9.91453,9.91453,9.91453,0,0.0,1.0
2016-02-05,9.91453,9.91453,9.91453,9.91453,0,0.0,1.0
2016-02-15,9.91453,9.91453,9.91453,9.91453,0,0.0,1.0
2016-02-16,9.91453,9.91453,9.91453,9.91453,0,0.0,1.0
2016-02-17,9.91453,9.91453,9.91453,9.91453,0,0.0,1.0
2016-02-18,9.91453,9.91453,9.91453,9.91453,0,0.0,1.0
2016-02-19,9.91453,9.91453,9.91453,9.91453,0,0.0,1.0
2016-02-22,9.91453,9.91453,9.91453,9.91453,0,0.0,1.0
2016-02-23,9.91453,9.91453,9.91453,9.91453,0,0.0,1.0
2016-02-24,9.91453,9.91453,9.91453,9.91453,0,0.0,1.0
2016-02-25,9.91453,9.91453,9.91453,9.91453,0,0.0,1.0
2016-02-26,9.91453,9.91453,9.91453,9.91453,0,0.0,1.0
2016-02-29,9.91453,9.91453,9.91453,9.91453,0,0.0,1.0
2016-03-01,9.91453,9.91453,9.91453,9.91453,0,0.0,1.0
2016-03-02,9.91453,9.91453,9.91453,9.91453,0,0.0,1.0
2016-03-03,8.92308,9.40171,8.92308,8.92308,23450625,0.0,1.0
2016-03-04,8.45584,8.45584,8.03134,8.03134,17192853,0.0,1.0
2016-03-07,7.97721,8.29345,7.8547,8.09117,10311709,0.0,1.0
2016-03-08,7.97436,8.06268,7.37892,7.86895,8450290,0.0,1.0
2016-03-09,7.5641,7.79772,7.49573,7.77493,5497271,0.0,1.0
2016-03-10,7.80627,7.82906,7.50142,7.54701,4579142,0.0,1.0
2016-03-11,7.41026,7.64387,7.37322,7.5755,4299220,0.0,1.0
2016-03-14,7.61823,7.91453,7.61823,7.81766,7488788,0.0,1.0
2016-03-15,7.83476,7.88034,7.60399,7.64672,8473635,0.0,1.0
2016-03-16,7.7151,7.77778,7.52137,7.59829,4239968,0.0,1.0
2016-03-17,7.66382,7.849,7.58689,7.82336,6458105,0.0,1.0
2016-03-18,7.87464,8.14245,7.82621,8.07977,9652703,0.0,1.0
2016-03-21,8.19088,8.34473,8.08547,8.31339,10950617,0.0,1.0
2016-03-22,8.20798,8.37322,8.17094,8.22507,9528888,0.0,1.0
2016-03-23,8.17664,9.04843,8.16524,8.82621,20928318,0.0,1.0
2016-03-24,8.68946,8.77778,8.38177,8.38746,12991376,0.0,1.0
2016-03-25,8.38462,8.52707,8.31909,8.4245,8674645,0.0,1.0
2016-03-28,8.45584,8.76068,8.38462,8.50712,10870649,0.0,1.0
2016-03-29,8.4188,8.5698,8.06553,8.2792,6233026,0.0,1.0
2016-03-30,8.32479,8.68661,8.32479,8.63533,6720769,0.0,1.0
2016-03-31,8.63533,9.12251,8.60399,8.94872,14817759,0.0,1.0
2016-04-01,8.94017,9.31624,8.849,9.25356,12906105,0.0,1.0
2016-04-05,9.25356,9.78348,8.90883,9.57265,14254204,0.0,1.0
2016-04-06,9.56695,9.92593,9.48148,9.90313,17611839,0.0,1.0
2016-04-07,9.90313,10.0712,9.7094,10.0399,15432164,0.0,1.0
2016-04-08,10.114,10.1567,9.74644,10.0427,20438382,0.0,1.0
2016-04-11,9.04558,9.54131,9.04558,9.35613,38710016,0.0,1.0
2016-04-12,9.17949,9.19658,8.8661,8.97721,17080719,0.0,1.0
2016-04-13,9,9.18519,8.97436,9.03419,12777186,0.0,1.0
2016-04-14,9.10256,9.25356,9.05413,9.24217,10976787,0.0,1.0
2016-04-15,9.23077,9.45869,9.18803,9.20798,11680900,0.0,1.0
2016-04-18,9.03134,9.05983,8.77778,8.85185,8744077,0.0,1.0
2016-04-19,8.93732,8.94587,8.71795,8.90883,10755303,0.0,1.0
2016-04-20,8.88889,8.94872,8.19373,8.32194,14181540,0.0,1.0
2016-04-21,8.32194,8.38746,8.14815,8.16809,7269266,0.0,1.0
2016-04-22,8.07692,8.36467,8.07692,8.35328,5416846,0.0,1.0
2016-04-25,8.26781,8.39886,8.15385,8.34473,5249222,0.0,1.0
2016-04-26,8.34188,8.43305,8.30199,8.39316,5975894,0.0,1.0
2016-04-27,8.39886,8.64103,8.39886,8.52422,8340265,0.0,1.0
2016-04-28,8.49003,8.51852,8.12251,8.40171,6425897,0.0,1.0
2016-04-29,8.35328,8.47578,8.26211,8.40171,5135814,0.0,1.0
2016-05-03,8.40171,8.40171,8.40171,8.40171,0,0.0,1.0
2016-05-04,8.40171,8.40171,8.40171,8.40171,0,0.0,1.0
2016-05-05,8.40171,8.40171,8.40171,8.40171,0,0.0,1.0
2016-05-06,8.40171,8.40171,8.40171,8.40171,0,0.0,1.0
2016-05-09,8.26211,8.26211,7.77778,7.96011,6932885,0.0,1.0
2016-05-10,7.92878,8.05128,7.86895,8.0114,4394766,0.0,1.0
2016-05-11,8.0114,8.09687,7.85755,7.8718,4048062,0.0,1.0
2016-05-12,7.80627,7.94017,7.60114,7.92878,3929610,0.0,1.0
2016-05-13,7.97721,8.11111,7.87749,8.03134,3943674,0.0,1.0
2016-05-16,8.03134,8.21083,7.94872,8.20798,3982649,0.0,1.0
2016-05-17,8.19088,8.25641,8.03419,8.11966,4162783,0.0,1.0
2016-05-18,8.10256,8.10256,7.72365,7.80627,4683161,0.0,1.0
2016-05-19,7.88604,8.00855,7.80912,7.86325,3454222,0.0,1.0
2016-05-20,7.78063,7.96866,7.70655,7.95442,2782198,0.0,1.0
2016-05-23,8.01994,8.19943,8.00855,8.12821,6018786,0.0,1.0
2016-05-24,8.11966,8.11966,7.98291,8.09402,4395117,0.0,1.0
2016-05-25,8.14815,8.19658,8.03989,8.15385,4628953,0.0,1.0
2016-05-26,8.19373,8.33903,8.07692,8.33333,7536479,0.0,1.0
2016-05-27,8.33618,8.76068,8.26211,8.66097,14390434,0.0,1.0
2016-05-30,8.56125,8.64672,8.4188,8.45584,7297623,0.0,1.0
2016-05-31,8.44729,8.77208,8.44729,8.72935,10703955,0.0,1.0
2016-06-01,8.73219,8.88604,8.66097,8.72365,10477164,0.0,1.0
2016-06-02,8.73219,8.78917,8.58405,8.73789,8812588,0.0,1.0
2016-06-03,8.76353,8.88604,8.58689,8.83191,10844948,0.0,1.0
2016-06-06,8.88604,8.88604,8.68376,8.82051,7914804,0.0,1.0
2016-06-07,8.80627,8.97436,8.71795,8.94302,8980015,0.0,1.0
2016-06-08,8.93162,8.94017,8.74074,8.81766,6458860,0.0,1.0
2016-06-13,8.62393,8.65812,8.12821,8.15385,7797703,0.0,1.0
2016-06-14,8.06268,8.19943,8.04274,8.1396,4926439,0.0,1.0
2016-06-15,8.08547,8.51852,8.00855,8.4302,6697189,0.0,1.0
2016-06-16,8.41311,8.59259,8.37037,8.54701,6348021,0.0,1.0
2016-06-17,8.58974,8.82051,8.56125,8.74929,8283115,0.0,1.0
2016-06-20,8.78917,8.90313,8.63248,8.84046,8478963,0.0,1.0
2016-06-21,8.8661,8.91738,8.64672,8.7037,7353095,0.0,1.0
2016-06-22,8.68661,9.19658,8.60399,9.151,14747766,0.0,1.0
2016-06-23,9.06553,9.16239,8.93162,9.09687,9692019,0.0,1.0
2016-06-24,9.04558,9.19943,8.65527,8.88319,10113851,0.0,1.0
2016-06-27,8.83761,9.20798,8.83761,9.19373,9677979,0.0,1.0
2016-06-28,9.12536,9.37322,9.09972,9.25071,8517148,0.0,1.0
2016-06-29,9.2849,9.30484,9.16809,9.22507,7381912,0.0,1.0
2016-06-30,9.25356,9.4302,9.20513,9.33903,9258804,0.0,1.0
2016-07-01,9.37322,9.48433,9.30484,9.45584,9759607,0.0,1.0
2016-07-04,9.44444,9.55271,9.30484,9.50142,11444979,0.0,1.0
2016-07-05,9.51567,9.52707,9.35613,9.43305,7884120,0.0,1.0
2016-07-06,9.40171,9.82906,9.33903,9.7208,12631335,0.0,1.0
2016-07-07,9.76923,9.76923,9.57265,9.73219,11079978,0.0,1.0
2016-07-08,9.69516,9.96866,9.68661,9.81766,9390394,0.0,1.0
2016-07-11,9.78633,9.8718,9.64103,9.73219,8013881,0.0,1.0
2016-07-12,9.68946,9.73789,9.25926,9.63818,8693143,0.0,1.0
2016-07-13,9.63818,9.68661,9.48148,9.57265,4975049,0.0,1.0
2016-07-14,9.57265,9.76923,9.57265,9.76353,7164629,0.0,1.0
2016-07-15,9.76353,9.80342,9.66097,9.75499,5112480,0.0,1.0
2016-07-18,9.75499,10.1624,9.69231,9.9943,9614156,0.0,1.0
2016-07-19,10.1795,10.1852,9.72365,9.78917,8422876,0.0,1.0
2016-07-20,9.68661,9.91453,9.68661,9.77778,3755731,0.0,1.0
2016-07-21,9.83476,9.8661,9.7208,9.74929,4250824,0.0,1.0
2016-07-22,9.7151,9.78348,9.4245,9.57265,6489797,0.0,1.0
2016-07-25,9.52991,9.69658,9.33333,9.40598,3537675,0.08748,1.0
2016-07-26,9.3718,9.50855,9.27778,9.47009,5328613,0.0,1.0
2016-07-27,9.47436,9.5641,8.71368,8.8547,7318132,0.0,1.0
2016-07-28,8.8547,8.90171,8.61538,8.81197,5031236,0.0,1.0
2016-07-29,8.79915,8.84615,8.6453,8.7094,3093742,0.0,1.0
2016-08-01,8.70513,8.74786,8.46581,8.64957,3434991,0.0,1.0
2016-08-02,8.68803,8.88889,8.65812,8.86752,3388198,0.0,1.0
2016-08-03,9.29487,9.75641,9.14103,9.75641,9965007,0.0,1.0
2016-08-04,10.641,10.641,9.95727,10.1154,29329339,0.0,1.0
2016-08-05,10.2521,11.0983,10.1496,10.4103,24930743,0.0,1.0
2016-08-08,10.2564,10.9573,10.0427,10.6795,23060599,0.0,1.0
2016-08-09,10.5128,10.6795,10.2692,10.5214,15872659,0.0,1.0
2016-08-10,10.4145,10.4487,10.2009,10.3077,13301346,0.0,1.0
2016-08-11,10.312,10.4658,10.1282,10.1752,9482040,0.0,1.0
2016-08-12,10.2778,10.2778,10.0342,10.2094,7814767,0.0,1.0
2016-08-15,10.2778,10.6496,10.0556,10.5299,15317742,0.0,1.0
2016-08-16,10.4103,10.4829,10.3248,10.4444,10588036,0.0,1.0
2016-08-17,10.4231,10.7051,10.1197,10.6325,17325596,0.0,1.0
2016-08-18,10.4701,10.547,10.2992,10.3803,9439206,0.0,1.0
2016-08-19,10.3419,10.3846,10.2009,10.2692,5809672,0.0,1.0
2016-08-22,10.2692,10.3547,10.1239,10.2735,4850677,0.0,1.0
2016-08-23,10.2992,10.3462,10.047,10.1239,4719078,0.0,1.0
2016-08-24,10.1111,10.2821,10.1111,10.1624,3878070,0.0,1.0
2016-08-25,10.1453,10.1709,9.61538,9.76068,7576363,0.0,1.0
2016-08-26,9.74786,9.86752,9.65385,9.76496,4495940,0.0,1.0
2016-08-29,9.74359,9.74359,9.58547,9.70086,3263481,0.0,1.0
2016-08-30,9.75641,10.094,9.71368,10.0085,7112158,0.0,1.0
2016-08-31,9.92735,10.2479,9.92735,10.0726,5823207,0.0,1.0
2016-09-01,10.0897,10.1624,9.94872,10.0556,4963016,0.0,1.0
2016-09-02,9.99145,10.0855,9.82479,9.82906,2586715,0.0,1.0
2016-09-05,9.80342,10.3846,9.72222,10.141,5632969,0.0,1.0
2016-09-06,10.0641,10.2393,9.99145,10.1496,4164231,0.0,1.0
2016-09-07,10.1282,10.3205,10.1282,10.2094,5831072,0.0,1.0
2016-09-08,10.1966,10.5556,10.1966,10.3803,7390817,0.0,1.0
2016-09-09,10.3504,10.4615,10.1709,10.1752,4370888,0.0,1.0
2016-09-12,9.88462,9.99573,9.7265,9.74359,3746604,0.0,1.0
2016-09-13,9.85897,9.91453,9.7735,9.85043,1934223,0.0,1.0
2016-09-14,9.82479,9.95727,9.74786,9.91026,2995551,0.0,1.0
2016-09-19,9.91026,10.2564,9.83761,10.2094,5280360,0.0,1.0
2016-09-20,10.2778,10.4017,10.2094,10.3034,11303103,0.0,1.0
2016-09-21,10.312,10.3504,10.1624,10.2992,8514441,0.0,1.0
2016-09-22,10.2992,10.406,10.2778,10.3376,7367015,0.0,1.0
2016-09-23,10.3632,10.3761,10.265,10.3248,4217202,0.0,1.0
2016-09-26,10.3419,10.3419,10.2137,10.2992,5954017,0.0,1.0
2016-09-27,10.2692,10.3846,10.2692,10.3504,8732536,0.0,1.0
2016-09-28,10.3547,10.4658,10.2992,10.3205,8700721,0.0,1.0
2016-09-29,10.3162,10.4103,10.2778,10.3333,6555744,0.0,1.0
2016-09-30,10.3205,10.3932,10.3034,10.359,5800623,0.0,1.0
2016-10-10,10.3846,10.4487,10.2949,10.406,9744651,0.0,1.0
2016-10-11,10.3846,10.4615,10.3333,10.3803,8088879,0.0,1.0
2016-10-12,10.3846,10.3846,10.2094,10.2265,8035597,0.0,1.0
2016-10-13,10.2308,10.2949,10.1709,10.2094,4421313,0.0,1.0
2016-10-14,10.1838,10.2051,10,10.1026,4687085,0.0,1.0
2016-10-17,10.1709,10.1709,10.0256,10.0427,3576414,0.0,1.0
2016-10-18,10.1496,10.3077,10.1282,10.3034,6862759,0.0,1.0
2016-10-19,10.312,10.3462,10.2137,10.2778,4499904,0.0,1.0
2016-10-20,10.2436,10.3376,10.1966,10.2992,4821481,0.0,1.0
2016-10-21,10.2992,10.3333,10.0855,10.1966,4037445,0.0,1.0
2016-10-24,10.1752,10.2821,10.1068,10.2265,3567660,0.0,1.0
2016-10-25,10.2265,10.6197,10.2265,10.594,16928954,0.0,1.0
2016-10-26,10.5556,10.5598,10.3761,10.4231,8345610,0.0,1.0
2016-10-27,10.4103,10.5256,10.2778,10.3462,5312736,0.0,1.0
2016-10-28,10.2992,10.3376,10.0855,10.0983,6540646,0.0,1.0
2016-10-31,10.0427,10.0641,9.88034,10.0256,4147341,0.0,1.0
2016-11-01,10.0598,10.2308,9.96154,10.2051,4545520,0.0,1.0
2016-11-02,10.1838,10.2564,10.1111,10.1538,4314141,0.0,1.0
2016-11-03,10.1624,10.2393,10.0427,10.2265,5480748,0.0,1.0
2016-11-04,10.1923,10.3248,10.1453,10.2692,5675742,0.0,1.0
2016-11-07,10.3291,10.3718,10.2179,10.2778,5236969,0.0,1.0
2016-11-08,10.2992,10.5556,10.2992,10.5085,11114733,0.0,1.0
2016-11-09,10.4487,10.5342,10.188,10.3333,8666162,0.0,1.0
2016-11-10,10.3718,10.7692,10.3718,10.688,12600918,0.0,1.0
2016-11-11,10.688,10.8462,10.6111,10.7009,7804892,0.0,1.0
2016-11-14,10.7265,11.7436,10.7051,11.3205,18737407,0.0,1.0
2016-11-15,11.2821,11.4744,11.1325,11.3333,11409762,0.0,1.0
2016-11-16,11.2821,11.4103,10.9017,11.0043,12304232,0.0,1.0
2016-11-17,11.0385,11.1068,10.9017,11.0171,6129634,0.0,1.0
2016-11-18,11.0641,11.2222,10.8675,11.0812,7590992,0.0,1.0
2016-11-21,11.2821,11.4872,11.1496,11.4316,12253332,0.0,1.0
2016-11-22,11.4444,11.5812,11.2735,11.5085,10547779,0.0,1.0
2016-11-23,11.5128,11.5128,11.188,11.2137,7616831,0.0,1.0
2016-11-24,11.188,11.2692,10.8803,10.9615,6212513,0.0,1.0
2016-11-25,11.0256,11.2821,10.7479,11.2735,6572983,0.0,1.0
2016-11-28,11.2436,11.3547,11.0513,11.0855,5646462,0.0,1.0
2016-11-29,11.1111,11.1111,10.8162,11.0214,5318764,0.0,1.0
2016-11-30,10.8547,11.2137,10.7692,10.8846,4836721,0.0,1.0
2016-12-01,10.9017,11.1496,10.8034,10.9487,6208296,0.0,1.0
2016-12-02,10.8889,10.9487,10.4701,10.4872,6452571,0.0,1.0
2016-12-05,10.4188,10.5427,10.2564,10.4872,3363556,0.0,1.0
2016-12-06,10.4872,10.6282,10.4872,10.5385,2448515,0.0,1.0
2016-12-07,10.5,10.735,10.5,10.7222,2801593,0.0,1.0
2016-12-08,10.735,10.735,10.5726,10.5983,2375261,0.0,1.0
2016-12-09,10.5983,10.6795,10.4872,10.5385,2305958,0.0,1.0
2016-12-12,10.5128,10.5513,9.76496,9.85897,5344714,0.0,1.0
2016-12-13,9.8718,10.0043,9.66239,9.87607,2627921,0.0,1.0
2016-12-14,9.94872,9.94872,9.74359,9.79487,2087137,0.0,1.0
2016-12-15,9.79487,9.9359,9.74359,9.88034,3120095,0.0,1.0
2016-12-16,9.94444,10.4017,9.91026,10.2992,6269361,0.0,1.0
2016-12-19,10.2479,10.4316,10.2051,10.3376,2840587,0.0,1.0
2016-12-20,10.2735,10.4188,10.2607,10.3205,3034224,0.0,1.0
2016-12-21,10.3333,10.4701,10.3205,10.4615,4694157,0.0,1.0
2016-12-22,10.4444,10.4487,10.1709,10.2222,3946670,0.0,1.0
2016-12-23,10.2094,10.2222,9.95727,9.99145,2780823,0.0,1.0
2016-12-26,9.98718,10.2735,9.81624,10.2521,3219912,0.0,1.0
2016-12-27,10.2692,10.3675,10.1838,10.2265,4115147,0.0,1.0
2016-12-28,10.2393,10.3846,10.1709,10.1923,1934288,0.0,1.0
2016-12-29,10.2778,10.2906,10.1239,10.1838,2452231,0.0,1.0
2016-12-30,10.2479,10.3803,10.094,10.2308,5312867,0.0,1.0
2017-01-03,10.2308,10.359,10.2308,10.3034,2742101,0.0,1.0
2017-01-04,10.3803,10.4573,10.2778,10.4402,3577535,0.0,1.0
2017-01-05,10.3803,10.4957,10.3333,10.3632,2226973,0.0,1.0
2017-01-06,10.3077,10.406,10.2607,10.3889,3406974,0.0,1.0
2017-01-09,10.3846,10.7222,10.2607,10.6282,7924094,0.0,1.0
2017-01-10,10.5769,10.7179,10.5641,10.5855,4914107,0.0,1.0
2017-01-11,10.5556,10.7906,10.5299,10.688,5402536,0.0,1.0
2017-01-12,10.641,10.7479,10.5598,10.7137,4870757,0.0,1.0
2017-01-13,10.7479,10.9744,10.5043,10.5299,6189042,0.0,1.0
2017-01-16,10.4786,10.5043,9.86752,10.1795,9218231,0.0,1.0
2017-01-17,10.1795,10.2521,9.92308,10.0342,3239634,0.0,1.0
2017-01-18,10.0427,10.1838,9.95727,10.0855,2087898,0.0,1.0
2017-01-19,10.0427,10.1282,9.98718,10.047,1108865,0.0,1.0
2017-01-20,10.1111,10.3333,10.047,10.3205,2997287,0.0,1.0
2017-01-23,10.4145,10.5385,10.1795,10.3718,3950807,0.0,1.0
2017-01-24,10.4274,10.6239,10.2992,10.594,7995490,0.0,1.0
2017-01-25,10.5128,10.5128,10.0684,10.1453,8925810,0.0,1.0
2017-01-26,10.5897,10.5897,10.0855,10.2137,2868309,0.0,1.0
2017-02-03,10.0897,10.1709,9.97009,10,2989233,0.0,1.0
2017-02-06,10.1111,10.4744,10.0342,10.4231,8353020,0.0,1.0
2017-02-07,10.4231,10.4316,10.2821,10.3803,3127436,0.0,1.0
2017-02-08,10.4231,10.8077,10.3248,10.6538,10677656,0.0,1.0
2017-02-09,10.6709,10.7222,10.5214,10.6068,4732472,0.0,1.0
2017-02-10,10.5556,10.6538,10.5342,10.5641,3451523,0.0,1.0
2017-02-13,10.5983,10.6752,10.5513,10.5983,3823721,0.0,1.0
2017-02-14,10.641,10.641,10.4145,10.5128,3322231,0.0,1.0
2017-02-15,10.5,10.7137,10.406,10.6795,7477554,0.0,1.0
2017-02-16,10.6538,10.7992,10.5684,10.6496,5458799,0.0,1.0
2017-02-17,10.6667,10.6667,10.4274,10.5128,3631336,0.0,1.0
2017-02-20,10.4274,10.6496,10.3932,10.5983,2767906,0.0,1.0
2017-02-21,10.6026,10.6325,10.5171,10.5983,2631931,0.0,1.0
2017-02-22,10.5769,10.6795,10.5556,10.6581,3123771,0.0,1.0
2017-02-23,10.7137,10.9744,10.6667,10.7436,9214112,0.0,1.0
2017-02-24,10.6709,10.8504,10.641,10.6795,4098276,0.0,1.0
2017-02-27,10.6026,10.6838,10.4701,10.5043,3583827,0.0,1.0
2017-02-28,10.4786,10.8034,10.4744,10.7949,6675154,0.0,1.0
2017-03-01,10.7564,10.9402,10.7094,10.9103,6500648,0.0,1.0
2017-03-02,10.8974,11.0598,10.7179,10.735,9667157,0.0,1.0
2017-03-03,10.6966,10.859,10.6709,10.7094,3331952,0.0,1.0
2017-03-06,10.7521,10.8974,10.7051,10.8846,4164549,0.0,1.0
2017-03-07,10.8675,11.0897,10.7992,11.0598,9209989,0.0,1.0
2017-03-08,11.0043,11.0342,10.8761,10.9402,3703916,0.0,1.0
2017-03-09,10.9359,11.0085,10.7265,10.7949,3049450,0.0,1.0
2017-03-10,10.8846,10.8846,10.6838,10.735,3154552,0.0,1.0
2017-03-13,10.7265,11.0598,10.7265,11.0556,5263928,0.0,1.0
2017-03-14,11.0598,11.094,10.7479,10.765,6497571,0.0,1.0
2017-03-15,10.7308,10.906,10.7265,10.8462,3365481,0.0,1.0
2017-03-16,10.812,11.4487,10.812,11.1667,9603123,0.0,1.0
2017-03-17,11.2222,11.2222,10.9103,10.9359,6548567,0.0,1.0
2017-03-20,10.812,11.1068,10.812,11.0726,4034115,0.0,1.0
2017-03-21,11.141,11.1752,10.9915,11.1154,4354000,0.0,1.0
2017-03-22,11.0769,11.2479,10.906,11.1795,5834369,0.0,1.0
2017-03-23,11.1581,11.2393,10.9231,11.0641,4943814,0.0,1.0
2017-03-24,11.0214,11.1111,10.9487,11.0556,3354895,0.0,1.0
2017-03-27,11.0256,11.3205,10.9872,11.2479,7199911,0.0,1.0
2017-03-28,11.2821,11.3632,11.1368,11.2863,4051450,0.0,1.0
2017-03-29,11.265,11.6026,11.2222,11.2949,10926377,0.0,1.0
2017-03-30,11.3162,11.3162,10.953,11,6891791,0.0,1.0
2017-03-31,11.0385,11.0769,10.6923,11,5120687,0.0,1.0
2017-04-05,10.9829,11.1538,10.9402,11.141,6612189,0.0,1.0
2017-04-06,11.1453,11.5385,11.1453,11.2179,6637985,0.0,1.0
2017-04-07,11.3077,11.3077,10.8291,10.8504,6301629,0.0,1.0
2017-04-10,10.8205,10.8205,10.5556,10.6795,6404217,0.0,1.0
2017-04-11,10.6368,11.2137,10.5556,11.0641,6530193,0.0,1.0
2017-04-12,11.0684,11.1026,10.6838,10.7094,3970290,0.0,1.0
2017-04-13,10.7692,10.8889,10.6838,10.7992,2769877,0.0,1.0
2017-04-14,10.8376,10.8376,10.406,10.4359,3548315,0.0,1.0
2017-04-17,10.3077,10.3419,10.047,10.1026,2696546,0.0,1.0
2017-04-18,10.1752,10.4017,9.98291,10.0855,2194202,0.0,1.0
2017-04-19,10.0855,10.094,9.82906,9.88889,2230535,0.0,1.0
2017-04-20,9.88462,10.0171,9.39316,9.42308,3623022,0.0,1.0
2017-04-21,9.44444,9.57265,9.2735,9.41453,2502801,0.0,1.0
2017-04-24,9.52991,9.88034,9.2735,9.76923,4619396,0.0,1.0
2017-04-25,9.7735,9.79487,9.35043,9.5812,3250274,0.0,1.0
2017-04-26,9.69658,9.69658,9.3547,9.47863,2452874,0.0,1.0
2017-04-27,9.40171,9.69231,9.26068,9.62393,2912780,0.0,1.0
2017-04-28,9.59402,9.67521,9.44444,9.51282,2617639,0.0,1.0
2017-05-02,9.51282,9.61111,9.35897,9.38889,2577795,0.0,1.0
2017-05-03,9.3718,9.46581,9.05128,9.09829,4828522,0.0,1.0
2017-05-04,9.05983,9.23932,8.97436,9.11966,3877965,0.0,1.0
2017-05-05,9.11538,9.16239,8.97436,9.04274,1753425,0.0,1.0
2017-05-08,9.08547,9.08547,8.85897,8.96154,2744626,0.0,1.0
2017-05-09,8.93162,9.05983,8.84615,9.01282,1937181,0.0,1.0
2017-05-10,9.01282,9.09402,8.84615,8.85043,1795950,0.0,1.0
2017-05-11,8.84615,8.90598,8.14957,8.30769,6204961,0.0,1.0
2017-05-12,8.30342,8.39744,8.06838,8.38889,4206882,0.0,1.0
2017-05-15,8.30769,8.40598,8.20513,8.25214,2268178,0.0,1.0
2017-05-16,8.24786,8.4188,8.07692,8.35043,2566762,0.0,1.0
2017-05-17,8.36325,8.70513,8.36325,8.52137,3979741,0.0,1.0
2017-05-18,8.46154,8.68803,8.41026,8.51709,2519340,0.0,1.0
2017-05-19,8.63248,8.63248,8.4359,8.52137,1663925,0.0,1.0
2017-05-22,8.54701,8.54701,8.14103,8.1453,2561167,0.0,1.0
2017-05-23,8.15385,8.19658,7.71795,7.76068,2558481,0.0,1.0
2017-05-24,7.71368,7.8547,7.56838,7.7906,2425880,0.0,1.0
2017-05-25,7.79915,8.01282,7.67094,7.97436,2151260,0.0,1.0
2017-05-26,7.98291,7.99573,7.88462,7.89744,1651946,0.0,1.0
2017-05-31,8.11966,8.17521,7.91453,7.9188,2006786,0.0,1.0
2017-06-01,7.90598,7.98718,7.68376,7.72222,1940094,0.0,1.0
2017-06-02,7.73077,7.97009,7.55983,7.88462,2028941,0.0,1.0
2017-06-05,7.88889,8.03846,7.88889,8.02137,2355924,0.0,1.0
2017-06-06,8.01709,8.17521,7.94017,8.11538,2006842,0.0,1.0
2017-06-07,8.11966,8.92735,8.11966,8.92735,8468776,0.0,1.0
2017-06-08,9.13248,9.19658,8.84615,8.98718,8997428,0.0,1.0
2017-06-09,8.97436,9.00855,8.67949,8.85043,3953488,0.0,1.0
2017-06-12,8.88889,8.91026,8.68803,8.7906,3381754,0.0,1.0
2017-06-13,8.75641,9.37607,8.70086,9.09402,12524756,0.0,1.0
2017-06-14,9,9.11966,8.82479,8.86752,3633472,0.0,1.0
2017-06-15,8.8547,9.05556,8.79915,8.93162,9585154,0.0,1.0
2017-06-16,8.83761,8.98291,8.76923,8.91026,2704380,0.0,1.0
2017-06-19,8.8547,9.07265,8.8547,9.05128,2780152,0.0,1.0
2017-06-20,9.10256,9.10256,8.83761,8.90171,2955233,0.0,1.0
2017-06-21,8.95299,9.02137,8.68376,9,9253766,0.0,1.0
2017-06-22,8.97009,8.99145,8.70086,8.73077,2559429,0.0,1.0
2017-06-23,8.71368,8.80342,8.57692,8.71368,1967584,0.0,1.0
2017-06-26,8.67521,8.86325,8.62393,8.84615,1685860,0.0,1.0
2017-06-27,8.84615,9.1453,8.76923,8.95299,4951276,0.0,1.0
2017-06-28,8.96154,9.13248,8.8547,9.02991,4852465,0.0,1.0
2017-06-29,8.97436,9.09829,8.97436,9.03419,2598804,0.0,1.0
2017-06-30,8.99573,9.50855,8.90171,9.27778,8511974,0.0,1.0
2017-07-03,9.27778,9.38462,9.18803,9.23932,3154910,0.0,1.0
2017-07-04,9.32051,9.44444,9.18803,9.29487,3189687,0.0,1.0
2017-07-05,9.18803,9.30342,9.17949,9.2906,2223012,0.0,1.0
2017-07-06,9.2906,9.3547,9.16667,9.20513,2655357,0.0,1.0
2017-07-07,9.15812,9.24786,9.15812,9.24359,2118285,0.0,1.0
2017-07-10,9.26923,9.33761,9.18803,9.2265,2144210,0.0,1.0
2017-07-11,9.18376,9.22222,9.05556,9.0812,2429528,0.0,1.0
2017-07-12,9.10256,9.17094,8.93162,9.13248,11969123,0.0,1.0
2017-07-13,9.02564,9.05983,8.9359,9,4207362,0.0,1.0
2017-07-14,9.00855,9.03846,8.88889,8.88889,1745607,0.0,1.0
2017-07-17,8.83761,8.88462,8,8.05556,6081304,0.0,1.0
2017-07-18,7.99145,8.14103,7.83333,8.08547,1596472,0.0,1.0
2017-07-19,8.15812,8.33333,8,8.29915,1766583,0.0,1.0
2017-07-20,8.2906,8.54274,8.23932,8.32906,2282485,0.0,1.0
2017-07-21,8.29915,8.37607,8.24786,8.25641,1150812,0.0,1.0
2017-07-24,8.25641,8.37607,8.25641,8.36325,1682694,0.0,1.0
2017-07-25,8.39744,8.39744,8.24786,8.27778,1368666,0.0,1.0
2017-07-26,8.21368,8.31197,8.12821,8.20513,999526,0.0,1.0
2017-07-27,8.20513,8.43162,8.12821,8.38889,2227095,0.0,1.0
2017-07-28,8.37607,8.52564,8.16239,8.33761,2482855,0.0,1.0
2017-07-31,8.37607,8.40598,8.2094,8.34188,2264416,0.0,1.0
2017-08-01,8.38889,8.38889,8.24359,8.2906,2059074,0.0,1.0
2017-08-02,8.2906,8.32479,8.19231,8.20086,1924177,0.0,1.0
2017-08-03,8.16239,8.30769,8.15385,8.2735,1483382,0.0,1.0
2017-08-04,8.28633,8.28633,8.18376,8.19231,1124377,0.0,1.0
2017-08-07,8.12821,8.24786,8.12821,8.23077,847405,0.0,1.0
2017-08-08,8.26923,8.30342,8.20513,8.25214,1013882,0.0,1.0
2017-08-09,8.2265,8.29915,8.20513,8.2906,1125664,0.0,1.0
2017-08-10,8.26068,8.29915,8.17094,8.22222,1339884,0.0,1.0
2017-08-11,8.27778,8.54274,8.22222,8.26068,4376322,0.0,1.0
2017-08-14,8.18376,8.36325,8.17094,8.33761,1753839,0.0,1.0
2017-08-15,8.38889,8.50427,8.34188,8.45299,3431067,0.0,1.0
2017-08-16,8.51282,8.53419,8.36752,8.41453,3858316,0.0,1.0
2017-08-17,8.40769,8.43077,8.23077,8.33077,1507945,0.05498,1.0
2017-08-18,8.15385,8.43077,8.15385,8.26923,2529410,0.0,1.0
2017-08-21,8.24615,8.33077,8.16923,8.3,1973873,0.0,1.0
2017-08-22,8.3,8.33077,8.16154,8.2,1937762,0.0,1.0
2017-08-23,8.2,8.28462,8.16923,8.24615,1518310,0.0,1.0
2017-08-24,8.24615,8.3,8.16154,8.29231,1653597,0.0,1.0
2017-08-25,8.23077,8.35385,8.23077,8.34615,2416900,0.0,1.0
2017-08-28,8.40769,8.64615,8.32308,8.53846,3693353,0.0,1.0
2017-08-29,8.43846,8.43846,8.23077,8.31538,5101698,0.0,1.0
2017-08-30,8.25385,8.32308,8.19231,8.23846,2551653,0.0,1.0
2017-08-31,8.22308,8.28462,8.2,8.27692,1573078,0.0,1.0
2017-09-01,8.28462,8.3,8.23077,8.29231,1722401,0.0,1.0
2017-09-04,8.32308,8.33077,8.22308,8.23846,1997450,0.0,1.0
2017-09-05,8.27692,8.30769,8.19231,8.25385,2052645,0.0,1.0
2017-09-06,8.24615,8.30769,8.20769,8.25385,2108696,0.0,1.0
2017-09-07,8.28462,8.5,8.23846,8.43077,6729747,0.0,1.0
2017-09-08,8.4,8.41538,8.26923,8.32308,2939261,0.0,1.0
2017-09-11,8.31538,8.35385,8.27692,8.33077,2789150,0.0,1.0
2017-09-12,8.33077,9.11538,8.33077,8.51538,8391305,0.0,1.0
2017-09-13,8.46154,8.67692,8.4,8.60769,5543829,0.0,1.0
2017-09-14,8.56154,9,8.51538,8.99231,10032898,0.0,1.0
2017-09-15,8.87692,9.14615,8.7,8.79231,7212549,0.0,1.0
2017-09-18,8.7,8.87692,8.64615,8.76154,3517471,0.0,1.0
2017-09-19,8.73846,8.78462,8.59231,8.66154,3595087,0.0,1.0
2017-09-20,8.63846,8.68462,8.54615,8.66923,2834416,0.0,1.0
2017-09-21,8.62308,8.99231,8.59231,8.86154,4874654,0.0,1.0
2017-09-22,8.85385,8.91538,8.68462,8.69231,3508151,0.0,1.0
2017-09-25,8.76923,8.76923,8.42308,8.46923,2716597,0.0,1.0
2017-09-26,8.46154,8.52308,8.3,8.36923,2615704,0.0,1.0
2017-09-27,8.38462,8.40769,8.33077,8.38462,1240690,0.0,1.0
2017-09-28,8.37692,8.39231,8.23077,8.23077,2028923,0.0,1.0
2017-09-29,8.26923,8.33846,8.23077,8.29231,1252039,0.0,1.0
2017-10-09,8.30769,8.63846,8.30769,8.58462,4253677,0.0,1.0
2017-10-10,8.59231,8.66154,8.53846,8.61538,3099148,0.0,1.0
2017-10-11,8.66154,8.92308,8.61538,8.82308,6016748,0.0,1.0
2017-10-12,8.76923,8.80769,8.60769,8.63077,2998170,0.0,1.0
2017-10-13,8.73077,8.75385,8.53846,8.70769,2886213,0.0,1.0
2017-10-16,8.66923,8.83846,8.53846,8.56154,3529562,0.0,1.0
2017-10-17,8.56154,8.73077,8.52308,8.65385,2515136,0.0,1.0
2017-10-18,8.70769,8.70769,8.40769,8.40769,2827011,0.0,1.0
2017-10-19,8.4,8.5,8.3,8.30769,2239143,0.0,1.0
2017-10-20,8.30769,8.42308,8.23077,8.38462,1535726,0.0,1.0
2017-10-23,8.49231,8.74615,8.46154,8.71538,3550643,0.0,1.0
2017-10-24,8.68462,8.69231,8.48462,8.62308,2666911,0.0,1.0
2017-10-25,8.6,8.7,8.56923,8.60769,1930747,0.0,1.0
2017-10-26,8.58462,8.63077,8.5,8.6,2021419,0.0,1.0
2017-10-27,8.60769,8.78462,8.57692,8.63846,3150862,0.0,1.0
2017-10-30,8.63846,8.69231,8.16923,8.22308,3586827,0.0,1.0
2017-10-31,8.08462,8.3,8.08462,8.27692,1601111,0.0,1.0
2017-11-01,8.44615,8.92308,8.44615,8.66154,8399640,0.0,1.0
2017-11-02,8.6,8.86154,8.54615,8.78462,6850523,0.0,1.0
2017-11-03,8.71538,8.76923,8.58462,8.74615,5230331,0.0,1.0
2017-11-06,8.74615,8.78462,8.64615,8.76154,3885310,0.0,1.0
2017-11-07,8.75385,8.77692,8.62308,8.71538,3702081,0.0,1.0
2017-11-08,8.63077,8.68462,8.53846,8.62308,3331705,0.0,1.0
2017-11-09,8.62308,8.62308,8.49231,8.53846,2873169,0.0,1.0
2017-11-10,8.49231,8.63846,8.43846,8.46923,3132012,0.0,1.0
2017-11-13,8.52308,8.58462,8.30769,8.35385,4642464,0.0,1.0
2017-11-14,8.3,8.36923,8.22308,8.36923,2896153,0.0,1.0
2017-11-15,8.34615,8.34615,8.10769,8.16923,2940636,0.0,1.0
2017-11-16,8.10769,8.29231,8.10769,8.24615,2021050,0.0,1.0
2017-11-17,8.2,8.26154,7.7,7.7,3968174,0.0,1.0
2017-11-20,7.70769,7.83077,7.48462,7.8,2518321,0.0,1.0
2017-11-21,7.76923,7.79231,7.61538,7.69231,1779873,0.0,1.0
2017-11-22,7.68462,7.73846,7.58462,7.61538,1320657,0.0,1.0
2017-11-23,7.63846,7.64615,7.38462,7.53846,2347608,0.0,1.0
2017-11-24,7.47692,7.60769,7.35385,7.53846,1881935,0.0,1.0
2017-11-27,7.50769,7.57692,7.40769,7.53077,1186151,0.0,1.0
2017-11-28,7.48462,7.6,7.48462,7.59231,917280,0.0,1.0
2017-11-29,7.67692,7.69231,7.45385,7.51538,1114750,0.0,1.0
2017-11-30,7.47692,7.90769,7.39231,7.75385,1831960,0.0,1.0
2017-12-01,7.67692,7.79231,7.66923,7.73846,1136720,0.0,1.0
2017-12-04,7.67692,7.72308,7.46923,7.53077,933192,0.0,1.0
2017-12-05,7.56154,7.59231,7.23077,7.53077,2164168,0.0,1.0
2017-12-06,7.53077,7.57692,7.36154,7.56923,1579604,0.0,1.0
2017-12-07,7.56923,7.56923,7.42308,7.54615,944424,0.0,1.0
2017-12-08,7.5,7.59231,7.5,7.54615,1202201,0.0,1.0
2017-12-11,7.54615,7.6,7.48462,7.53846,899574,0.0,1.0
2017-12-12,7.53846,7.56923,7.46154,7.53077,1031222,0.0,1.0
2017-12-13,7.53077,7.56154,7.47692,7.54615,676637,0.0,1.0
2017-12-14,7.51538,7.55385,7.5,7.53846,660577,0.0,1.0
2017-12-15,7.48462,7.74615,7.48462,7.64615,2023515,0.0,1.0
2017-12-18,7.67692,7.83846,7.60769,7.73846,2525117,0.0,1.0
2017-12-19,7.75385,7.90769,7.7,7.83846,2946996,0.0,1.0
2017-12-20,7.86154,7.86154,7.65385,7.7,1454804,0.0,1.0
2017-12-21,7.7,7.76923,7.65385,7.69231,2324296,0.0,1.0
2017-12-22,7.71538,7.75385,7.69231,7.72308,1225328,0.0,1.0
2017-12-25,7.70769,7.73077,7.59231,7.62308,1267370,0.0,1.0
2017-12-26,7.66154,7.68462,7.6,7.65385,801697,0.0,1.0
2017-12-27,7.66154,7.76154,7.57692,7.67692,2632734,0.0,1.0
2017-12-28,7.67692,7.71538,7.56923,7.57692,1778153,0.0,1.0
2017-12-29,7.56154,7.63846,7.49231,7.60769,2853882,0.0,1.0
2018-01-02,7.60769,7.61538,7.50769,7.55385,1837472,0.0,1.0
2018-01-03,7.54615,7.69231,7.48462,7.56154,3925532,0.0,1.0
2018-01-04,7.54615,7.57692,7.49231,7.56154,3044418,0.0,1.0
2018-01-05,7.56154,7.56154,7.56154,7.56154,0,0.0,1.0
2018-01-08,7.56154,7.56154,7.56154,7.56154,0,0.0,1.0
2018-01-09,7.56154,7.56154,7.56154,7.56154,0,0.0,1.0
2018-01-10,7.56154,7.56154,7.56154,7.56154,0,0.0,1.0
2018-01-11,7.56154,7.56154,7.56154,7.56154,0,0.0,1.0
2018-01-12,7.56154,7.56154,7.56154,7.56154,0,0.0,1.0
2018-01-15,7.56154,7.56154,7.56154,7.56154,0,0.0,1.0
2018-01-16,7.56154,7.56154,7.56154,7.56154,0,0.0,1.0
2018-01-17,7.56154,7.56154,7.56154,7.56154,0,0.0,1.0
2018-01-18,7.56154,7.56154,7.56154,7.56154,0,0.0,1.0
2018-01-19,7.64615,8,7.62308,7.68462,4290195,0.0,1.0
2018-01-22,7.62308,7.69231,6.91538,7.66154,10336118,0.0,1.0
2018-01-23,7.36154,7.61538,7.24615,7.50769,6262245,0.0,1.0
2018-01-24,7.46154,7.6,7.34615,7.53846,6497730,0.0,1.0
2018-01-25,7.43846,7.84615,7.43077,7.54615,5268767,0.0,1.0
2018-01-26,7.53077,7.80769,7.46154,7.73077,4322461,0.0,1.0
2018-01-29,7.71538,7.88462,7.50769,7.52308,4441359,0.0,1.0
2018-01-30,7.53846,7.65385,7.5,7.54615,4406276,0.0,1.0
2018-01-31,7.53077,7.57692,7.43077,7.53077,2987725,0.0,1.0
2018-02-01,7.46154,7.54615,7.15385,7.32308,3035877,0.0,1.0
2018-02-02,7.14615,7.29231,6.96923,7.13077,4928785,0.0,1.0
2018-02-05,7.1,7.13077,6.66923,7.1,4736025,0.0,1.0
2018-02-06,6.94615,7.00769,6.43846,6.44615,2573025,0.0,1.0
2018-02-07,6.53846,6.61538,5.87692,6.28462,2134775,0.0,1.0
2018-02-08,6.3,6.36154,6.2,6.31538,3743550,0.0,1.0
2018-02-09,6.18462,6.18462,5.93077,5.98462,2632739,0.0,1.0
2018-02-12,6,6.14615,5.84615,5.99231,1658592,0.0,1.0
2018-02-13,6.00769,6.10769,5.93077,6,1183455,0.0,1.0
2018-02-14,6.07692,6.11538,5.94615,5.97692,950235,0.0,1.0
2018-02-22,5.97692,6.03846,5.94615,6.02308,875394,0.0,1.0
2018-02-23,6.05385,6.10769,5.96154,6.00769,1046932,0.0,1.0
2018-02-26,6.03077,6.23077,6.01538,6.21538,1957090,0.0,1.0
2018-02-27,6.19231,6.40769,6.01538,6.31538,3252686,0.0,1.0
2018-02-28,6.27692,6.36923,6.23077,6.31538,1483417,0.0,1.0
2018-03-01,6.25385,6.44615,6.25385,6.36923,1345812,0.0,1.0
2018-03-02,6.37692,6.42308,6.29231,6.33077,2215928,0.0,1.0
2018-03-05,6.36923,6.40769,6.30769,6.33077,766697,0.0,1.0
2018-03-06,6.36923,6.42308,6.30769,6.34615,1150249,0.0,1.0
2018-03-07,6.36154,6.50769,6.30769,6.47692,2383537,0.0,1.0
2018-03-08,6.43846,6.48462,6.33846,6.45385,1736874,0.0,1.0
2018-03-09,6.46154,6.57692,6.32308,6.55385,1662310,0.0,1.0
2018-03-12,6.57692,6.59231,6.46154,6.57692,2166190,0.0,1.0
2018-03-13,6.6,6.84615,6.56154,6.70769,2553486,0.0,1.0
2018-03-14,6.61538,6.71538,6.48462,6.55385,1444404,0.0,1.0
2018-03-15,6.7,6.70769,6.46154,6.50769,1625798,0.0,1.0
2018-03-16,6.67692,6.67692,6.53077,6.63077,1526348,0.0,1.0
2018-03-19,6.54615,6.65385,6.54615,6.64615,1116292,0.0,1.0
2018-03-20,6.57692,6.72308,6.54615,6.7,1297643,0.0,1.0
2018-03-21,6.70769,7.36923,6.63846,7.06154,7416236,0.0,1.0
2018-03-22,6.92308,6.96923,6.83077,6.87692,3283163,0.0,1.0
2018-03-23,6.52308,6.69231,6.2,6.22308,2921321,0.0,1.0
2018-03-26,6.19231,6.26923,5.92308,6.26154,1687620,0.0,1.0
2018-03-27,6.32308,6.44615,6.32308,6.36923,1490454,0.0,1.0
2018-03-28,6.15385,6.38462,6.07692,6.35385,1099657,0.0,1.0
2018-03-29,6.4,6.43077,6.25385,6.4,822705,0.0,1.0
2018-03-30,6.43077,6.51538,6.35385,6.45385,1141322,0.0,1.0
2018-04-02,6.44615,6.53846,6.44615,6.52308,1751711,0.0,1.0
2018-04-03,6.46154,6.46154,6.03846,6.37692,1276886,0.0,1.0
2018-04-04,6.46154,6.5,6.24615,6.26154,1291186,0.0,1.0
2018-04-09,6.26154,6.46154,6.23846,6.35385,1051349,0.0,1.0
2018-04-10,6.33846,6.37692,6.25385,6.34615,987584,0.0,1.0
2018-04-11,6.34615,6.40769,6.30769,6.35385,1129895,0.0,1.0
2018-04-12,6.37692,6.37692,6.27692,6.31538,1007170,0.0,1.0
2018-04-13,6.41538,6.41538,6.31538,6.33077,1034072,0.0,1.0
2018-04-16,6.33077,6.37692,6.21538,6.26923,1206322,0.0,1.0
2018-04-17,6.23846,6.3,6.06154,6.06923,1057533,0.0,1.0
2018-04-18,6.07692,6.21538,6.00769,6.19231,1231981,0.0,1.0
2018-04-19,6.17692,6.26923,6.13077,6.23846,910116,0.0,1.0
2018-04-20,6.25385,6.26923,6.09231,6.11538,882497,0.0,1.0
2018-04-23,6.22308,6.33077,6.13077,6.3,3866657,0.0,1.0
2018-04-24,6.30769,6.33846,6.23846,6.32308,1472310,0.0,1.0
2018-04-25,6.34615,6.34615,6.21538,6.25385,1159154,0.0,1.0
2018-04-26,6.26923,6.28462,6.18462,6.2,1075071,0.0,1.0
2018-04-27,6.25385,6.26154,6.16154,6.17692,703716,0.0,1.0
2018-05-02,6.21538,6.21538,6.13846,6.16154,743275,0.0,1.0
2018-05-03,6.23077,6.23077,6.06154,6.2,858628,0.0,1.0
2018-05-04,6.20769,6.20769,6.13077,6.17692,1070706,0.0,1.0
2018-05-07,6.14615,6.25385,6.14615,6.24615,1249781,0.0,1.0
2018-05-08,6.25385,6.36154,6.23077,6.32308,2125252,0.0,1.0
2018-05-09,6.33077,6.39231,6.3,6.36923,1637601,0.0,1.0
2018-05-10,6.39231,6.9,6.36923,6.81538,7557559,0.0,1.0
2018-05-11,6.73077,6.73077,6.53846,6.67692,3474423,0.0,1.0
2018-05-14,6.67692,6.71538,6.47692,6.6,1867586,0.0,1.0
2018-05-15,6.58462,6.62308,6.46154,6.60769,2446665,0.0,1.0
2018-05-16,6.58462,6.63077,6.46923,6.58462,1439005,0.0,1.0
2018-05-17,6.59231,6.59231,6.49231,6.50769,1486070,0.0,1.0
2018-05-18,6.51538,6.6,6.48462,6.56154,1115205,0.0,1.0
2018-05-21,6.59231,6.67692,6.56154,6.6,2267596,0.0,1.0
2018-05-22,6.67692,6.69231,6.5,6.53077,3891370,0.0,1.0
2018-05-23,6.56154,6.57692,6.49231,6.53846,1466452,0.0,1.0
2018-05-24,6.5,6.76154,6.46923,6.7,4274720,0.0,1.0
2018-05-25,6.7,6.75385,6.57692,6.59231,2506343,0.0,1.0
2018-05-28,6.59231,6.61538,6.3,6.50769,967135,0.0,1.0
2018-05-29,6.48462,6.66154,6.38462,6.60769,2127333,0.0,1.0
2018-05-30,6.47692,6.68462,6.39231,6.50769,2433262,0.0,1.0
2018-05-31,6.52308,6.80769,6.46923,6.78462,6252954,0.0,1.0
2018-06-01,6.73077,6.84615,6.63846,6.78462,3913008,0.0,1.0
2018-06-04,6.89231,6.9,6.73077,6.84615,5483851,0.0,1.0
2018-06-05,6.81538,7,6.74615,6.79231,5584246,0.0,1.0
2018-06-06,6.76154,6.81538,6.69231,6.7,3615067,0.0,1.0
2018-06-07,6.71538,6.79231,6.53077,6.56923,2421475,0.0,1.0
2018-06-08,6.56154,6.56154,6.43077,6.46154,2115035,0.0,1.0
2018-06-11,6.43846,6.48462,6.36154,6.46923,1865578,0.0,1.0
2018-06-12,6.50769,6.50769,6.29231,6.5,1439984,0.0,1.0
2018-06-13,6.50769,6.50769,6.35385,6.47692,1126398,0.0,1.0
2018-06-14,6.38462,6.50769,6.38462,6.49231,982985,0.0,1.0
2018-06-15,6.5,6.5,6.16923,6.46923,1768273,0.0,1.0
2018-06-19,6.23846,6.58462,6.15385,6.52308,3242296,0.0,1.0
2018-06-20,6.45385,6.61538,6.35385,6.53077,1594767,0.0,1.0
2018-06-21,6.5,6.79231,6.5,6.53846,2069313,0.0,1.0
2018-06-22,6.41538,6.65385,6.36154,6.64615,1081827,0.0,1.0
2018-06-25,6.64615,6.81538,6.61538,6.76154,2162451,0.0,1.0
2018-06-26,6.65385,6.87692,6.65385,6.82308,2391004,0.0,1.0
2018-06-27,6.83846,6.83846,6.61538,6.66923,1946395,0.0,1.0
2018-06-28,6.66,6.85,6.6,6.65,1075820,0.02061,1.0
2018-06-29,6.65,6.65,5.99,6.39,13500355,0.0,1.0
2018-07-02,6.2,6.38,6.1,6.34,3650984,0.0,1.0
2018-07-03,6.3,6.54,6.25,6.48,2629615,0.0,1.0
2018-07-04,6.54,6.54,6.38,6.41,1090622,0.0,1.0
2018-07-05,6.43,6.43,6.26,6.27,1078287,0.0,1.0
2018-07-06,6.27,6.59,6.17,6.56,2395088,0.0,1.0
2018-07-09,6.5,6.65,6.46,6.6,1836549,0.0,1.0
2018-07-10,6.6,6.79,6.51,6.77,3086483,0.0,1.0
2018-07-11,6.74,6.74,6.55,6.61,1431587,0.0,1.0
2018-07-12,6.61,6.82,6.57,6.79,3619156,0.0,1.0
2018-07-13,6.73,6.82,6.61,6.77,2237083,0.0,1.0
2018-07-16,6.7,6.77,6.63,6.63,905926,0.0,1.0
2018-07-17,6.63,7.09,6.57,7.03,6388654,0.0,1.0
2018-07-18,6.98,7.09,6.89,6.98,2957054,0.0,1.0
2018-07-19,6.92,7.1,6.84,7.01,4408926,0.0,1.0
2018-07-20,6.99,7.13,6.9,7.02,2600514,0.0,1.0
2018-07-23,7,7.72,6.91,7.54,6264849,0.0,1.0
2018-07-24,7.42,7.59,7.29,7.33,6166722,0.0,1.0
2018-07-25,7.31,7.35,7.12,7.14,3872351,0.0,1.0
2018-07-26,7.11,7.28,7.04,7.26,3164552,0.0,1.0
2018-07-27,7.19,7.36,7.1,7.11,2584169,0.0,1.0
2018-07-30,7.03,7.1,6.89,6.95,1819293,0.0,1.0
2018-07-31,6.98,7.14,6.91,7.14,2622119,0.0,1.0
2018-08-01,7.14,7.37,7.05,7.11,3449488,0.0,1.0
2018-08-02,7.08,7.18,6.83,7.08,2144820,0.0,1.0
2018-08-03,7.06,7.18,7.03,7.14,1330487,0.0,1.0
2018-08-06,7.11,7.28,7.06,7.27,1697796,0.0,1.0
2018-08-07,7.3,7.53,7.2,7.52,4382915,0.0,1.0
2018-08-08,7.57,7.57,7.3,7.36,2524923,0.0,1.0
2018-08-09,7.26,7.5,7.21,7.41,2102783,0.0,1.0
2018-08-10,7.41,7.64,7.33,7.35,3951101,0.0,1.0
2018-08-13,7.28,7.34,7.15,7.26,1883550,0.0,1.0
2018-08-14,7.26,7.26,7.14,7.23,732172,0.0,1.0
2018-08-15,7.18,7.57,7.18,7.48,5066488,0.0,1.0
2018-08-16,7.41,7.64,7.33,7.57,3114464,0.0,1.0
2018-08-17,7.65,8.33,7.51,7.95,7359135,0.0,1.0
2018-08-20,7.95,8.03,7.82,7.92,2526181,0.0,1.0
2018-08-21,7.93,8.06,7.8,7.9,4161104,0.0,1.0
2018-08-22,7.95,8.07,7.84,8.06,3740308,0.0,1.0
2018-08-23,8,8.03,7.88,7.95,2147299,0.0,1.0
2018-08-24,7.86,7.95,7.82,7.84,1399548,0.0,1.0
2018-08-27,7.83,8.03,7.83,7.98,1235960,0.0,1.0
2018-08-28,7.98,8.05,7.94,8.05,1583124,0.0,1.0
2018-08-29,8.05,8.07,7.98,8.02,657576,0.0,1.0
2018-08-30,8.06,8.06,7.7,7.7,1190950,0.0,1.0
2018-08-31,7.9,7.9,7.77,7.83,814426,0.0,1.0
2018-09-03,7.85,7.98,7.79,7.92,1047404,0.0,1.0
2018-09-04,7.96,8.02,7.88,7.94,717697,0.0,1.0
2018-09-05,7.9,7.96,7.83,7.85,618262,0.0,1.0
2018-09-06,7.83,7.95,7.75,7.85,849530,0.0,1.0
2018-09-07,7.85,7.98,7.71,7.93,810421,0.0,1.0
2018-09-10,7.95,7.97,7.85,7.89,739347,0.0,1.0
2018-09-11,7.86,7.93,7.71,7.73,1229132,0.0,1.0
2018-09-12,7.8,7.92,7.74,7.88,1598758,0.0,1.0
2018-09-13,7.89,7.98,7.8,7.97,1676663,0.0,1.0
2018-09-14,7.68,7.97,7.68,7.8,701783,0.0,1.0
2018-09-17,7.8,7.85,7.73,7.77,337028,0.0,1.0
2018-09-18,7.77,7.9,7.69,7.87,386409,0.0,1.0
2018-09-19,7.89,7.95,7.85,7.93,720705,0.0,1.0
2018-09-20,7.85,7.96,7.76,7.87,546691,0.0,1.0
2018-09-21,7.74,8.04,7.74,8.04,3121433,0.0,1.0
2018-09-25,8.07,8.21,8.01,8.13,1389853,0.0,1.0
2018-09-26,8.21,8.28,8.08,8.18,1545466,0.0,1.0
2018-09-27,8.12,8.24,8.1,8.17,965071,0.0,1.0
2018-09-28,8.21,8.34,8.16,8.34,1402650,0.0,1.0
2018-10-08,8.32,8.32,8.12,8.2,802857,0.0,1.0
2018-10-09,8.23,8.23,8.06,8.16,448150,0.0,1.0
2018-10-10,8.17,8.19,8.1,8.15,314920,0.0,1.0
2018-10-11,7.81,8.1,7.75,7.93,3294163,0.0,1.0
2018-10-12,7.84,8.08,7.82,8.05,2308541,0.0,1.0
2018-10-15,7.75,8.07,7.75,7.95,954802,0.0,1.0
2018-10-16,7.96,8.07,7.83,8,1004600,0.0,1.0
2018-10-17,8,8.15,7.91,8.08,1679970,0.0,1.0
2018-10-18,8,8,7.81,7.82,1214593,0.0,1.0
2018-10-19,7.8,7.98,7.62,7.92,2074460,0.0,1.0
2018-10-22,7.91,8.4,7.9,8.3,3318225,0.0,1.0
2018-10-23,8.3,8.3,8.14,8.21,1023631,0.0,1.0
2018-10-24,8.29,8.29,8.08,8.19,753300,0.0,1.0
2018-10-25,8.02,8.16,8,8.11,446309,0.0,1.0
2018-10-26,8.16,8.16,7.8,7.92,1307953,0.0,1.0
2018-10-29,7.91,7.94,7.75,7.78,731700,0.0,1.0
2018-10-30,7.7,7.88,7.67,7.83,591693,0.0,1.0
2018-10-31,7.71,7.9,7.71,7.85,353014,0.0,1.0
2018-11-01,7.93,7.99,7.75,7.84,381958,0.0,1.0
2018-11-02,7.84,7.9,7.7,7.78,1288376,0.0,1.0
2018-11-05,7.78,7.83,7.71,7.8,1032262,0.0,1.0
2018-11-06,7.8,7.8,7.6,7.61,1155322,0.0,1.0
2018-11-07,7.71,7.91,7.62,7.9,1648834,0.0,1.0
2018-11-08,7.9,7.94,7.75,7.76,1286179,0.0,1.0
2018-11-09,7.76,7.76,7.63,7.69,505882,0.0,1.0
2018-11-12,7.69,7.8,7.65,7.76,627491,0.0,1.0
2018-11-13,7.74,7.88,7.62,7.79,1267767,0.0,1.0
2018-11-14,7.78,7.81,7.65,7.69,1468392,0.0,1.0
2018-11-15,7.7,8.12,7.66,8.06,3287892,0.0,1.0
2018-11-16,8.08,8.1,7.8,7.86,3356127,0.0,1.0
2018-11-19,7.83,7.86,7.71,7.86,1492832,0.0,1.0
2018-11-20,7.9,7.9,7.61,7.61,1419560,0.0,1.0
2018-11-21,7.57,7.7,7.43,7.65,652546,0.0,1.0
2018-11-22,7.63,7.65,7.42,7.46,1571310,0.0,1.0
2018-11-23,7.5,7.5,7.1,7.23,1363457,0.0,1.0
2018-11-26,7.17,7.31,7.17,7.28,501042,0.0,1.0
2018-11-27,7.32,7.4,7.24,7.35,689812,0.0,1.0
2018-11-28,7.28,7.36,7.1,7.36,596250,0.0,1.0
2018-11-29,7.87,8.1,7.48,8.1,11981062,0.0,1.0
2018-11-30,8.09,8.2,7.91,8.08,2932490,0.0,1.0
2018-12-03,8.11,8.23,7.98,8.11,3771065,0.0,1.0
2018-12-04,8.12,8.13,7.85,7.85,3136885,0.0,1.0
2018-12-05,7.6,7.97,7.52,7.86,2604761,0.0,1.0
2018-12-06,7.78,7.85,7.63,7.65,1471508,0.0,1.0
2018-12-07,7.72,7.82,7.67,7.77,864130,0.0,1.0
2018-12-10,7.68,8.09,7.58,7.95,1862522,0.0,1.0
2018-12-11,7.97,8.02,7.8,7.82,793555,0.0,1.0
2018-12-12,7.78,7.82,7.62,7.69,809047,0.0,1.0
2018-12-13,7.7,7.85,7.65,7.74,778090,0.0,1.0
2018-12-14,7.72,7.84,7.68,7.78,2193581,0.0,1.0
2018-12-17,7.71,7.78,7.58,7.65,1859960,0.0,1.0
2018-12-18,7.62,7.67,7.5,7.59,1827730,0.0,1.0
2018-12-19,7.59,7.62,7.56,7.58,535789,0.0,1.0
2018-12-20,7.58,7.65,7.47,7.5,521780,0.0,1.0
2018-12-21,7.5,7.58,7.47,7.52,362411,0.0,1.0
2018-12-24,7.5,7.69,7.5,7.58,479504,0.0,1.0
2018-12-25,7.61,7.61,7.3,7.5,968723,0.0,1.0
2018-12-26,7.56,7.56,7.4,7.42,324508,0.0,1.0
2018-12-27,7.52,7.66,7.43,7.55,694000,0.0,1.0
2018-12-28,7.52,7.66,7.52,7.6,592161,0.0,1.0
2019-01-02,7.68,7.82,7.59,7.63,194562,0.0,1.0
2019-01-03,7.7,7.7,7.6,7.67,531504,0.0,1.0
2019-01-04,7.66,7.72,7.47,7.72,1515774,0.0,1.0
2019-01-07,7.66,7.87,7.64,7.84,2175140,0.0,1.0
2019-01-08,7.98,7.98,7.69,7.84,3328124,0.0,1.0
2019-01-09,7.84,8,7.72,7.91,2898390,0.0,1.0
2019-01-10,7.84,7.96,7.82,7.95,2318574,0.0,1.0
2019-01-11,7.95,8.05,7.81,8.04,2634515,0.0,1.0
2019-01-14,8.04,8.74,8.04,8.5,5190443,0.0,1.0
2019-01-15,8.62,8.69,8.36,8.52,3893641,0.0,1.0
2019-01-16,8.53,8.55,8.07,8.4,4671082,0.0,1.0
2019-01-17,8.3,8.45,8.19,8.24,3330634,0.0,1.0
2019-01-18,8.24,8.97,8.24,8.8,6944873,0.0,1.0
2019-01-21,8.88,9.05,8.71,8.83,4652226,0.0,1.0
2019-01-22,8.79,8.85,8.58,8.6,3330937,0.0,1.0
2019-01-23,8.62,8.65,8.28,8.35,4424002,0.0,1.0
2019-01-24,8.35,8.43,8.16,8.23,5006485,0.0,1.0
2019-01-25,8.21,8.37,8.18,8.36,3904064,0.0,1.0
2019-01-28,8.36,8.48,8.2,8.23,2293414,0.0,1.0
2019-01-29,8.23,8.28,7.98,8.26,2046235,0.0,1.0
2019-01-30,8.26,8.33,8.17,8.28,1828779,0.0,1.0
2019-01-31,8.27,8.7,8.21,8.57,4485737,0.0,1.0
2019-02-01,8.61,8.63,8.45,8.6,1612422,0.0,1.0
2019-02-11,8.55,8.73,8.55,8.71,1930051,0.0,1.0
2019-02-12,8.86,8.86,8.48,8.6,4968782,0.0,1.0
2019-02-13,8.52,8.88,8.32,8.79,5220458,0.0,1.0
2019-02-14,8.71,8.91,8.67,8.82,4757369,0.0,1.0
2019-02-15,8.83,9,8.73,8.74,3728601,0.0,1.0
2019-02-18,8.75,8.92,8.73,8.85,4127055,0.0,1.0
2019-02-19,8.64,8.75,8.61,8.63,3081352,0.0,1.0
2019-02-20,8.66,8.71,8.42,8.57,3278636,0.0,1.0
2019-02-21,8.59,8.64,8.36,8.37,4649808,0.0,1.0
2019-02-22,8.39,8.41,8.2,8.35,4007976,0.0,1.0
2019-02-25,8.37,9.14,8.34,8.95,15017399,0.0,1.0
2019-02-26,8.83,9.59,8.75,9.57,20758799,0.0,1.0
2019-02-27,9.48,10.09,9.35,9.7,17055821,0.0,1.0
2019-02-28,9.45,9.72,9.29,9.5,12328987,0.0,1.0
2019-03-01,9.5,9.99,9.39,9.5,10974918,0.0,1.0
2019-03-04,9.6,10.15,9.23,10.15,15120404,0.0,1.0
2019-03-05,10.86,11.17,10.2,11.05,23637683,0.0,1.0
2019-03-06,10.8,11.13,10.59,10.76,9395038,0.0,1.0
2019-03-07,10.74,10.74,10.52,10.63,7027745,0.0,1.0
2019-03-08,10.44,10.49,10.15,10.22,8825255,0.0,1.0
2019-03-11,10.39,10.76,10.21,10.73,7373536,0.0,1.0
2019-03-12,10.68,10.75,10.28,10.58,6942806,0.0,1.0
2019-03-13,10.76,11.05,10.24,10.49,12609419,0.0,1.0
2019-03-14,10.5,10.5,10.03,10.34,7122451,0.0,1.0
2019-03-15,10.34,10.61,10.05,10.07,9122889,0.0,1.0
2019-03-18,10.08,10.19,9.9,10.12,7028046,0.0,1.0
2019-03-19,10.2,10.21,10,10.15,7335202,0.0,1.0
2019-03-20,10.13,10.7,10.13,10.4,7449457,0.0,1.0
2019-03-21,10.4,10.4,10.23,10.36,4676207,0.0,1.0
2019-03-22,10.38,10.38,10.11,10.16,3122910,0.0,1.0
2019-03-25,10.03,10.32,9.9,10.16,4737847,0.0,1.0
2019-03-26,10.18,10.25,9.76,9.79,4442360,0.0,1.0
2019-03-27,9.78,9.94,9.41,9.65,3672743,0.0,1.0
2019-03-28,9.6,9.74,9.49,9.72,2731020,0.0,1.0
2019-03-29,9.72,10.16,9.66,10.12,4230749,0.0,1.0
2019-04-01,10.19,10.82,10.19,10.76,9681351,0.0,1.0
2019-04-02,10.68,10.88,10.33,10.56,9525804,0.0,1.0
2019-04-03,10.55,10.75,10.34,10.61,5841249,0.0,1.0
2019-04-04,10.54,10.6,10.32,10.32,3739238,0.0,1.0
2019-04-08,10.33,10.6,10.27,10.6,7979878,0.0,1.0
2019-04-09,10.63,10.67,10.43,10.55,5786511,0.0,1.0
2019-04-10,10.43,10.75,10.4,10.73,6477129,0.0,1.0
2019-04-11,10.69,11.06,10.62,11.01,7568022,0.0,1.0
2019-04-12,11.02,11.44,10.91,11.4,9862249,0.0,1.0
2019-04-15,11.55,11.76,11,11.16,7421574,0.0,1.0
2019-04-16,11.08,11.58,11,11.58,7616212,0.0,1.0
2019-04-17,11.66,11.87,11.27,11.3,7295880,0.0,1.0
2019-04-18,11.32,11.55,11,11.01,5910184,0.0,1.0
2019-04-19,11.01,11.2,10.91,11.05,3242476,0.0,1.0
2019-04-22,11.24,11.3,10.8,10.91,5060974,0.0,1.0
2019-04-23,10.81,10.96,10.54,10.71,3891091,0.0,1.0
2019-04-24,10.75,10.8,10.4,10.8,4031857,0.0,1.0
2019-04-25,10.74,11.2,10.58,11.14,8161722,0.0,1.0
2019-04-26,11.01,11.2,10.63,10.71,6702068,0.0,1.0
2019-05-06,10.58,10.75,9.85,10.08,3547343,0.0,1.0
2019-05-07,10.02,10.52,10.02,10.23,1521517,0.0,1.0
2019-05-08,10.03,10.46,9.9,10.29,2008535,0.0,1.0
2019-05-09,10.29,10.99,10.05,10.54,4580226,0.0,1.0
2019-05-10,10.55,11,10.32,10.9,6247253,0.0,1.0
2019-05-13,10.75,11.19,10.7,10.91,3396054,0.0,1.0
2019-05-14,10.73,10.95,10.59,10.66,1573272,0.0,1.0
2019-05-15,10.65,10.86,10.52,10.85,4056604,0.0,1.0
2019-05-16,10.85,11.37,10.75,11.37,6922512,0.0,1.0
2019-05-17,11.41,11.85,11.11,11.2,11751703,0.0,1.0
2019-05-20,11.07,11.43,10.88,11.43,6834645,0.0,1.0
2019-05-21,11.43,11.85,11.23,11.28,6092458,0.0,1.0
2019-05-22,11.28,11.35,10.91,11.28,3239241,0.0,1.0
2019-05-23,11.1,11.16,10.53,10.77,4150200,0.0,1.0
2019-05-24,10.54,11.05,10.54,10.69,2473025,0.0,1.0
2019-05-27,10.75,11.12,10.62,11.1,2657061,0.0,1.0
2019-05-28,11.26,11.32,11.02,11.25,4310352,0.0,1.0
2019-05-29,11.24,11.65,11.07,11.59,3997702,0.0,1.0
2019-05-30,11.74,11.74,11.31,11.54,1201056,0.0,1.0
2019-05-31,11.53,12.2,11.44,12.03,5190569,0.0,1.0
2019-06-03,12.08,12.15,11.79,11.85,2405501,0.0,1.0
2019-06-04,11.8,11.88,11.39,11.43,2119177,0.0,1.0
2019-06-05,11.46,11.73,11.17,11.27,2383411,0.0,1.0
2019-06-06,11.28,11.32,10.83,10.85,2057734,0.0,1.0
2019-06-10,10.9,11.09,10.71,11.01,3453403,0.0,1.0
2019-06-11,11.02,11.25,10.87,11.2,3885932,0.0,1.0
2019-06-12,11.11,11.3,10.88,11.03,2969816,0.0,1.0
2019-06-13,11,11.02,10.62,10.71,2962750,0.0,1.0
2019-06-14,10.8,11.42,10.7,11.04,4695329,0.0,1.0
2019-06-19,10.74,10.78,10.42,10.56,2648717,0.0,1.0
2019-06-20,10.51,10.76,10.5,10.59,5495055,0.0,1.0
2019-06-21,10.61,10.82,10.44,10.82,4414672,0.0,1.0
2019-06-24,10.7,10.88,10.51,10.52,2900292,0.0,1.0
2019-06-25,10.62,10.62,9.95,10.32,3488774,0.0,1.0
2019-06-26,10.19,10.78,10.07,10.71,5372030,0.0,1.0
2019-06-27,10.85,11.25,10.58,11.02,4529140,0.0,1.0
2019-06-28,11.09,11.35,10.86,11.26,5066999,0.0,1.0
2019-07-01,11.48,11.95,11.18,11.49,26165384,0.0,1.0
2019-07-02,11.49,11.49,10.4,10.42,19027943,0.0,1.0
2019-07-03,10.42,10.42,9.55,9.55,12848279,0.0,1.0
2019-07-04,9.55,9.55,9.01,9.01,7663864,0.0,1.0
2019-07-05,8.91,9.15,8.88,8.97,4971100,0.0,1.0
2019-07-08,8.91,9,8.57,8.64,3603037,0.0,1.0
2019-07-09,8.57,8.8,8.57,8.77,5122038,0.0,1.0
2019-07-10,8.77,8.94,8.51,8.6,3536350,0.0,1.0
2019-07-11,8.63,8.72,8.25,8.58,4216486,0.0,1.0
2019-07-12,8.56,8.56,8.33,8.33,2680396,0.0,1.0
2019-07-15,8.36,8.42,8.17,8.37,1926854,0.0,1.0
2019-07-16,8.37,8.52,8.35,8.38,2377542,0.0,1.0
2019-07-17,8.37,8.4,8.32,8.36,1295374,0.0,1.0
2019-07-18,8.38,8.38,8.04,8.06,2830820,0.0,1.0
2019-07-19,8.16,8.25,8.07,8.1,2005000,0.0,1.0
2019-07-22,8.19,8.19,7.72,7.8,3504934,0.0,1.0
2019-07-23,7.77,7.9,7.75,7.85,2780687,0.0,1.0
2019-07-24,7.85,7.98,7.85,7.92,1949946,0.0,1.0
2019-07-25,7.95,8.02,7.92,7.98,1748032,0.0,1.0
2019-07-26,7.98,8.01,7.84,7.86,1903514,0.0,1.0
