date,open,high,low,close,volume,dividend,split
2001-01-09,10.15,10.15,10.15,10.15,200,0.0,1.0
2001-11-23,11.95,11.95,11.95,11.95,200,0.0,1.0
2001-12-31,13,13,12.75,12.75,14600,0.0,1.0
2002-01-01,12.75,12.825,12.75,12.825,4000,0.0,1.0
2002-01-02,13.05,13.05,13.05,13.05,1400,0.0,1.0
2002-01-03,13.05,13.125,13.05,13.125,200,0.0,1.0
2002-01-04,13.2,13.5,13.2,13.5,600,0.0,1.0
2002-01-07,13.5,13.5,13.5,13.5,400,0.0,1.0
2002-01-08,13.5,13.5,13.5,13.5,200,0.0,1.0
2002-01-09,13.5,13.5,13.5,13.5,200,0.0,1.0
2002-01-10,13,13.275,13,13.25,1000,0.0,1.0
2002-01-11,13.275,13.275,12.75,12.775,9000,0.0,1.0
2002-01-14,13.25,13.25,13.25,13.25,200,0.0,1.0
2002-01-15,13.875,13.875,13.825,13.825,120,0.0,1.0
2002-01-16,12.9,12.9,12.9,12.9,100,0.0,1.0
2002-01-17,13,13,13,13,800,0.0,1.0
2002-01-18,12.7,12.7,12.7,12.7,20,0.0,1.0
2002-01-22,13,13,13,13,400,0.0,1.0
2002-01-23,13,13,12.825,12.975,3000,0.0,1.0
2002-01-24,12.75,12.75,12.75,12.75,400,0.0,1.0
2002-02-04,12.75,13.125,12.25,12.5,56600,0.0,1.0
2002-02-05,12.375,12.375,12.375,12.375,1000,0.0,1.0
2002-02-06,13.5,13.5,12.6,12.6,1200,0.0,1.0
2002-02-07,12.55,12.55,12.5,12.5,30800,0.0,1.0
2002-02-08,12.625,12.625,12.625,12.625,200,0.0,1.0
2002-02-14,12.575,12.825,12.575,12.825,1800,0.0,1.0
2002-02-15,12.75,13,12.75,12.775,800,0.0,1.0
2002-02-18,12.8,12.8,12.675,12.675,1000,0.0,1.0
2002-02-19,13.1,13.1,12.75,12.75,1800,0.0,1.0
2002-02-20,12.95,12.95,12.95,12.95,800,0.0,1.0
2002-02-21,13.05,13.05,13,13,2200,0.0,1.0
2002-02-22,12.625,12.625,12.625,12.625,400,0.0,1.0
2002-02-26,12.625,12.625,12.5,12.625,1800,0.0,1.0
2002-02-28,12.8,12.8,12.8,12.8,2,0.0,1.0
2002-03-01,12.75,12.75,12.75,12.75,200,0.0,1.0
2002-03-04,12.625,12.825,12.5,12.825,2600,0.0,1.0
2002-03-05,13,13,13,13,400,0.0,1.0
2002-03-06,12.75,12.75,12.75,12.75,800,0.0,1.0
2002-03-07,13.975,14,13.75,13.75,1000,0.0,1.0
2002-03-08,13.5,14,13.5,14,1200,0.0,1.0
2002-03-11,13.65,13.65,13.65,13.65,200,0.0,1.0
2002-03-12,13.3,13.3,13.3,13.3,120,0.0,1.0
2002-03-13,13.125,13.125,12.55,12.625,3000,0.0,1.0
2002-03-14,13.125,13.125,13.125,13.125,400,0.0,1.0
2002-03-15,13.25,13.25,12.525,13,2800,0.0,1.0
2002-03-18,12.675,13,12.575,12.75,1800,0.0,1.0
2002-03-20,12.525,12.625,12.525,12.625,1200,0.0,1.0
2002-03-21,12.9,12.9,12.9,12.9,200,0.0,1.0
2002-03-22,12.6,12.775,12.6,12.775,400,0.0,1.0
2002-03-26,12.525,12.775,12.5,12.55,400,0.0,1.0
2002-03-27,12.85,12.85,12.75,12.75,400,0.0,1.0
2002-04-02,12.7,13.4,12.7,13.375,104,0.0,1.0
2002-04-05,12.5,13,12.5,12.525,4200,0.0,1.0
2002-04-08,12.95,12.95,12.6,12.6,600,0.0,1.0
2002-04-09,13,13.2,12.7,12.7,1200,0.0,1.0
2002-04-12,13,13,12.775,12.775,600,0.0,1.0
2002-04-15,12.675,13,12.625,13,3200,0.0,1.0
2002-04-16,13,13,13,13,100,0.0,1.0
2002-04-17,12.5,12.6,12.375,12.375,5400,0.0,1.0
2002-04-19,12.7,13,12.7,13,3000,0.0,1.0
2002-04-23,13.125,13.25,13.125,13.225,400,0.0,1.0
2002-04-24,12.775,12.775,12.775,12.775,1000,0.0,1.0
2002-04-25,13.475,13.475,13.475,13.475,200,0.0,1.0
2002-04-26,13,13,13,13,200,0.0,1.0
2002-04-29,12.55,14,12.55,13.95,2600,0.0,1.0
2002-04-30,13.05,16,13.05,15.75,6000,0.0,1.0
2002-05-02,14.5,14.5,13.5,13.975,2200,0.0,1.0
2002-05-03,14,14.25,13.75,13.75,600,0.0,1.0
2002-05-06,13.525,14,13.525,14,400,0.0,1.0
2002-05-07,14.45,14.55,14.45,14.55,400,0.0,1.0
2002-05-08,15.475,16,15.225,15.65,4000,0.0,1.0
2002-05-09,16,16,15.5,15.6,1000,0.0,1.0
2002-05-10,15.5,15.5,15,15.075,4000,0.0,1.0
2002-05-13,14.875,16,14.875,16,600,0.0,1.0
2002-05-14,15.025,15.025,15.025,15.025,400,0.0,1.0
2002-05-15,15,15,15,15,100,0.0,1.0
2002-05-16,13.75,13.75,13.75,13.75,100,0.0,1.0
2002-05-17,13.8,14.05,13.8,14.05,1000,0.0,1.0
2002-05-21,13.25,13.25,13.25,13.25,200,0.0,1.0
2002-05-22,13.25,13.5,13.25,13.5,800,0.0,1.0
2002-05-23,13.5,13.5,13.5,13.5,1000,0.0,1.0
2002-05-24,13,14.5,13,14.5,2000,0.0,1.0
2002-05-27,14.975,14.975,14.975,14.975,100,0.0,1.0
2002-05-29,15,15,15,15,400,0.0,1.0
2002-05-30,15,15,15,15,1000,0.0,1.0
2002-05-31,15.25,15.25,15,15.125,1600,0.0,1.0
2002-06-03,15.4,15.4,15.4,15.4,200,0.0,1.0
2002-06-04,16,16.299999,16,16.299999,3200,0.0,1.0
2002-06-06,15.75,15.75,15.5,15.5,1000,0.0,1.0
2002-06-07,15.5,15.5,15.025,15.025,400,0.0,1.0
2002-06-10,15.625,15.65,15.625,15.65,200,0.0,1.0
2002-06-11,16,17.25,16,17.25,2400,0.0,1.0
2002-06-12,18.225,20.700001,17.75,20.700001,11000,0.0,1.0
2002-06-13,21.5,22.450001,20,21.75,18000,0.0,1.0
2002-06-14,21.549999,22.549999,21.049999,22.075001,5200,0.0,1.0
2002-06-17,21.5,22.875,21.5,22.674999,8800,0.0,1.0
2002-06-18,23.5,23.5,20,20.75,11000,0.0,1.0
2002-06-19,18.799999,19.575001,18.799999,19.5,4000,0.0,1.0
2002-06-20,19.5,20,19.5,19.5,3200,0.0,1.0
2002-06-21,19.025,21.6,19,21.5,15800,0.0,1.0
2002-06-24,20.5,20.5,20.5,20.5,600,0.0,1.0
2002-06-25,20.75,20.75,20.125,20.125,1400,0.0,1.0
2002-06-26,20.375,20.450001,19.625,20.025,2600,0.0,1.0
2002-07-01,20.525,21.950001,20.5,21.950001,1000,0.0,1.0
2002-07-02,20.025,20.025,20,20,800,0.0,1.0
2002-07-03,20.225,20.225,20.225,20.225,120,0.0,1.0
2002-07-04,20.5,20.5,20.25,20.25,600,0.0,1.0
2002-07-05,20.125,20.125,20.125,20.125,800,0.0,1.0
2002-07-08,20.075001,20.075001,20.025,20.025,1000,0.0,1.0
2002-07-09,20.75,20.75,19.5,19.75,5700,0.0,1.0
2002-07-10,19.75,20,19.75,19.799999,1700,0.0,1.0
2002-07-11,19.799999,20.25,19.799999,20.025,300,0.0,1.0
2002-07-12,19.75,19.75,19.75,19.75,200,0.0,1.0
2002-07-15,19.950001,19.950001,19.950001,19.950001,1800,0.0,1.0
2002-07-17,19.700001,19.700001,19.700001,19.700001,1000,0.0,1.0
2002-07-22,17.85,17.85,17.85,17.85,220,1.38871,1.0
2002-07-23,17.5,18.225,16.6,16.6,2802,0.0,1.0
2002-07-24,18,18,17.25,17.25,700,0.0,1.0
2002-07-29,16.5,16.5,16.5,16.5,200,0.0,1.0
2002-07-30,16,16,16,16,400,0.0,1.0
2002-08-06,14.275,14.275,14.275,14.275,100,0.0,1.0
2002-08-07,15,15,15,15,200,0.0,1.0
2002-08-09,15,15,15,15,300,0.0,1.0
2002-08-16,14.75,15,14.5,14.5,600,0.0,1.0
2002-08-19,14.05,14.05,14,14,1000,0.0,1.0
2002-08-21,14,14.875,14,14.875,1000,0.0,1.0
2002-09-02,15.05,15.05,15.05,15.05,100,0.0,1.0
2002-09-03,15.025,15.025,15.025,15.025,740,0.0,1.0
2002-09-04,13.3,13.3,13.3,13.3,600,0.0,1.0
2002-09-09,13.325,14,13.325,14,1778,0.0,1.0
2002-09-12,14.9,14.95,14.9,14.925,1000,0.0,1.0
2002-09-16,14.925,15,14.925,15,1200,0.0,1.0
2002-09-18,14.5,14.5,14.5,14.5,200,0.0,1.0
2002-09-19,13.95,13.95,13.95,13.95,1354,0.0,1.0
2002-09-20,14.3,15,14.3,14.325,3800,0.0,1.0
2002-09-24,14.5,14.525,14.5,14.525,120,0.0,1.0
2002-09-25,14.95,14.95,14.95,14.95,1000,0.0,1.0
2002-09-26,15,15,15,15,1200,0.0,1.0
2002-09-27,14.25,15,14.225,14.525,6600,0.0,1.0
2002-09-30,14.725,14.75,14.675,14.75,1700,0.0,1.0
2002-10-01,14.125,14.775,14.1,14.7,600,0.0,1.0
2002-10-04,14.5,14.625,14.5,14.5,1200,0.0,1.0
2002-10-07,14.5,14.5,14.5,14.5,100,0.0,1.0
2002-10-08,14.775,14.775,14.775,14.775,200,0.0,1.0
2002-10-09,15.325,15.325,14.625,15.15,2750,0.0,1.0
2002-10-11,14.975,15,14.975,15,1200,0.0,1.0
2002-10-16,13.75,14.45,13.75,13.775,800,0.0,1.0
2002-10-17,13.75,14.075,13.75,13.9,2600,0.0,1.0
2002-10-18,14.1,14.1,14,14,1200,0.0,1.0
2002-10-21,14.025,14.025,14.025,14.025,100,0.0,1.0
2002-10-22,14.5,15,14.5,15,2800,0.0,1.0
2002-10-23,14.875,15,14.625,15,2800,0.0,1.0
2002-10-24,14.7,15,14.7,14.75,3000,0.0,1.0
2002-10-25,14.75,14.75,14.625,14.625,800,0.0,1.0
2002-10-28,13.8,13.8,13.8,13.8,300,0.0,1.0
2002-10-29,13.525,14.425,13.525,14.425,800,0.0,1.0
2002-10-30,13.025,14.3,12.5,14.3,4400,0.0,1.0
2002-10-31,13.7,14.75,13.7,14.625,2600,0.0,1.0
2002-11-01,14.25,14.25,14.25,14.25,100,0.0,1.0
2002-11-05,13.7,13.7,13.7,13.7,200,0.0,1.0
2002-11-07,14,14.2,14,14.2,300,0.0,1.0
2002-11-08,13.55,17,13.55,16.575001,3000,0.0,1.0
2002-11-11,15,15.55,14.55,14.6,1198,0.0,1.0
2002-11-12,14.75,15.45,14.275,15.375,2200,0.0,1.0
2002-11-14,15,15,15,15,700,0.0,1.0
2002-11-15,15.1,15.1,15.1,15.1,3600,0.0,1.0
2002-11-20,15.25,16.450001,15.25,16.450001,11800,0.0,1.0
2002-11-21,16.4,16.75,15.75,15.75,9400,0.0,1.0
2002-11-22,16.5,17.5,16.125,16.125,3000,0.0,1.0
2002-11-25,16,16,16,16,1600,0.0,1.0
2002-11-26,16.5,16.5,16.5,16.5,200,0.0,1.0
2002-11-27,16.65,16.65,16.5,16.65,3200,0.0,1.0
2002-11-28,16.25,17.950001,16.25,17.475,4600,0.0,1.0
2002-11-29,17.450001,17.450001,16.6,17,15500,0.0,1.0
2002-12-02,16.049999,17.5,16.049999,17.15,3400,0.0,1.0
2002-12-03,17.075001,17.25,17.075001,17.25,1000,0.0,1.0
2002-12-04,16.15,17.5,16.15,17.5,1960,0.0,1.0
2002-12-05,17.25,17.35,17.25,17.35,900,0.0,1.0
2002-12-06,17.5,18.25,17.5,17.75,2800,0.0,1.0
2002-12-09,17.5,17.75,17.5,17.625,1400,0.0,1.0
2002-12-10,16.6,18.25,16.6,18.25,2400,0.0,1.0
2002-12-11,18.25,18.5,17.9,18.424999,6600,0.0,1.0
2002-12-12,18.85,20,18.75,19.700001,8000,0.0,1.0
2002-12-13,19.075001,20.15,19.075001,19.674999,6400,0.0,1.0
2002-12-16,19.15,19.5,19.15,19.299999,1320,0.0,1.0
2002-12-17,18.25,18.65,18.025,18.525,4400,0.0,1.0
2002-12-18,19.025,19.625,19.025,19.6,3998,0.0,1.0
2002-12-19,19.275,20,19.174999,19.5,12600,0.0,1.0
2002-12-20,18,19.700001,18,19.575001,4600,0.0,1.0
2002-12-23,19.375,20,18.799999,19.625,10200,0.0,1.0
2002-12-24,18.75,19.5,18.549999,19.225,6200,0.0,1.0
2002-12-26,18.625,18.950001,18.6,18.950001,2960,0.0,1.0
2002-12-27,18.674999,19,18.674999,19,4000,0.0,1.0
2002-12-30,19.5,19.5,18.6,18.75,1200,0.0,1.0
2002-12-31,18.575001,19,18.575001,18.725,3000,0.0,1.0
2003-01-01,19,19,19,19,600,0.0,1.0
2003-01-02,19,19,19,19,1100,0.0,1.0
2003-01-03,18.799999,19,18.799999,19,6600,0.0,1.0
2003-01-06,18,18,18,18,400,0.0,1.0
2003-01-07,17.549999,18.5,17.549999,18.5,650,0.0,1.0
2003-01-08,19.1,20,19,19.875,8800,0.0,1.0
2003-01-09,19.25,19.25,18.775,18.775,900,0.0,1.0
2003-01-10,18.075001,18.5,18.075001,18.424999,2200,0.0,1.0
2003-01-13,18.6,18.6,18.125,18.5,3000,0.0,1.0
2003-01-14,18,18.5,18,18.5,2200,0.0,1.0
2003-01-15,19,19,18.65,19,852,0.0,1.0
2003-01-16,18.75,19,18.525,18.525,1200,0.0,1.0
2003-01-17,18.525,19,18.525,18.700001,2400,0.0,1.0
2003-01-20,18.6,19.125,18.6,19.125,2000,0.0,1.0
2003-01-21,18.5,19,18.5,18.674999,8000,0.0,1.0
2003-01-22,18.5,19.25,18.5,19.25,7400,0.0,1.0
2003-01-23,18.549999,19,18.5,18.5,5800,0.0,1.0
2003-01-24,18.525,19,18.525,19,6800,0.0,1.0
2003-01-27,19,19,18.75,19,13600,0.0,1.0
2003-01-28,19,19,18.450001,19,18200,0.0,1.0
2003-01-29,19,19,18.799999,18.799999,5600,0.0,1.0
2003-01-30,18.5,18.5,18.1,18.5,3200,0.0,1.0
2003-01-31,17.35,17.450001,17.35,17.424999,2200,0.0,1.0
2003-02-03,16.85,17.025,16.85,17.025,1100,0.0,1.0
2003-02-04,18.450001,18.450001,17.6,18,1800,0.0,1.0
2003-02-05,17.75,17.75,17.75,17.75,400,0.0,1.0
2003-02-06,17.049999,17.75,17.049999,17.75,2800,0.0,1.0
2003-02-07,17.875,18.125,17.575001,18.125,1800,0.0,1.0
2003-02-10,17.75,17.825001,17.75,17.825001,600,0.0,1.0
2003-02-11,17.6,17.6,17.6,17.6,300,0.0,1.0
2003-02-14,17.049999,17.125,17.049999,17.049999,1400,0.0,1.0
2003-02-17,16.5,16.5,16.5,16.5,7000,0.0,1.0
2003-02-18,16.15,16.225,16.15,16.225,500,0.0,1.0
2003-02-19,16.65,16.65,16.25,16.5,9800,0.0,1.0
2003-02-20,16.125,17.450001,16.125,17.450001,3600,0.0,1.0
2003-02-21,18.5,18.5,18.5,18.5,100,0.0,1.0
2003-02-24,17.125,17.200001,17.125,17.125,600,0.0,1.0
2003-02-25,18.25,18.25,16.825001,16.825001,4600,0.0,1.0
2003-02-26,16.875,16.924999,16.875,16.9,700,0.0,1.0
2003-02-27,16.9,16.9,16.9,16.9,200,0.0,1.0
2003-02-28,16.950001,16.950001,16.950001,16.950001,400,0.0,1.0
2003-03-03,16.799999,16.799999,16.799999,16.799999,1400,0.0,1.0
2003-03-05,16.924999,16.924999,16.924999,16.924999,2400,0.0,1.0
2003-03-06,16.575001,16.6,16.575001,16.6,2200,0.0,1.0
2003-03-10,15.725,15.725,15.725,15.725,1600,0.0,1.0
2003-03-11,16.549999,16.549999,15.75,16.075001,1600,0.0,1.0
2003-03-12,16.15,16.5,16.125,16.5,1400,0.0,1.0
2003-03-13,16.275,16.275,16.275,16.275,1400,0.0,1.0
2003-03-17,15.5,16.5,15.5,16.450001,4400,0.0,1.0
2003-03-19,16,16.25,16,16.25,4200,0.0,1.0
2003-03-20,16,16.25,16,16.200001,1320,0.0,1.0
2003-03-21,16,16.5,15.625,15.675,3800,0.0,1.0
2003-03-24,15.625,17.5,15.625,16.75,1380,0.0,1.0
2003-03-25,15.95,16.025,15.925,16.025,800,0.0,1.0
2003-03-26,16.049999,16.15,16.049999,16.15,1200,0.0,1.0
2003-03-27,16.125,16.875,16.125,16.875,7400,0.0,1.0
2003-03-28,16.875,17,16.549999,16.549999,5000,0.0,1.0
2003-03-31,16.75,16.75,16.75,16.75,600,0.0,1.0
2003-04-01,16.5,16.5,15.85,15.85,1000,0.0,1.0
2003-04-02,16.575001,16.575001,16.575001,16.575001,200,0.0,1.0
2003-04-04,16.799999,16.799999,16.799999,16.799999,200,0.0,1.0
2003-04-07,17.25,17.25,16.85,16.85,2200,0.0,1.0
2003-04-08,16.700001,17.200001,16.65,17.200001,2800,0.0,1.0
2003-04-09,16.924999,16.950001,16.924999,16.950001,600,0.0,1.0
2003-04-10,15.85,16.049999,15.85,16,400,0.0,1.0
2003-04-16,16.5,17,16.25,17,1000,0.0,1.0
2003-04-17,16.5,17,16.5,17,1960,0.0,1.0
2003-04-21,16.9,17.5,16.9,17.5,4400,0.0,1.0
2003-04-22,17.5,17.5,17.25,17.25,5800,0.0,1.0
2003-04-23,17.125,17.125,17.125,17.125,200,0.0,1.0
2003-04-24,17.125,17.25,17.125,17.125,1800,0.0,1.0
2003-04-25,17.125,17.125,17.125,17.125,200,0.0,1.0
2003-04-30,17,17,17,17,200,0.0,1.0
2003-05-02,17.25,17.25,17,17,1520,0.0,1.0
2003-05-05,16.975,17.5,16.975,17.5,1100,0.0,1.0
2003-05-06,16.9,17.5,16.625,17.5,9400,0.0,1.0
2003-05-07,17.25,17.5,17.25,17.5,2200,0.0,1.0
2003-05-08,17,17.5,16.5,17.5,3000,0.0,1.0
2003-05-09,17.424999,17.450001,17.375,17.375,1280,0.0,1.0
2003-05-12,17.35,17.375,17.125,17.125,3400,0.0,1.0
2003-05-13,17.15,18,17.125,18,1600,0.0,1.0
2003-05-14,17.5,17.5,17.225,17.225,1550,0.0,1.0
2003-05-15,17.4,18,17.4,17.775,3000,0.0,1.0
2003-05-16,17.875,17.875,17.875,17.875,600,0.0,1.0
2003-05-19,17.35,17.549999,17.35,17.5,4800,0.0,1.0
2003-05-21,17.125,17.200001,17.125,17.200001,600,0.0,1.0
2003-05-22,17.125,17.5,17.125,17.5,3200,0.0,1.0
2003-05-23,17.5,17.5,17.5,17.5,2000,0.0,1.0
2003-05-26,17.924999,18,17.5,18,1300,0.0,1.0
2003-05-27,17.549999,17.575001,17.549999,17.549999,5400,0.0,1.0
2003-05-28,17.5,18,17.5,17.924999,5400,0.0,1.0
2003-05-29,18,18,17.525,17.525,1200,0.0,1.0
2003-05-30,17.5,17.950001,17.5,17.950001,400,0.0,1.0
2003-06-02,17.375,18.25,16.85,18.25,4600,0.0,1.0
2003-06-03,19.225,19.225,17.549999,18.1,1800,0.0,1.0
2003-06-04,17.75,17.75,17.525,17.525,4200,0.0,1.0
2003-06-05,17.200001,17.5,16.700001,17.5,3000,0.0,1.0
2003-06-06,17.549999,17.549999,17.5,17.5,2596,0.0,1.0
2003-06-09,17.275,17.625,17.075001,17.625,4400,0.0,1.0
2003-06-10,17.5,17.75,17.450001,17.5,4800,0.0,1.0
2003-06-11,17.450001,17.5,17.35,17.450001,5200,0.0,1.0
2003-06-12,17.5,17.5,17.275,17.275,1396,0.0,1.0
2003-06-13,17.5,18.475,17.25,17.725,1140,0.0,1.0
2003-06-16,17.75,17.75,17.225,17.225,1560,0.0,1.0
2003-06-17,17.174999,18.125,17.174999,17.575001,2400,0.0,1.0
2003-06-18,17.625,21.075001,17.625,21.075001,23800,0.0,1.0
2003-06-19,22.200001,22.200001,19.375,19.725,10200,0.0,1.0
2003-06-20,20.5,20.5,19.625,20.200001,2400,0.0,1.0
2003-06-23,20,20,19.625,19.625,2400,0.0,1.0
2003-06-24,19.75,19.9,19.625,19.9,2600,0.0,1.0
2003-06-25,20,23,19.625,22.5,23000,0.0,1.0
2003-06-26,22.25,22.5,20.549999,21.450001,6200,0.0,1.0
2003-06-27,21.75,21.75,20.875,21.1,18200,0.0,1.0
2003-06-30,21,21,20.5,20.5,1960,0.0,1.0
2003-07-01,18.525,20.875,18.525,20.875,4400,0.0,1.0
2003-07-02,19.049999,20.450001,19.049999,20.049999,3000,0.0,1.0
2003-07-03,19.25,20.475,17.625,20,8800,0.0,1.0
2003-07-04,19,19.75,18.5,19.700001,4200,0.0,1.0
2003-07-07,18.125,19.85,18.075001,18.375,3000,0.0,1.0
2003-07-08,19,19.5,18.549999,18.549999,2600,0.0,1.0
2003-07-09,18.75,19.125,18.325001,18.35,2750,0.0,1.0
2003-07-10,18,18,17.025,17.1,3600,0.0,1.0
2003-07-11,17.25,18,17.25,17.299999,800,0.0,1.0
2003-07-14,17.25,18,17.25,17.625,5000,0.0,1.0
2003-07-15,17.75,17.75,17.075001,17.725,4800,0.0,1.0
2003-07-16,17.299999,17.975,17.125,17.9,6400,0.0,1.0
2003-07-17,17.525,18.299999,17.525,18,2800,0.0,1.0
2003-07-18,17.275,21.6,17.125,21.6,18000,0.0,1.0
2003-07-21,21.5,22.5,20,20.325001,28800,0.0,1.0
2003-07-22,20.5,20.525,20.049999,20.225,17000,0.0,1.0
2003-07-23,20.25,20.5,20.049999,20.325001,5400,0.0,1.0
2003-07-24,19.950001,19.975,19.674999,19.975,1600,0.0,1.0
2003-07-25,20.075001,20.5,20.025,20.25,6600,0.0,1.0
2003-07-28,20.049999,20.5,20.025,20.5,6400,0.0,1.0
2003-07-29,20.549999,21.049999,19.049999,20.950001,7400,0.0,1.0
2003-07-30,20.1,21.5,20.1,20.9,5400,0.0,1.0
2003-07-31,21,22,20.125,20.25,8400,0.0,1.0
2003-08-01,20.25,22.950001,20.25,21.700001,24000,0.0,1.0
2003-08-04,22.5,26,22.5,25,83600,0.0,1.0
2003-08-05,27.25,27.25,21.5,22.049999,10400,0.0,1.0
2003-08-06,21.275,23.825001,21.275,23,2400,0.0,1.0
2003-08-07,23.825001,23.825001,22.549999,22.75,3000,0.0,1.0
2003-08-08,22.5,23.35,22.5,22.75,4400,0.0,1.0
2003-08-11,22.5,22.950001,22.5,22.625,13800,0.0,1.0
2003-08-12,22.5,22.5,22,22,3200,0.0,1.0
2003-08-13,22.25,23.5,20,23.049999,26400,0.0,1.0
2003-08-14,24,24.450001,22.25,22.325001,19600,0.0,1.0
2003-08-18,22.025,22.25,21.35,21.75,18800,0.0,1.0
2003-08-19,23.450001,25.5,22,22.85,58000,0.0,1.0
2003-08-20,22.549999,23.950001,22,22.200001,21000,0.0,1.0
2003-08-21,23.4,23.4,21.924999,22.125,14400,0.0,1.0
2003-08-22,21.25,22.9,21.25,22.25,21400,0.0,1.0
2003-08-25,22.450001,22.450001,19.25,19.700001,8200,0.0,1.0
2003-08-26,20.049999,21.75,20.049999,21.424999,9800,0.0,1.0
2003-08-27,21.025,21.924999,20.775,21.275,4800,1.19568,1.0
2003-08-28,18.75,20.25,18.5,19.975,5800,0.0,1.0
2003-08-29,19.775,20.549999,19.775,19.875,5000,0.0,1.0
2003-09-01,20.450001,21.424999,20.049999,20.200001,11800,0.0,1.0
2003-09-02,21,21.75,20.549999,20.65,5000,0.0,1.0
2003-09-03,21.375,21.5,20.299999,20.75,4000,0.0,1.0
2003-09-04,20.5,20.5,19.75,19.975,4200,0.0,1.0
2003-09-05,20.950001,20.950001,20,20,4200,0.0,1.0
2003-09-08,20.5,20.950001,20.025,20.025,3400,0.0,1.0
2003-09-09,20.25,20.25,19.5,19.5,4800,0.0,1.0
2003-09-10,19.1,19.5,19,19,3000,0.0,1.0
2003-09-11,19,19.5,18.875,18.975,1800,0.0,1.0
2003-09-12,19.25,19.25,17.65,17.85,6600,0.0,1.0
2003-09-15,17.799999,18.5,17,17.1,5600,0.0,1.0
2003-09-16,17.049999,17.049999,16.174999,16.4,12800,0.0,1.0
2003-09-17,16.975,17,16.975,17,11000,0.0,1.0
2003-09-18,17,17.475,15.55,16.975,5600,0.0,1.0
2003-09-19,16,16.25,16,16,15400,0.0,1.0
2003-09-22,16.025,16.6,16,16,5400,0.0,1.0
2003-09-23,16.25,16.5,16.25,16.5,300,0.0,1.0
2003-09-24,16.525,16.525,16.25,16.25,3400,0.0,1.0
2003-09-25,17.75,17.75,16.075001,16.25,1600,0.0,1.0
2003-09-26,17.5,17.5,16.275,16.9,1000,0.0,1.0
2003-09-29,16.525,18.174999,16.525,17.5,3200,0.0,1.0
2003-09-30,18.15,18.200001,17,18,3400,0.0,1.0
2003-10-01,18.174999,18.25,17.75,17.975,5800,0.0,1.0
2003-10-03,18.25,18.25,17.049999,17.5,8600,0.0,1.0
2003-10-06,19,19,17.5,18.25,23000,0.0,1.0
2003-10-07,19.75,19.75,17.825001,18.25,3800,0.0,1.0
2003-10-08,18.275,18.375,17.299999,17.5,25000,0.0,1.0
2003-10-09,17.575001,18.375,17.5,18.35,3400,0.0,1.0
2003-10-10,18.5,18.875,18.049999,18.075001,4000,0.0,1.0
2003-10-13,18.125,19.5,18,18.950001,20200,0.0,1.0
2003-10-14,19,19,18.025,18.275,11600,0.0,1.0
2003-10-15,17.15,18.25,17,18.25,8200,0.0,1.0
2003-10-16,18.5,19,17.25,18.225,11000,0.0,1.0
2003-10-17,18.450001,19,18.025,18.375,3400,0.0,1.0
2003-10-20,18.5,18.5,18.1,18.15,4000,0.0,1.0
2003-10-21,17.625,18.125,17.5,17.549999,640,0.0,1.0
2003-10-22,17.25,17.25,17.15,17.15,800,0.0,1.0
2003-10-23,16.85,17.299999,15.975,16,8800,0.0,1.0
2003-10-24,16,17,16,16.549999,450,0.0,1.0
2003-10-27,16.75,16.75,16.75,16.75,160,0.0,1.0
2003-10-28,17,17.450001,16.825001,17.424999,3000,0.0,1.0
2003-10-29,17.25,17.25,16.625,16.625,600,0.0,1.0
2003-10-30,16,17.5,16,16.975,3000,0.0,1.0
2003-10-31,16.25,16.4,16.1,16.375,8200,0.0,1.0
2003-11-03,16.375,17.625,16.375,16.975,8400,0.0,1.0
2003-11-04,20,20,16.75,17.799999,18600,0.0,1.0
2003-11-05,18,19.5,18,18.15,17400,0.0,1.0
2003-11-06,19.174999,19.200001,18.25,18.5,9000,0.0,1.0
2003-11-07,18.15,18.924999,17.950001,18.5,8800,0.0,1.0
2003-11-10,18.049999,19.25,18.049999,19.15,8200,0.0,1.0
2003-11-11,19,20.700001,19,20,65200,0.0,1.0
2003-11-12,21.15,23.375,20.25,20.450001,135400,0.0,1.0
2003-11-13,22,23,19.325001,19.325001,25600,0.0,1.0
2003-11-14,19.549999,19.924999,19,19.025,6800,0.0,1.0
2003-11-17,19.549999,20.450001,19.424999,19.950001,16400,0.0,1.0
2003-11-18,20.1,20.25,19.5,19.525,18800,0.0,1.0
2003-11-19,21.5,21.5,19.075001,19.375,7000,0.0,1.0
2003-11-20,18.775,19.275,18.700001,18.975,12400,0.0,1.0
2003-11-21,18.75,18.975,18.15,18.549999,7000,0.0,1.0
2003-11-24,18.75,19.25,18.450001,18.450001,8000,0.0,1.0
2003-11-25,19.450001,20.200001,18.799999,19.5,7600,0.0,1.0
2003-11-27,19.975,20,19,19,10200,0.0,1.0
2003-11-28,19.5,20,19.125,19.575001,13800,0.0,1.0
2003-12-01,19.875,20.5,19.075001,19.375,27400,0.0,1.0
2003-12-02,19.5,20.200001,19.5,20.025,13400,0.0,1.0
2003-12-03,21,21.75,20.125,20.75,64600,0.0,1.0
2003-12-04,20.35,21,20.25,20.275,30600,0.0,1.0
2003-12-05,20.5,20.9,19.6,19.950001,17200,0.0,1.0
2003-12-08,20.950001,20.950001,19.875,20.125,9800,0.0,1.0
2003-12-09,20.75,20.75,20,20.375,12600,0.0,1.0
2003-12-10,20.975,21.5,20.299999,20.575001,27800,0.0,1.0
2003-12-11,21.125,21.125,20.5,20.975,23800,0.0,1.0
2003-12-12,21.35,22,20.325001,21.424999,126800,0.0,1.0
2003-12-15,22.5,23,20.875,22.4,238200,0.0,1.0
2003-12-16,23.700001,23.950001,22.125,22.375,380200,0.0,1.0
2003-12-17,22.950001,23.85,22.5,22.975,315600,0.0,1.0
2003-12-18,23.25,24.5,23,23.975,281600,0.0,1.0
2003-12-19,24.950001,25,23.625,24.1,230600,0.0,1.0
2003-12-22,24.299999,27.174999,24.25,26.299999,414000,0.0,1.0
2003-12-23,26.700001,27.225,24.875,25.075001,141200,0.0,1.0
2003-12-24,25.549999,26,25.174999,25.475,142400,0.0,1.0
2003-12-26,26.25,27.625,25.549999,26.950001,249600,0.0,1.0
2003-12-29,27.625,28.5,27,27.424999,172400,0.0,1.0
2003-12-30,27.275,27.549999,25.049999,25.5,79800,0.0,1.0
2003-12-31,25.525,25.525,24.5,24.875,52000,0.0,1.0
2004-01-01,25.25,26.5,25.25,26.424999,67600,0.0,1.0
2004-01-02,27.200001,28.5,25.424999,28.200001,258000,0.0,1.0
2004-01-05,30.5,32.450001,29,30.375,682000,0.0,1.0
2004-01-06,30.85,31.75,28.549999,29.025,178200,0.0,1.0
2004-01-07,29,29.924999,28.200001,29.275,94600,0.0,1.0
2004-01-08,29.5,31.5,28.975,31.225,108200,0.0,1.0
2004-01-09,31.549999,33,29.5,29.825001,104800,0.0,1.0
2004-01-12,31.6,31.6,28.5,28.5,63200,0.0,1.0
2004-01-13,29,29.700001,25.674999,27.549999,61200,0.0,1.0
2004-01-14,27.299999,29,27.299999,28.775,25000,0.0,1.0
2004-01-15,28.975,28.975,27.25,27.525,22600,0.0,1.0
2004-01-16,26.799999,27.450001,25.5,26.225,43800,0.0,1.0
2004-01-19,25.5,26.450001,24.049999,25.75,66200,0.0,1.0
2004-01-20,26.450001,26.799999,25.049999,25.549999,34000,0.0,1.0
2004-01-21,25,25,22.549999,22.875,71600,0.0,1.0
2004-01-22,21.025,23.5,21.025,23.125,67400,0.0,1.0
2004-01-23,22.85,24.25,22.5,23.424999,32000,0.0,1.0
2004-01-27,23.75,24.700001,23.5,24.375,34000,0.0,1.0
2004-01-28,24.75,25,23.5,24.200001,15000,0.0,1.0
2004-01-29,24.6,24.6,23.75,24,13400,0.0,1.0
2004-01-30,23.35,23.6,22,22.049999,16000,0.0,1.0
2004-02-03,21,22.15,20.5,20.625,32400,0.0,1.0
2004-02-04,21.75,21.799999,21,21.325001,19000,0.0,1.0
2004-02-05,21.5,22,21.049999,21.174999,18600,0.0,1.0
2004-02-06,20.549999,21.700001,20.549999,21.450001,39600,0.0,1.0
2004-02-09,21,22,20.4,22,11000,0.0,1.0
2004-02-10,22.275,22.775,21.5,21.549999,11600,0.0,1.0
2004-02-11,21.975,23.5,21.75,22.525,17000,0.0,1.0
2004-02-12,22.5,23.5,22.35,22.725,18400,0.0,1.0
2004-02-13,22.375,22.85,22.375,22.75,20200,0.0,1.0
2004-02-16,22.075001,23.225,21.625,21.875,22800,0.0,1.0
2004-02-17,22.325001,22.325001,21.75,21.924999,5600,0.0,1.0
2004-02-18,22.025,22.299999,21.5,21.674999,17200,0.0,1.0
2004-02-19,21.549999,21.924999,20.9,21.125,10800,0.0,1.0
2004-02-20,20.475,21,20.25,21,97000,0.0,1.0
2004-02-23,21.5,21.5,19.5,20,26000,0.0,1.0
2004-02-24,18.775,20,18.775,19.5,36400,0.0,1.0
2004-02-25,19.325001,19.85,19.299999,19.5,11600,0.0,1.0
2004-02-26,19.575001,21,19.549999,19.9,6000,0.0,1.0
2004-02-27,19.375,20.424999,19.375,19.9,14200,0.0,1.0
2004-03-01,21.450001,21.450001,19.025,20.225,4800,0.0,1.0
2004-03-03,20.299999,21,20.299999,20.5,3800,0.0,1.0
2004-03-04,19.775,19.775,18.5,19.5,14200,0.0,1.0
2004-03-05,20,20.35,19.049999,20.049999,7000,0.0,1.0
2004-03-08,20.5,20.5,19.75,19.75,4600,0.0,1.0
2004-03-09,20,20,18.5,19.200001,10000,0.0,1.0
2004-03-10,18.6,19.75,18.5,19.225,9600,0.0,1.0
2004-03-11,19.25,19.475,19.225,19.35,4000,0.0,1.0
2004-03-12,18.299999,18.875,17.5,18.049999,12800,0.0,1.0
2004-03-15,18.25,19,18,18.125,6800,0.0,1.0
2004-03-16,18.225,18.475,17.75,18.299999,53800,0.0,1.0
2004-03-17,18.225,18.25,17.975,18.049999,7200,0.0,1.0
2004-03-18,18,18.200001,17.75,17.9,10400,0.0,1.0
2004-03-19,17.525,18.375,17.049999,18,18400,0.0,1.0
2004-03-22,17.4,17.65,16.9,17.15,8000,0.0,1.0
2004-03-23,17.5,17.5,16.049999,16.5,16800,0.0,1.0
2004-03-24,16.525,16.625,16.049999,16.174999,6800,0.0,1.0
2004-03-25,16.725,16.75,16.075001,16.35,19400,0.0,1.0
2004-03-26,16.4,19.6,16.4,19.225,29200,0.0,1.0
2004-03-29,19.975,19.975,17.9,18.075001,9800,0.0,1.0
2004-03-30,19.25,20.15,19,19.825001,6000,0.0,1.0
2004-03-31,20.25,20.25,18.525,19.225,13000,0.0,1.0
2004-04-01,19.75,20.424999,19.4,20.025,16600,0.0,1.0
2004-04-02,20.025,20.75,20.025,20.424999,12400,0.0,1.0
2004-04-05,20.450001,20.875,20.450001,20.65,9400,0.0,1.0
2004-04-06,20.975,20.975,19.549999,19.674999,5200,0.0,1.0
2004-04-07,19.875,20,19.65,20,2756,0.0,1.0
2004-04-08,19.25,20.299999,19.25,20.025,6400,0.0,1.0
2004-04-12,20,20.549999,20,20.375,9200,0.0,1.0
2004-04-13,20.299999,20.75,20.275,20.450001,5000,0.0,1.0
2004-04-15,21.424999,21.450001,20.75,20.85,10600,0.0,1.0
2004-04-16,21.049999,21.950001,21.025,21.225,8800,0.0,1.0
2004-04-19,21.75,22.049999,21.25,21.375,16400,0.0,1.0
2004-04-20,21.5,21.5,20.25,20.625,4400,0.0,1.0
2004-04-21,20.6,21.9,20.6,21.174999,9800,0.0,1.0
2004-04-22,21.549999,23.25,21.5,22.674999,32400,0.0,1.0
2004-04-23,22.950001,23.75,22.950001,23.049999,30600,0.0,1.0
2004-04-27,21.25,22.225,20.625,21.075001,32200,0.0,1.0
2004-04-28,19.5,22.5,19.5,22.35,27800,0.0,1.0
2004-04-29,22,23.025,21.6,22.174999,36000,0.0,1.0
2004-04-30,22.625,23.700001,21.9,23.025,73600,0.0,1.0
2004-05-03,22.025,22.450001,21.65,22.049999,17000,0.0,1.0
2004-05-04,23.700001,24,23.049999,23.725,28000,0.0,1.0
2004-05-05,24.299999,24.5,23.65,24.200001,58800,0.0,1.0
2004-05-06,25.450001,29.025,24.674999,25.4,88000,0.0,1.0
2004-05-07,26.25,26.25,24.5,24.65,47800,0.0,1.0
2004-05-10,24.1,24.125,23,23.275,22400,0.0,1.0
2004-05-11,24.125,24.125,21.25,21.725,25400,0.0,1.0
2004-05-12,22.1,22.475,21.75,21.875,15400,0.0,1.0
2004-05-13,21.9,24.5,21.075001,23.424999,45200,0.0,1.0
2004-05-14,24.5,24.5,19,20.450001,37400,0.0,1.0
2004-05-17,19.25,20.375,17.5,18.549999,17000,0.0,1.0
2004-05-18,18.25,20.25,18.25,19.924999,24200,0.0,1.0
2004-05-19,21,21.799999,20.049999,21.575001,9400,0.0,1.0
2004-05-20,22.25,23.475,21.700001,21.75,21600,0.0,1.0
2004-05-21,20.5,22.25,20.5,22.25,7000,0.0,1.0
2004-05-24,21.65,22.4,21.65,21.875,26400,0.0,1.0
2004-05-25,21.075001,21.700001,21.049999,21.6,13000,0.0,1.0
2004-05-26,21.125,21.85,20.75,20.9,35800,0.0,1.0
2004-05-27,20.9,22.25,20.9,21.6,17400,0.0,1.0
2004-05-28,20.75,21.25,19.799999,19.799999,10200,0.0,1.0
2004-05-31,19,19.450001,18.5,18.75,8000,0.0,1.0
2004-06-01,19.1,20.5,19.1,19.725,4400,0.0,1.0
2004-06-02,19.25,19.975,19.25,19.85,8200,0.0,1.0
2004-06-03,19.525,19.799999,19.049999,19.049999,3800,0.0,1.0
2004-06-04,19,19,18.5,18.799999,9200,0.0,1.0
2004-06-07,18.875,19.5,18.875,19.174999,3000,0.0,1.0
2004-06-08,19.1,19.5,19.1,19.5,400,0.0,1.0
2004-06-09,19.924999,20.5,19.575001,20.125,7200,0.0,1.0
2004-06-10,20.325001,20.35,19.75,19.975,1400,0.0,1.0
2004-06-11,19.75,20.450001,18.75,19.075001,7800,0.0,1.0
2004-06-14,18.15,19.225,18.075001,18.075001,5800,0.0,1.0
2004-06-15,18.950001,19.225,18.450001,18.725,2600,0.0,1.0
2004-06-16,18.325001,18.4,18.275,18.275,2400,0.0,1.0
2004-06-17,18.25,18.299999,18,18,2600,0.0,1.0
2004-06-18,18.25,18.5,17.375,17.9,24400,0.0,1.0
2004-06-21,17.5,17.875,17.5,17.6,1572,0.0,1.0
2004-06-22,17.375,18.25,17.375,18.225,5000,0.0,1.0
2004-06-23,18.025,18.5,17.450001,17.5,5800,0.0,1.0
2004-06-24,17.700001,17.775,16.6,17.5,8000,0.0,1.0
2004-06-25,18,18.75,18,18.1,2400,0.0,1.0
2004-06-28,18.5,18.924999,18.25,18.625,7600,0.0,1.0
2004-06-29,18.625,19,18.424999,18.65,10400,0.0,1.0
2004-06-30,18.125,18.6,18.125,18.25,900,0.0,1.0
2004-07-01,19.450001,19.450001,18.075001,18.375,6200,0.0,1.0
2004-07-02,18.5,18.9,18.5,18.700001,2550,0.0,1.0
2004-07-05,18.475,18.799999,18.450001,18.5,2000,0.0,1.0
2004-07-06,18.825001,19.25,18.5,19.025,8600,0.0,1.0
2004-07-07,19.5,19.625,19.075001,19.075001,8000,0.0,1.0
2004-07-08,19.424999,19.9,18,18,15200,0.0,1.0
2004-07-09,18.25,18.825001,18.25,18.325001,1800,0.0,1.0
2004-07-12,18.450001,18.5,18.25,18.275,4000,0.0,1.0
2004-07-13,18.5,18.975,18.049999,18.450001,4600,0.0,1.0
2004-07-14,18.275,18.5,17.625,17.674999,5200,0.0,1.0
2004-07-15,18.025,18.825001,17.9,18.549999,8200,0.0,1.0
2004-07-16,18.5,19.299999,18.275,19.125,9000,0.0,1.0
2004-07-19,18,19.475,18,19.25,5800,0.0,1.0
2004-07-20,19,19.725,19,19.625,4400,0.0,1.0
2004-07-21,20.35,20.35,19.15,19.275,8400,0.0,1.0
2004-07-22,20.75,20.75,18.975,19.049999,13000,0.0,1.0
2004-07-23,19.75,20.375,19.049999,20.15,25000,0.0,1.0
2004-07-26,21.15,21.5,20.25,20.924999,46200,0.0,1.0
2004-07-27,22.125,22.5,19.5,19.65,16600,0.0,1.0
2004-07-28,20,20.125,19.6,19.75,4400,0.0,1.0
2004-07-29,20.9,20.9,19.75,19.875,8000,0.0,1.0
2004-07-30,20.049999,20.85,20,20.075001,14000,0.0,1.0
2004-08-02,20.275,20.924999,20.275,20.525,15200,0.0,1.0
2004-08-03,20.625,21.700001,20.525,21.025,75600,0.0,1.0
2004-08-04,21.450001,22.25,20.9,21.325001,30400,0.0,1.0
2004-08-05,21.75,22.25,21.35,21.5,21800,0.0,1.0
2004-08-06,21.85,22.174999,21,21.475,21600,0.0,1.0
2004-08-09,21.700001,22.75,21.5,22.549999,52400,0.0,1.0
2004-08-10,22.975,23,22.049999,22.25,25200,0.0,1.0
2004-08-11,21.525,21.9,21.25,21.299999,10400,0.0,1.0
2004-08-12,21.375,21.85,21,21.125,15600,0.0,1.0
2004-08-13,21.5,22.450001,21.325001,22.174999,34200,0.0,1.0
2004-08-16,22,22.75,21.825001,22.35,26600,0.0,1.0
2004-08-17,22.799999,23.25,22.625,23.125,47200,0.0,1.0
2004-08-18,23.25,25,23,24.25,111200,0.0,1.0
2004-08-19,24.5,24.75,23.75,24.375,59800,0.0,1.0
2004-08-20,24.75,25,24,24.25,61200,0.0,1.0
2004-08-23,24.200001,24.200001,23,23.4,18000,1.40862,1.0
2004-08-24,24.125,24.25,23.5,23.6,19400,0.0,1.0
2004-08-25,23.5,24.25,23.325001,23.549999,21600,0.0,1.0
2004-08-26,23.65,24.1,23.5,23.575001,13000,0.0,1.0
2004-08-27,23.775,23.85,23.25,23.450001,10200,0.0,1.0
2004-08-30,24,24.5,23.5,24.375,25600,0.0,1.0
2004-08-31,24.15,24.475,23.85,24.299999,22600,0.0,1.0
2004-09-01,24.075001,25.950001,24.075001,25.075001,67400,0.0,1.0
2004-09-02,23.75,25.25,23.75,24.075001,25600,0.0,1.0
2004-09-03,22.35,23.5,22.325001,23.225,27200,0.0,1.0
2004-09-06,23.5,24.25,23.125,23.375,15600,0.0,1.0
2004-09-07,23.5,24.375,23.5,23.575001,13200,0.0,1.0
2004-09-08,25.25,25.25,23.85,23.975,13400,0.0,1.0
2004-09-09,23.75,24.125,23.125,23.275,9600,0.0,1.0
2004-09-10,23.25,25,23.25,24.35,28600,0.0,1.0
2004-09-13,24.25,25.9,24,24.15,51800,0.0,1.0
2004-09-14,24.424999,24.6,23.25,23.575001,20600,0.0,1.0
2004-09-15,24,24.125,23.25,23.549999,27200,0.0,1.0
2004-09-16,23.85,24.5,23.799999,24.325001,45600,0.0,1.0
2004-09-17,24.5,25.450001,24.5,25.299999,107000,0.0,1.0
2004-09-20,26.25,26.424999,24.75,25.049999,79200,0.0,1.0
2004-09-21,25.5,25.950001,25,25.075001,32800,0.0,1.0
2004-09-22,25.25,25.6,24.950001,25.299999,47600,0.0,1.0
2004-09-23,24.75,25.025,24.049999,24.200001,12600,0.0,1.0
2004-09-24,24.1,24.85,24.1,24.475,25000,0.0,1.0
2004-09-27,24.85,24.85,23.75,23.825001,17400,0.0,1.0
2004-09-28,24.075001,24.5,23.75,23.975,20200,0.0,1.0
2004-09-29,22,24.025,22,23.799999,34400,0.0,1.0
2004-09-30,24.625,24.875,24,24.450001,58000,0.0,1.0
2004-10-01,23.875,25.25,23.875,25.075001,55400,0.0,1.0
2004-10-04,25.6,26.375,25,25.549999,96200,0.0,1.0
2004-10-05,25.9,25.9,25.049999,25.299999,35000,0.0,1.0
2004-10-06,25.725,26.5,25.35,25.424999,61800,0.0,1.0
2004-10-07,25.950001,26.75,25.875,26.125,79600,0.0,1.0
2004-10-08,26.450001,26.450001,25.575001,25.700001,39600,0.0,1.0
2004-10-11,26.049999,28.75,26.049999,27.674999,174200,0.0,1.0
2004-10-12,28,28.475,26.275,26.575001,44200,0.0,1.0
2004-10-14,26.075001,26.725,25.65,26.174999,31200,0.0,1.0
2004-10-15,25.700001,26.5,24.375,24.725,38200,0.0,1.0
2004-10-18,26.375,26.375,24.6,24.775,39000,0.0,1.0
2004-10-19,26.875,26.875,24.700001,24.85,77800,0.0,1.0
2004-10-20,25.6,26.700001,24.75,25.549999,43600,0.0,1.0
2004-10-21,25.625,26.25,25.5,25.725,24600,0.0,1.0
2004-10-25,26.375,26.4,25.174999,25.25,16600,0.0,1.0
2004-10-26,27.375,27.375,24.799999,25.15,35600,0.0,1.0
2004-10-27,25.5,26.200001,25.174999,25.5,18200,0.0,1.0
2004-10-28,29,29,25.75,26.825001,44400,0.0,1.0
2004-10-29,27.424999,27.85,26.25,26.450001,38400,0.0,1.0
2004-11-01,27,27,26.275,26.299999,8200,0.0,1.0
2004-11-02,26.5,27,26.5,26.725,35600,0.0,1.0
2004-11-03,26.549999,28.700001,26.549999,27.950001,94400,0.0,1.0
2004-11-04,28.65,28.65,27.275,27.35,29800,0.0,1.0
2004-11-05,26.5,28.75,26.5,28.299999,102400,0.0,1.0
2004-11-08,29.1,29.200001,28.174999,28.299999,165400,0.0,1.0
2004-11-09,28.5,28.549999,27.5,27.825001,23200,0.0,1.0
2004-11-10,28.625,28.625,27.35,28.125,36800,0.0,1.0
2004-11-11,27.9,28.35,27.125,27.950001,43600,0.0,1.0
2004-11-12,28.5,28.825001,28,28.4,19400,0.0,1.0
2004-11-16,27.625,29.375,27.625,29.25,49000,0.0,1.0
2004-11-17,29.049999,30,29.049999,29.424999,81000,0.0,1.0
2004-11-18,29.674999,29.825001,28,28.9,37200,0.0,1.0
2004-11-19,29.424999,30.075001,28.549999,28.875,80172,0.0,1.0
2004-11-22,26.825001,29.424999,26.825001,29,14000,0.0,1.0
2004-11-23,29.825001,30.85,29,29.85,79000,0.0,1.0
2004-11-24,30.85,31.4,30.275,30.475,66800,0.0,1.0
2004-11-25,31.25,32,30.5,30.950001,65800,0.0,1.0
2004-11-29,29.950001,30.85,29.950001,30.049999,26200,0.0,1.0
2004-11-30,30.5,30.725,27.5,27.9,56600,0.0,1.0
2004-12-01,27.799999,29.475,27.799999,28.674999,25600,0.0,1.0
2004-12-02,28.549999,30,28.549999,29.325001,36800,0.0,1.0
2004-12-03,29.525,31,28.9,29.424999,79000,0.0,1.0
2004-12-06,29.375,31,29.25,30.775,66600,0.0,1.0
2004-12-07,30.15,31.6,30,30.625,93400,0.0,1.0
2004-12-08,31,31,29.5,29.674999,39600,0.0,1.0
2004-12-09,30.525,30.950001,30,30.549999,30800,0.0,1.0
2004-12-10,30.525,31.200001,29,29.475,63600,0.0,1.0
2004-12-13,30.5,31.4,30.25,31,63600,0.0,1.0
2004-12-14,31.950001,32.5,31,32.099998,114200,0.0,1.0
2004-12-15,32.400002,32.400002,30.75,30.975,51400,0.0,1.0
2004-12-16,30.625,32.200001,30.075001,31.35,61600,0.0,1.0
2004-12-17,31.9,32.224998,30.325001,30.525,42800,0.0,1.0
2004-12-20,31.924999,32.825001,31.15,32.599998,85600,0.0,1.0
2004-12-21,33,33.474998,31.525,32.150002,60000,0.0,1.0
2004-12-22,35.5,35.5,30.775,31.025,49400,0.0,1.0
2004-12-23,32.299999,32.299999,31.5,31.924999,31800,0.0,1.0
2004-12-24,32,34.5,32,33.299999,186800,0.0,1.0
2004-12-27,33.525002,34.950001,33.450001,33.825001,62600,0.0,1.0
2004-12-28,36,36,33.5,33.625,66600,0.0,1.0
2004-12-29,34.25,34.25,32.674999,33.325001,74200,0.0,1.0
2004-12-30,34.799999,34.825001,32.549999,32.974998,49800,0.0,1.0
2004-12-31,33.049999,33.75,33,33.125,45400,0.0,1.0
2005-01-03,33.900002,34.75,33.625,34.174999,43600,0.0,1.0
2005-01-04,33.75,36.400002,33.75,35.549999,151000,0.0,1.0
2005-01-05,36.424999,37.450001,33.025002,34.474998,220000,0.0,1.0
2005-01-06,35,35,31.5,33.549999,137200,0.0,1.0
2005-01-07,33.75,35.950001,33.299999,35.700001,112800,0.0,1.0
2005-01-10,36,37.25,35.25,35.650002,164600,0.0,1.0
2005-01-11,35.25,35.5,33.5,33.599998,62600,0.0,1.0
2005-01-12,33.950001,34.674999,31.75,32.224998,74800,0.0,1.0
2005-01-13,33.950001,34.224998,33,33.450001,80600,0.0,1.0
2005-01-14,35.674999,36.75,33.849998,34.724998,126400,0.0,1.0
2005-01-17,33.775002,34.650002,32.200001,33.75,42800,0.0,1.0
2005-01-18,33.875,35.5,32.5,33.299999,69800,0.0,1.0
2005-01-19,34.349998,35.299999,33,34.174999,44400,0.0,1.0
2005-01-20,35.299999,35.299999,32.5,34.224998,47400,0.0,1.0
2005-01-24,34.849998,34.849998,32.549999,32.799999,32800,0.0,1.0
2005-01-25,33.049999,34.25,33,33.200001,16200,0.0,1.0
2005-01-27,32.900002,34,32.75,32.849998,57000,0.0,1.0
2005-01-28,33.700001,34.125,33.5,33.950001,51800,0.0,1.0
2005-01-31,34.5,34.5,32.75,33,76400,0.0,1.0
2005-02-01,26.5,34.125,26.5,33.5,31400,0.0,1.0
2005-02-02,35.174999,35.174999,33.125,34.075001,37400,0.0,1.0
2005-02-03,33.900002,35.5,33.900002,34.924999,110400,0.0,1.0
2005-02-04,35.5,36.25,34.5,35.75,114800,0.0,1.0
2005-02-07,36.25,36.5,35,35.400002,104400,0.0,1.0
2005-02-08,36,36,35.299999,35.674999,48000,0.0,1.0
2005-02-09,35.5,36,35,35.275002,73800,0.0,1.0
2005-02-10,36,36.5,35.424999,35.799999,77600,0.0,1.0
2005-02-11,37.674999,37.674999,35.599998,35.825001,60400,0.0,1.0
2005-02-14,37.875,37.875,35.400002,35.525002,31600,0.0,1.0
2005-02-15,35.099998,35.375,34.5,34.650002,28800,0.0,1.0
2005-02-16,34.775002,35,33.75,33.775002,31800,0.0,1.0
2005-02-17,34.375,34.375,33,33.424999,14800,0.0,1.0
2005-02-18,34.474998,34.474998,33.5,33.724998,10400,0.0,1.0
2005-02-21,33.75,34.474998,33.25,33.5,9800,0.0,1.0
2005-02-22,33.275002,33.5,33,33.299999,21200,0.0,1.0
2005-02-23,33.075001,34.474998,33,33.474998,26600,0.0,1.0
2005-02-24,33.525002,34,33,33.299999,13000,0.0,1.0
2005-02-25,33.575001,34.25,33.049999,33.424999,50800,0.0,1.0
2005-02-28,33.849998,34.599998,33.150002,33.950001,31000,0.0,1.0
2005-03-01,34.5,34.5,33.75,33.900002,19400,0.0,1.0
2005-03-02,34,36,34,35.375,67600,0.0,1.0
2005-03-03,34.974998,35.650002,34.974998,35.349998,39400,0.0,1.0
2005-03-04,35.549999,35.75,34.700001,34.900002,44800,0.0,1.0
2005-03-07,35.25,35.75,34.625,35.299999,36800,0.0,1.0
2005-03-08,35.474998,35.5,34.5,35.075001,32800,0.0,1.0
2005-03-09,34.950001,35.474998,33.875,34.724998,36600,0.0,1.0
2005-03-10,35.5,40.900002,34.5,34.825001,38600,0.0,1.0
2005-03-11,35.950001,36,34.25,34.275002,34200,0.0,1.0
2005-03-14,35.25,37.5,34.150002,34.224998,18000,0.0,1.0
2005-03-15,32.525002,34.5,32.525002,33.650002,22600,0.0,1.0
2005-03-16,34.5,34.700001,34.049999,34.325001,17000,0.0,1.0
2005-03-17,34.5,35,33.575001,34,10800,0.0,1.0
2005-03-18,33.549999,34.25,33.549999,33.974998,12800,0.0,1.0
2005-03-21,33.5,35.950001,33.174999,33.424999,13400,0.0,1.0
2005-03-22,33.299999,33.875,32.5,32.75,22000,0.0,1.0
2005-03-23,32.5,33.200001,32.075001,32.200001,23600,0.0,1.0
2005-03-24,32,32.400002,30.525,30.9,34600,0.0,1.0
2005-03-28,31.125,31.875,30.5,31.25,10000,0.0,1.0
2005-03-29,31.125,31.125,29.5,29.525,25400,0.0,1.0
2005-03-30,30,31.424999,30,30.875,2600,0.0,1.0
2005-03-31,31.725,32,31.424999,31.825001,4400,0.0,1.0
2005-04-01,31.75,34,31.75,33.150002,4000,0.0,1.0
2005-04-04,33.200001,33.5,32.375,32.400002,22200,0.0,1.0
2005-04-05,32.299999,32.75,32,32.075001,14000,0.0,1.0
2005-04-06,32,32.950001,32,32.825001,14600,0.0,1.0
2005-04-07,33.125,33.25,32.049999,32.200001,8600,0.0,1.0
2005-04-08,32.450001,32.450001,31.674999,31.9,14000,0.0,1.0
2005-04-11,28.525,32,28.525,31.35,14200,0.0,1.0
2005-04-12,31.35,31.525,30.5,31.125,20000,0.0,1.0
2005-04-13,31.525,32.950001,31.25,31.825001,25600,0.0,1.0
2005-04-15,32.474998,32.474998,31.025,31.325001,8000,0.0,1.0
2005-04-18,30.5,31.1,30.225,30.950001,6874,0.0,1.0
2005-04-19,31,31.85,30.5,30.5,9200,0.0,1.0
2005-04-20,30.5,31,30.200001,30.775,8800,0.0,1.0
2005-04-21,31,31.5,31,31,6200,0.0,1.0
2005-04-22,31.5,32,31.35,31.6,9150,0.0,1.0
2005-04-25,31.725,32.875,31.725,32.150002,19800,0.0,1.0
2005-04-26,32.349998,32.549999,31.6,31.9,11450,0.0,1.0
2005-04-27,32.450001,32.700001,31.25,31.375,3348,0.0,1.0
2005-04-28,31.35,31.625,31.15,31.225,6950,0.0,1.0
2005-04-29,31.025,31.200001,30.25,30.924999,9464,0.0,1.0
2005-05-02,30.75,30.875,30.1,30.450001,6342,0.0,1.0
2005-05-03,30.75,31.5,30.75,31.025,9474,0.0,1.0
2005-05-04,31.450001,31.525,31.049999,31.200001,5800,0.0,1.0
2005-05-05,32.150002,32.724998,31.200001,31.35,14792,0.0,1.0
2005-05-06,31.125,32,31.125,31.825001,7800,0.0,1.0
2005-05-09,32,32.849998,31.924999,32.525002,15116,0.0,1.0
2005-05-10,32.5,34.549999,32.5,33.775002,32212,0.0,1.0
2005-05-11,31.450001,34.25,31.450001,33.025002,19194,0.0,1.0
2005-05-12,33,33.549999,33,33.474998,7580,0.0,1.0
2005-05-13,33.5,34.75,33.5,34.325001,32000,0.0,1.0
2005-05-16,35,36.5,34.525002,35.150002,52868,0.0,1.0
2005-05-17,35.5,35.5,34.025002,34.299999,29200,0.0,1.0
2005-05-18,33.5,34.5,33.5,34.099998,11274,0.0,1.0
2005-05-19,34.200001,34.549999,33.525002,33.599998,11700,0.0,1.0
2005-05-20,33.5,34.400002,33.5,33.724998,10970,0.0,1.0
2005-05-23,33.599998,34.5,33.275002,33.924999,7400,0.0,1.0
2005-05-24,34.25,34.974998,34.025002,34.224998,19050,0.0,1.0
2005-05-25,34.849998,34.849998,34,34.049999,21300,0.0,1.0
2005-05-26,33.25,34.5,33.25,33.674999,1800,0.0,1.0
2005-05-27,33.549999,34.474998,33.049999,33.275002,11600,0.0,1.0
2005-05-30,33.950001,34,32.825001,32.950001,2944,0.0,1.0
2005-05-31,32.849998,34,32.525002,32.950001,2400,0.0,1.0
2005-06-01,33.025002,34,32.799999,33,16600,0.0,1.0
2005-06-02,33.125,33.5,32.5,32.900002,7560,0.0,1.0
2005-06-03,33.049999,33.349998,32.700001,32.775002,7410,0.0,1.0
2005-06-06,33.75,33.950001,33,33.25,21602,0.0,1.0
2005-06-07,32.049999,33.5,32.049999,33.299999,12200,0.0,1.0
2005-06-08,33.450001,33.5,33.075001,33.474998,7200,0.0,1.0
2005-06-09,32.775002,33.650002,32.525002,33.474998,22200,0.0,1.0
2005-06-10,33.275002,33.650002,33.25,33.525002,13000,0.0,1.0
2005-06-13,34.125,38.900002,33.75,37.474998,233600,0.0,1.0
2005-06-14,38.200001,38.200001,36,36.200001,25600,0.0,1.0
2005-06-15,36.900002,36.900002,35.150002,35.849998,27832,0.0,1.0
2005-06-16,35.599998,35.625,34,34.049999,23000,0.0,1.0
2005-06-17,34.974998,34.974998,33.5,33.849998,18800,0.0,1.0
2005-06-20,35.400002,35.400002,33.575001,33.950001,10700,0.0,1.0
2005-06-21,34.25,34.849998,33.549999,34.299999,13400,0.0,1.0
2005-06-22,34.450001,34.650002,33.5,34.075001,14150,0.0,1.0
2005-06-23,33.549999,35,33.299999,34.799999,15850,0.0,1.0
2005-06-24,34.5,36.25,33.849998,34.125,40200,0.0,1.0
2005-06-27,34.5,34.5,31.5,31.674999,72564,0.0,1.0
2005-06-28,31.450001,31.825001,31,31.65,13294,0.0,1.0
2005-06-29,32.5,32.5,31.049999,31.5,7754,0.0,1.0
2005-06-30,32.099998,32.224998,31.4,31.6,7800,0.0,1.0
2005-07-01,32,32.224998,31.275,31.825001,15800,0.0,1.0
2005-07-04,31.049999,32.325001,31,31.299999,25600,0.0,1.0
2005-07-05,31.575001,32.349998,31.375,31.625,7800,0.0,1.0
2005-07-06,31.950001,32.599998,31.6,32.424999,20200,0.0,1.0
2005-07-07,32.5,33.200001,31.5,31.700001,15200,0.0,1.0
2005-07-08,31.75,31.875,31.65,31.75,6600,0.0,1.0
2005-07-11,32.25,33.450001,32.25,32.650002,17400,0.0,1.0
2005-07-12,32,34.5,32,33.599998,44000,0.0,1.0
2005-07-13,34.200001,35,33.525002,33.625,20600,0.0,1.0
2005-07-14,34.174999,35,33.525002,34.525002,20400,0.0,1.0
2005-07-15,35.150002,35.150002,34.275002,34.650002,21672,0.0,1.0
2005-07-18,31.025,35.125,31.025,34.025002,15400,0.0,1.0
2005-07-19,33.75,36.450001,33.5,34.974998,53800,0.0,1.0
2005-07-20,35.724998,36.049999,34.5,34.75,32600,0.0,1.0
2005-07-21,35.450001,35.5,33.575001,33.575001,17000,0.0,1.0
2005-07-22,34.049999,34.474998,33.5,34.200001,10408,0.0,1.0
2005-07-25,32.75,34.575001,32.5,34.275002,23000,0.0,1.0
2005-07-26,33,34.25,33,34.200001,14910,0.0,1.0
2005-07-27,34,34.150002,33.75,33.799999,7428,0.0,1.0
2005-07-29,33.325001,34.450001,33.125,33.724998,9800,0.0,1.0
2005-08-01,33,33.674999,32.325001,33.349998,8580,0.0,1.0
2005-08-02,33.525002,34.375,33.5,33.974998,10854,0.0,1.0
2005-08-03,33.799999,33.799999,32.5,32.700001,13600,0.0,1.0
2005-08-04,32.549999,33,32.25,32.650002,22000,0.0,1.0
2005-08-05,32.525002,33.25,32.5,32.575001,19580,0.0,1.0
2005-08-08,33,33,32.299999,32.5,16200,0.0,1.0
2005-08-09,33,33.5,32.424999,32.724998,7406,0.0,1.0
2005-08-10,32.799999,34.200001,32.75,32.849998,16400,0.0,1.0
2005-08-11,33,33.674999,32.525002,32.974998,11752,0.0,1.0
2005-08-12,33.025002,33.950001,32.724998,33.474998,16400,0.0,1.0
2005-08-16,32.825001,35,32.825001,34.5,16600,0.0,1.0
2005-08-17,34.875,40.049999,34.875,36.875,140000,0.0,1.0
2005-08-18,37.525002,41.25,37.525002,38.75,169800,0.0,1.0
2005-08-19,39.5,40.5,38.674999,40.049999,107800,0.0,1.0
2005-08-22,40.5,41.950001,38.525002,39.049999,120000,0.0,1.0
2005-08-23,40.5,40.5,37,37.75,32200,0.0,1.0
2005-08-24,37.5,37.900002,35.075001,35.924999,33800,0.0,1.0
2005-08-25,38.549999,38.549999,36.875,37.799999,65488,0.0,1.0
2005-08-26,38.5,38.5,37.049999,37.650002,17800,1.53239,1.0
2005-08-29,38,40.25,35.849998,39.575001,43960,0.0,1.0
2005-08-30,41.700001,42,39.625,39.900002,44800,0.0,1.0
2005-08-31,41.174999,42,40.5,41.049999,54398,0.0,1.0
2005-09-01,42,42,39.049999,40.049999,29200,0.0,1.0
2005-09-02,40.5,42.150002,40.5,40.950001,74700,0.0,1.0
2005-09-05,42.450001,43.299999,41.150002,42.125,86600,0.0,1.0
2005-09-06,42.450001,42.450001,40.549999,41.025002,20058,0.0,1.0
2005-09-08,41,41.275002,40.025002,40.25,30892,0.0,1.0
2005-09-09,42.450001,42.450001,39.25,39.674999,21800,0.0,1.0
2005-09-12,39.5,42.875,39.5,42.174999,84400,0.0,1.0
2005-09-13,43,43,40.75,41.5,26696,0.0,1.0
2005-09-14,39.049999,41.950001,39.049999,40.349998,29146,0.0,1.0
2005-09-15,40.525002,41.5,40.25,41.400002,15554,0.0,1.0
2005-09-16,41.599998,43.25,41,41.474998,56612,0.0,1.0
2005-09-19,42.450001,46.5,41.25,45.349998,206600,0.0,1.0
2005-09-20,44.025002,45.224998,42.75,43.349998,79800,0.0,1.0
2005-09-21,41.299999,42.5,39.525002,41.25,79974,0.0,1.0
2005-09-22,41,41.25,36.799999,37.275002,79418,0.0,1.0
2005-09-23,40,40,36.25,38.125,33200,0.0,1.0
2005-09-26,39,40.974998,39,40.875,19200,0.0,1.0
2005-09-27,41.25,41.5,40,40.075001,11442,0.0,1.0
2005-09-28,40.049999,41.25,39.599998,40.424999,13488,0.0,1.0
2005-09-29,39.849998,41,39,39.200001,17800,0.0,1.0
2005-09-30,38.049999,38.5,37,37.950001,31200,0.0,1.0
2005-10-03,36.025002,41,36.025002,38.474998,14026,0.0,1.0
2005-10-04,39.075001,40.200001,39.075001,39.549999,8362,0.0,1.0
2005-10-05,38.5,39.075001,38.5,38.549999,6400,0.0,1.0
2005-10-06,37.549999,38.5,37,37.950001,13596,0.0,1.0
2005-10-07,37.450001,38,37.325001,38,5200,0.0,1.0
2005-10-10,38.025002,38.025002,37.5,37.549999,5794,0.0,1.0
2005-10-11,37.25,37.625,36.775002,37.575001,5400,0.0,1.0
2005-10-13,37.75,38,37.099998,37.25,3000,0.0,1.0
2005-10-14,37,37.5,36.25,36.650002,10400,0.0,1.0
2005-10-17,34.849998,35.599998,34.849998,35,8000,0.0,1.0
2005-10-18,34.525002,35.25,34.049999,34.075001,21700,0.0,1.0
2005-10-19,32.799999,34.5,32.525002,32.575001,6720,0.0,1.0
2005-10-20,33.900002,34,33,33,7400,0.0,1.0
2005-10-21,31.700001,35,31.625,34.224998,14300,0.0,1.0
2005-10-24,35.5,35.5,32.825001,33.625,15320,0.0,1.0
2005-10-25,33.700001,34.325001,33,33.049999,9654,0.0,1.0
2005-10-26,33.275002,34.125,33,33.099998,3200,0.0,1.0
2005-10-27,33.099998,33.325001,32.5,32.525002,9750,0.0,1.0
2005-10-28,33,33,31.35,31.549999,6600,0.0,1.0
2005-10-31,31.5,32.474998,31.5,31.625,1932,0.0,1.0
2005-11-02,33.200001,33.25,31.799999,32.775002,2560,0.0,1.0
2005-11-07,33,33.75,31.75,33.275002,4410,0.0,1.0
2005-11-08,34.625,34.924999,34,34.525002,3400,0.0,1.0
2005-11-09,34.875,35.025002,34.299999,34.775002,24400,0.0,1.0
2005-11-10,34.450001,35,34.349998,34.724998,2302,0.0,1.0
2005-11-11,35.375,35.375,34.5,34.575001,3590,0.0,1.0
2005-11-14,34.650002,36.424999,34.650002,35.75,8240,0.0,1.0
2005-11-16,35.849998,37,35.450001,36.424999,4200,0.0,1.0
2005-11-17,36.5,36.575001,35.825001,36.349998,3542,0.0,1.0
2005-11-18,36.049999,38.25,36.049999,37.049999,20194,0.0,1.0
2005-11-21,38.400002,38.450001,36.75,36.974998,6402,0.0,1.0
2005-11-22,36.375,37.025002,36,36.125,3100,0.0,1.0
2005-11-23,36.200001,36.650002,36.125,36.174999,794,0.0,1.0
2005-11-24,36.049999,36.900002,36,36.474998,7000,0.0,1.0
2005-11-25,36.299999,37.200001,36.25,36.549999,4320,0.0,1.0
2005-11-28,36.25,37.25,36.25,36.875,8500,0.0,1.0
2005-11-29,36.299999,36.900002,36.299999,36.474998,2382,0.0,1.0
2005-11-30,36.625,36.75,36.5,36.575001,8800,0.0,1.0
2005-12-01,36.325001,36.974998,36,36.599998,8568,0.0,1.0
2005-12-02,36.5,36.674999,36,36.450001,11700,0.0,1.0
2005-12-05,36,36.575001,36,36.174999,3640,0.0,1.0
2005-12-06,35.799999,36.5,35.75,36.025002,5380,0.0,1.0
2005-12-07,35.25,36.650002,35.25,36.474998,4110,0.0,1.0
2005-12-08,36.299999,36.299999,35.950001,36,4200,0.0,1.0
2005-12-09,35.525002,36.375,35.525002,36.375,5600,0.0,1.0
2005-12-12,36.5,36.5,35.575001,35.825001,6600,0.0,1.0
2005-12-13,35.674999,36.900002,35.674999,36.299999,21800,0.0,1.0
2005-12-14,35.875,35.875,35.025002,35.424999,10624,0.0,1.0
2005-12-15,35,35.424999,34.424999,34.700001,8150,0.0,1.0
2005-12-16,35.049999,35.849998,34.125,35.400002,19400,0.0,1.0
2005-12-19,35.5,36.224998,35.5,35.775002,25260,0.0,1.0
2005-12-20,35.424999,35.625,35,35,6200,0.0,1.0
2005-12-21,35.875,35.875,35.049999,35.049999,4000,0.0,1.0
2005-12-22,35,35.424999,35,35.099998,4900,0.0,1.0
2005-12-23,35.125,35.125,34.5,34.525002,20600,0.0,1.0
2005-12-26,34.299999,34.299999,32.275002,33.474998,12916,0.0,1.0
2005-12-27,30,33.75,30,33.549999,51964,0.0,1.0
2005-12-28,34,34,33.25,33.25,1796,0.0,1.0
2005-12-29,33.950001,35,33.25,34.174999,14600,0.0,1.0
2005-12-30,34,34.424999,33.674999,33.924999,3200,0.0,1.0
2006-01-02,34.5,35.025002,34,35,9600,0.0,1.0
2006-01-03,34.400002,36.325001,34.400002,36.224998,11528,0.0,1.0
2006-01-04,38,38,35.5,37.025002,23000,0.0,1.0
2006-01-05,36.5,37.5,35.950001,36.924999,12800,0.0,1.0
2006-01-06,35.799999,40.700001,35.75,39.875,112800,0.0,1.0
2006-01-09,40.924999,41,38.25,38.525002,32000,0.0,1.0
2006-01-10,38.950001,39.150002,37.549999,38.150002,20248,0.0,1.0
2006-01-12,38.400002,38.400002,37,37.200001,10572,0.0,1.0
2006-01-13,38.549999,38.549999,37.025002,37.075001,15980,0.0,1.0
2006-01-16,36.599998,37.924999,36.599998,37.424999,4200,0.0,1.0
2006-01-17,37.400002,37.674999,36.75,36.775002,5000,0.0,1.0
2006-01-18,35.825001,36.825001,35.75,36.375,2448,0.0,1.0
2006-01-19,36.950001,37.900002,36.799999,37.474998,27000,0.0,1.0
2006-01-20,37.825001,39.5,37.299999,37.450001,21000,0.0,1.0
2006-01-23,39.25,39.25,37.375,37.599998,19654,0.0,1.0
2006-01-24,37.775002,38.200001,37.075001,37.825001,28600,0.0,1.0
2006-01-25,37.5,37.974998,36.5,36.924999,22180,0.0,1.0
2006-01-27,36.75,38,36.5,36.650002,16622,0.0,1.0
2006-01-30,37,37,34.025002,34.575001,39000,0.0,1.0
2006-01-31,34.349998,35.849998,34.349998,35.025002,16542,0.0,1.0
2006-02-01,35.25,35.25,33.5,33.650002,11366,0.0,1.0
2006-02-02,33.674999,34.349998,33.5,33.950001,10476,0.0,1.0
2006-02-03,35.200001,35.549999,35.025002,35.474998,3600,0.0,1.0
2006-02-06,35,35.974998,34.125,34.25,24612,0.0,1.0
2006-02-07,34.625,35.349998,34,34.974998,15674,0.0,1.0
2006-02-08,34.099998,36,34.099998,35.275002,6626,0.0,1.0
2006-02-10,35.549999,35.549999,34.625,34.875,4000,0.0,1.0
2006-02-13,36.150002,36.150002,35.049999,35.25,2108,0.0,1.0
2006-02-14,35.049999,35.549999,34.575001,34.974998,6650,0.0,1.0
2006-02-15,35.349998,35.349998,34.5,34.625,3000,0.0,1.0
2006-02-16,34.75,37.5,34.75,36.299999,26400,0.0,1.0
2006-02-17,37,37.75,35,35.049999,28658,0.0,1.0
2006-02-20,36.875,36.875,33.900002,35.375,6200,0.0,1.0
2006-02-21,36.674999,36.875,35.5,35.825001,8420,0.0,1.0
2006-02-22,33.325001,41,33.325001,38.375,241600,0.0,1.0
2006-02-23,39.799999,39.799999,36.5,36.950001,62400,0.0,1.0
2006-02-24,37.25,38.200001,36.575001,37.275002,26516,0.0,1.0
2006-02-27,39.950001,39.950001,38.049999,38.375,29538,0.0,1.0
2006-02-28,38.450001,39.625,37.25,39.375,43400,0.0,1.0
2006-03-01,39.349998,42.25,39.349998,41.125,190200,0.0,1.0
2006-03-02,41.900002,43.5,39.049999,39.275002,118600,0.0,1.0
2006-03-03,39.099998,41.5,38.525002,40.525002,42404,0.0,1.0
2006-03-06,40.099998,42.224998,40,41.875,66400,0.0,1.0
2006-03-07,42.424999,43.474998,41,42.924999,154400,0.0,1.0
2006-03-08,43.5,44.950001,41.5,41.799999,313600,0.0,1.0
2006-03-09,42.224998,44.25,41.625,43.875,96000,0.0,1.0
2006-03-10,44,46.75,43.5,44,153400,0.0,1.0
2006-03-13,44.900002,47.450001,44,44.224998,128000,0.0,1.0
2006-03-14,44.5,45.575001,42.549999,42.900002,69400,0.0,1.0
2006-03-16,43.474998,43.75,41.775002,42.125,44200,0.0,1.0
2006-03-17,42,43.25,41.5,41.974998,61800,0.0,1.0
2006-03-20,42.5,43,41.5,41.849998,26600,0.0,1.0
2006-03-21,42.25,42.5,40.75,41.275002,23800,0.0,1.0
2006-03-22,40.5,42.474998,40.5,42.075001,36200,0.0,1.0
2006-03-23,41.75,42.474998,41.5,42.025002,28720,0.0,1.0
2006-03-24,41.599998,42,41,41.775002,38746,0.0,1.0
2006-03-27,42.349998,44.375,42.349998,44,22600,0.0,1.0
2006-03-28,47,47,42.5,42.75,8200,0.0,1.0
2006-03-29,43.950001,43.950001,43.025002,43.474998,6104,0.0,1.0
2006-03-30,44.224998,44.599998,43.599998,43.674999,11352,0.0,1.0
2006-03-31,44.375,46.5,43.5,44.525002,61542,0.0,1.0
2006-04-03,45.349998,46.875,45.125,46.5,48800,0.0,1.0
2006-04-04,46.5,49.700001,46.150002,49.375,116400,0.0,1.0
2006-04-05,51,57.849998,49.5,56.349998,302800,0.0,1.0
2006-04-07,55.049999,61.849998,55.049999,58.575001,279800,0.0,1.0
2006-04-10,60,67,58.049999,66.099998,143400,0.0,1.0
2006-04-12,68.675003,70.474998,62.625,64.074997,167000,0.0,1.0
2006-04-13,63.799999,65,62.25,63.849998,127148,0.0,1.0
2006-04-17,66.5,70.224998,62.549999,70.224998,122000,0.0,1.0
2006-04-18,74,77.224998,74,77.224998,119800,0.0,1.0
2006-04-19,84.400002,84.5,73.125,75.099998,224364,0.0,1.0
2006-04-20,77.5,82.599998,74.5,81.474998,137800,0.0,1.0
2006-04-21,84.849998,85,77.525002,81.400002,111600,0.0,1.0
2006-04-24,81,83.875,77.5,78.849998,41948,0.0,1.0
2006-04-25,79.5,81.199997,76.75,78.224998,55880,0.0,1.0
2006-04-26,77.5,80.5,76.074997,79.650002,37094,0.0,1.0
2006-04-27,86,86,78.5,79.025002,33886,0.0,1.0
2006-04-28,75.099998,78.5,75.099998,78,34184,0.0,1.0
2006-05-02,85.5,85.974998,85.449997,85.974998,62000,0.0,1.0
2006-05-03,90,90.224998,81.699997,82.849998,72986,0.0,1.0
2006-05-04,83,83,78.724998,79.675003,33800,0.0,1.0
2006-05-05,76.025002,82,76.025002,77.824997,26102,0.0,1.0
2006-05-08,80.224998,81.699997,75,81.699997,40000,0.0,1.0
2006-05-09,80.050003,84.5,80.050003,82.074997,12218,0.0,1.0
2006-05-10,79.025002,82,77.974998,78,31200,0.0,1.0
2006-05-11,77.5,78,74.5,76.724998,13358,0.0,1.0
2006-05-12,76.25,77.949997,72.900002,72.900002,20600,0.0,1.0
2006-05-15,69.525002,72,69.300003,69.724998,20914,0.0,1.0
2006-05-16,67.5,70.25,66.25,69.125,18500,0.0,1.0
2006-05-17,70,72.550003,70,72.550003,23400,0.0,1.0
2006-05-18,69.025002,70,68.925003,68.925003,6400,0.0,1.0
2006-05-19,70.5,70.5,65.5,65.5,10800,0.0,1.0
2006-05-22,63.549999,64.25,62.25,62.25,15600,0.0,1.0
2006-05-23,60.900002,65,59.150002,65,35600,0.0,1.0
2006-05-24,67.25,67.25,62.625,65.449997,9400,0.0,1.0
2006-05-25,67.5,67.5,62.650002,65.425003,12202,0.0,1.0
2006-05-26,67.199997,68.675003,66,66.699997,17512,0.0,1.0
2006-05-29,68.5,69.449997,66,67.525002,5712,0.0,1.0
2006-05-30,68.5,68.5,64.150002,65.425003,8756,0.0,1.0
2006-05-31,63.049999,64.875,62.174999,64.824997,9200,0.0,1.0
2006-06-01,62.525002,62.525002,61.599998,61.599998,4000,0.0,1.0
2006-06-02,60,60,58.525002,59.200001,33234,0.0,1.0
2006-06-05,60.5,62.150002,58.700001,59.299999,9636,0.0,1.0
2006-06-06,58,58,56.349998,56.400002,21800,0.0,1.0
2006-06-07,53.599998,56.5,53.599998,54.924999,36078,0.0,1.0
2006-06-08,52.5,53.5,52.200001,52.200001,8800,0.0,1.0
2006-06-09,49.599998,54.75,49.599998,52.025002,35200,0.0,1.0
2006-06-12,51.549999,53.474998,51.549999,52.200001,2642,0.0,1.0
2006-06-13,50,50.900002,49.599998,50.049999,6420,0.0,1.0
2006-06-14,51,52.549999,50,50.025002,11470,0.0,1.0
2006-06-15,50.549999,52.525002,50.5,52.150002,13804,0.0,1.0
2006-06-16,52,54.75,52,53.799999,11890,0.0,1.0
2006-06-19,51.450001,56.474998,51.450001,56.474998,7200,0.0,1.0
2006-06-20,59.275002,59.275002,55,57.549999,14260,0.0,1.0
2006-06-21,60.400002,60.424999,59.549999,60.25,25250,0.0,1.0
2006-06-22,61.5,63.25,61.5,63.150002,8900,0.0,1.0
2006-06-23,62.900002,64.5,61.775002,63.700001,14874,0.0,1.0
2006-06-26,62.025002,62.450001,59.5,59.599998,4388,0.0,1.0
2006-06-27,57.5,60,56.75,59.150002,2410,0.0,1.0
2006-06-28,57.5,59.5,56.599998,58.974998,4470,0.0,1.0
2006-06-29,59.625,59.625,56.5,56.650002,2726,0.0,1.0
2006-06-30,58.5,59.474998,58.275002,58.625,5600,0.0,1.0
2006-07-03,60.5,61.549999,60.474998,61.549999,8000,0.0,1.0
2006-07-04,62.5,64.625,62.5,64.599998,30602,0.0,1.0
2006-07-05,63.674999,67.824997,63.674999,67.75,56886,0.0,1.0
2006-07-06,67.75,70.849998,66.050003,70.400002,23868,0.0,1.0
2006-07-07,70,71,66.900002,67.025002,11300,0.0,1.0
2006-07-10,64.150002,67.5,64.050003,66.949997,14364,0.0,1.0
2006-07-11,67,70.275002,65.150002,69.525002,13390,0.0,1.0
2006-07-12,70.525002,73,67,73,42600,0.0,1.0
2006-07-13,75.474998,76,73,74.775002,17600,0.0,1.0
2006-07-14,73,78.474998,71.5,77.824997,19612,0.0,1.0
2006-07-17,78,80.025002,75.824997,77,52400,0.0,1.0
2006-07-18,75,76.800003,73.175003,73.474998,31030,1.90291,1.0
2006-07-19,77.125,77.125,72.025002,72.474998,39400,0.0,1.0
2006-07-20,73,74.224998,72.5,73,23980,0.0,1.0
2006-07-21,73.5,73.5,69.375,69.375,8200,0.0,1.0
2006-07-24,65.925003,67.5,65.925003,66.449997,19800,0.0,1.0
2006-07-25,67,69.75,66.625,69.724998,9400,0.0,1.0
2006-07-26,68.125,73,67.75,70.949997,7600,0.0,1.0
2006-07-27,73.449997,74.474998,72.050003,74.375,22790,0.0,1.0
2006-07-28,73.050003,73.050003,70.675003,70.75,41400,0.0,1.0
2006-07-31,72.025002,72.875,70.525002,70.824997,11150,0.0,1.0
2006-08-01,71.400002,71.400002,68.25,69.949997,4800,0.0,1.0
2006-08-02,70,72.400002,70,70.675003,9000,0.0,1.0
2006-08-03,73.224998,74.199997,72.724998,74.199997,40000,0.0,1.0
2006-08-04,74.5,77.900002,70.5,73.025002,112800,0.0,1.0
2006-08-07,72.150002,72.25,71.150002,72,6762,0.0,1.0
2006-08-08,71.275002,75.550003,71.275002,73.925003,9800,0.0,1.0
2006-08-09,76.125,77.599998,75.5,77.599998,65600,0.0,1.0
2006-08-10,81.474998,81.474998,78.050003,79.775002,220556,0.0,1.0
2006-08-11,81.625,81.75,76.5,78.5,75200,0.0,1.0
2006-08-14,79,82.425003,78.25,82.425003,107600,0.0,1.0
2006-08-16,86.525002,86.525002,86.474998,86.525002,108000,0.0,1.0
2006-08-17,88.150002,90.849998,83.175003,84.900002,99600,0.0,1.0
2006-08-18,84.900002,87,83.349998,84.025002,37000,0.0,1.0
2006-08-21,85,86.5,82.824997,84.375,28400,0.0,1.0
2006-08-22,86.449997,86.449997,82,82.300003,23086,0.0,1.0
2006-08-23,84.5,84.5,81.349998,81.824997,9530,0.0,1.0
2006-08-24,81.025002,83.349998,81.025002,82.599998,6600,0.0,1.0
2006-08-25,84,85.5,82.550003,84.449997,12040,0.0,1.0
2006-08-28,82.550003,84.400002,82,82.650002,13868,0.0,1.0
2006-08-29,83,84,80.775002,81.699997,19800,0.0,1.0
2006-08-30,82,84,81.099998,82.625,28600,0.0,1.0
2006-08-31,82.625,84.5,80,82.375,35232,0.0,1.0
2006-09-01,80,81.875,80,81.175003,7758,0.0,1.0
2006-09-04,82.800003,85.224998,82,85.224998,82600,0.0,1.0
2006-09-05,86.400002,89.474998,86,89.349998,168800,0.0,1.0
2006-09-06,90.75,91.949997,88.275002,88.949997,137000,0.0,1.0
2006-09-07,86.625,89.550003,86.574997,87.75,26600,0.0,1.0
2006-09-08,89.25,92.125,87.5,92.125,69200,0.0,1.0
2006-09-11,94.699997,96.650002,87.525002,87.574997,80800,0.0,1.0
2006-09-12,87,89.5,84.599998,87.925003,15200,0.0,1.0
2006-09-13,90.375,92,89.050003,90.925003,36200,0.0,1.0
2006-09-14,91.125,92.75,89,90.550003,62200,0.0,1.0
2006-09-15,91.25,95.074997,91.25,95.074997,243400,0.0,1.0
2006-09-18,97,97,91.5,92.025002,91400,0.0,1.0
2006-09-19,92.5,92.949997,87.5,88.099998,34000,0.0,1.0
2006-09-20,87.699997,89,86.300003,88.449997,32600,0.0,1.0
2006-09-21,91,92.5,89.099998,92.074997,60600,0.0,1.0
2006-09-22,92,94.400002,90.099998,91.5,35600,0.0,1.0
2006-09-25,91,93.375,90.050003,91.925003,26822,0.0,1.0
2006-09-26,92.300003,92.5,90.150002,90.650002,19410,0.0,1.0
2006-09-27,89.675003,91,88.574997,89.199997,17186,0.0,1.0
2006-09-28,89.074997,89.5,88,88.425003,15190,0.0,1.0
2006-09-29,89,91.75,88.775002,90.5,41800,0.0,1.0
2006-10-03,90.050003,90.5,88.650002,89.349998,25200,0.0,1.0
2006-10-04,87.775002,93.775002,87.5,93.199997,90400,0.0,1.0
2006-10-05,93.75,97.849998,93,97.849998,240800,0.0,1.0
2006-10-06,99,101,96.574997,99,129400,0.0,1.0
2006-10-09,98.75,100,94.074997,94.074997,138000,0.0,1.0
2006-10-10,95,96.449997,91,92.074997,138400,0.0,1.0
2006-10-11,94.5,94.5,92.5,93.425003,154600,0.0,1.0
2006-10-12,93.25,96.275002,92.900002,95.074997,17098,0.0,1.0
2006-10-13,96,97.25,95.050003,95.574997,24400,0.0,1.0
2006-10-16,97.5,98.75,95,95.400002,61800,0.0,1.0
2006-10-17,94.25,96,92.074997,92.925003,27400,0.0,1.0
2006-10-18,91.550003,93,91.175003,92.150002,7874,0.0,1.0
2006-10-19,95,95,89.5,90.324997,14800,0.0,1.0
2006-10-20,91.75,91.75,90.025002,90.224998,7766,0.0,1.0
2006-10-23,92,92,89.025002,90.050003,3300,0.0,1.0
2006-10-26,90.5,91.449997,90,91.175003,4474,0.0,1.0
2006-10-27,88.074997,92.099998,88,89.349998,26324,0.0,1.0
2006-10-30,87.5,93.800003,87.5,93.800003,82600,0.0,1.0
2006-10-31,98.474998,98.474998,89.125,89.574997,91400,0.0,1.0
2006-11-01,91.224998,91.849998,89.125,89.625,20800,0.0,1.0
2006-11-02,90.050003,90.050003,88.050003,89.050003,18262,0.0,1.0
2006-11-03,90.400002,90.925003,88.525002,89.675003,13462,0.0,1.0
2006-11-06,91,91,88.050003,88.474998,17618,0.0,1.0
2006-11-07,91.5,92,84.574997,85.625,27400,0.0,1.0
2006-11-08,86.5,87.349998,82.5,83.375,26000,0.0,1.0
2006-11-09,83,85.650002,81.75,83.849998,11104,0.0,1.0
2006-11-10,84,84,80.050003,81.699997,34600,0.0,1.0
2006-11-13,83,85.775002,82.25,85.775002,21000,0.0,1.0
2006-11-14,87.75,89.75,84.699997,85.974998,26772,0.0,1.0
2006-11-15,86,86.5,83.275002,84.625,25400,0.0,1.0
2006-11-16,85.449997,89,84,84.724998,35600,0.0,1.0
2006-11-17,85,85,80.5,81.074997,22600,0.0,1.0
2006-11-20,78.574997,80,77.449997,78.025002,49200,0.0,1.0
2006-11-21,80.400002,83,78.5,81.849998,40066,0.0,1.0
2006-11-22,81.949997,83.5,81,81.550003,16000,0.0,1.0
2006-11-23,81.5,83.5,81.5,81.849998,25600,0.0,1.0
2006-11-24,82.25,83.5,80.75,81.074997,20400,0.0,1.0
2006-11-27,82.025002,83.5,78.699997,80.349998,22800,0.0,1.0
2006-11-28,78.5,80.75,78,79.900002,22600,0.0,1.0
2006-11-29,79.900002,82.724998,79.900002,81.300003,28808,0.0,1.0
2006-11-30,82.5,86.949997,82,83.650002,60600,0.0,1.0
2006-12-01,86.199997,86.699997,84.5,85.025002,27938,0.0,1.0
2006-12-04,85,87,83.5,83.900002,61600,0.0,1.0
2006-12-05,84.525002,87,84.5,85.125,31256,0.0,1.0
2006-12-06,85.125,86.25,82.25,82.599998,44388,0.0,1.0
2006-12-07,84.75,84.75,81.224998,81.849998,31200,0.0,1.0
2006-12-08,83,83,79,80.775002,31200,0.0,1.0
2006-12-11,83.5,83.5,77.525002,77.974998,29338,0.0,1.0
2006-12-12,76.074997,78,73,74.074997,31400,0.0,1.0
2006-12-13,72.5,75.5,71.5,74.699997,20498,0.0,1.0
2006-12-14,75.949997,77.5,74.625,76.349998,25486,0.0,1.0
2006-12-15,78.949997,78.949997,75.550003,76.025002,45600,0.0,1.0
2006-12-18,78.300003,78.5,75.5,75.800003,40800,0.0,1.0
2006-12-19,77.900002,77.900002,73.224998,73.849998,35200,0.0,1.0
2006-12-20,76,76,73,73.875,14162,0.0,1.0
2006-12-21,76.199997,76.25,72.800003,74.125,27436,0.0,1.0
2006-12-22,76.25,76.25,72.5,73.775002,34600,0.0,1.0
2006-12-26,75,81.150002,74.099998,80.574997,31800,0.0,1.0
2006-12-27,83.199997,83.199997,79.5,80.349998,35242,0.0,1.0
2006-12-28,81.949997,81.949997,78,79.275002,30420,0.0,1.0
2006-12-29,81.125,81.125,77,79.025002,30200,0.0,1.0
2007-01-02,81.25,85,78.550003,82.199997,27800,0.0,1.0
2007-01-03,83.5,85,81.775002,82.824997,30600,0.0,1.0
2007-01-04,84.949997,85,81.25,84.625,33800,0.0,1.0
2007-01-05,87.324997,87.474998,84.175003,85.5,75000,0.0,1.0
2007-01-08,86.75,86.75,84.275002,84.675003,26800,0.0,1.0
2007-01-09,86.900002,87,83,83.199997,30142,0.0,1.0
2007-01-10,83.5,85,82.300003,82.599998,15400,0.0,1.0
2007-01-11,84.974998,85,82.5,83.550003,11132,0.0,1.0
2007-01-12,84.974998,85.449997,82.525002,84.199997,27886,0.0,1.0
2007-01-15,86,89.900002,85.425003,87.849998,64200,0.0,1.0
2007-01-16,86.050003,91.425003,86.050003,88.400002,69000,0.0,1.0
2007-01-17,88,91,87.5,88.650002,65178,0.0,1.0
2007-01-18,87.099998,93.5,87.099998,92.800003,104000,0.0,1.0
2007-01-19,92.5,93.75,90.550003,93.199997,80400,0.0,1.0
2007-01-22,91.25,97.175003,91.25,92.449997,81606,0.0,1.0
2007-01-23,91.550003,92.5,82.5,86.800003,158552,0.0,1.0
2007-01-24,88.75,89.5,84,87.150002,41142,0.0,1.0
2007-01-25,89.300003,89.300003,85,86.25,20888,0.0,1.0
2007-01-29,87.949997,88.5,85,85.925003,22004,0.0,1.0
2007-01-31,88,90,85.574997,86.050003,68200,0.0,1.0
2007-02-01,87.75,88.150002,85.5,87.625,44000,0.0,1.0
2007-02-02,89.25,89.449997,85.525002,86.849998,40334,0.0,1.0
2007-02-05,88.650002,88.75,86,86.824997,34216,0.0,1.0
2007-02-06,88.199997,88.349998,85,86.050003,50250,0.0,1.0
2007-02-07,88.150002,88.150002,84,85.175003,44942,0.0,1.0
2007-02-08,87.25,88,85.125,87.400002,36480,0.0,1.0
2007-02-09,88.199997,89,83,84.75,42646,0.0,1.0
2007-02-12,86.699997,86.699997,80.099998,80.75,47600,0.0,1.0
2007-02-13,82.25,83.5,78.025002,79.474998,47668,0.0,1.0
2007-02-14,81.5,81.5,77.875,79.449997,34088,0.0,1.0
2007-02-15,81.5,84.925003,81.5,84.275002,14452,0.0,1.0
2007-02-19,86.25,88.5,84.300003,87.75,41228,0.0,1.0
2007-02-20,89.650002,89.650002,85.25,85.775002,40474,0.0,1.0
2007-02-21,87.949997,88,84,84.800003,25312,0.0,1.0
2007-02-22,86.699997,86.699997,82.900002,84.275002,23000,0.0,1.0
2007-02-23,83.5,83.5,80.550003,82.400002,46406,0.0,1.0
2007-02-26,83.5,86.349998,80,81.050003,15890,0.0,1.0
2007-02-27,82.474998,82.5,79.150002,79.625,5600,0.0,1.0
2007-02-28,80.800003,80.800003,73,77.699997,49800,0.0,1.0
2007-03-01,77.75,77.75,73.025002,74.550003,17536,0.0,1.0
2007-03-02,76.800003,77,73.5,73.875,9412,0.0,1.0
2007-03-05,71,71.974998,67.099998,67.550003,14008,0.0,1.0
2007-03-06,72.300003,72.5,65.099998,66.449997,14876,0.0,1.0
2007-03-07,67.300003,67.900002,62.599998,63.950001,16570,0.0,1.0
2007-03-08,63.5,66.900002,61.200001,66.074997,24400,0.0,1.0
2007-03-09,67.25,69.224998,60,62.325001,27400,0.0,1.0
2007-03-12,64.875,66.300003,62.950001,64.599998,44612,0.0,1.0
2007-03-13,65,67.474998,64.099998,64.599998,59480,0.0,1.0
2007-03-14,64.5,64.5,61.025002,62.174999,44004,0.0,1.0
2007-03-15,64.425003,64.5,62.75,62.924999,3778,0.0,1.0
2007-03-16,64,64,61.25,62,23380,0.0,1.0
2007-03-19,61.974998,65,61.75,64.050003,14302,0.0,1.0
2007-03-20,64.400002,66.949997,64.400002,66,18400,0.0,1.0
2007-03-21,66.75,67,64.25,64.5,48918,0.0,1.0
2007-03-22,66,66.5,63,63.900002,27842,0.0,1.0
2007-03-23,62.5,65.925003,61.125,62,16600,0.0,1.0
2007-03-26,60.775002,63.5,60.775002,62.875,15800,0.0,1.0
2007-03-28,61.700001,64.5,60.799999,62.849998,22064,0.0,1.0
2007-03-29,62.25,64.224998,61.599998,63.049999,30200,0.0,1.0
2007-03-30,62.75,63.75,62.5,63.099998,11242,0.0,1.0
2007-04-02,62.5,63.5,62,63.474998,3166,0.0,1.0
2007-04-03,63,64.5,63,63.950001,3880,0.0,1.0
2007-04-04,60.799999,61.950001,58.275002,61,24030,0.0,1.0
2007-04-05,61.549999,62.625,61.5,62.299999,3918,0.0,1.0
2007-04-09,62.5,65.449997,61.575001,64.599998,7084,0.0,1.0
2007-04-10,64.5,66.099998,64.5,66.025002,6476,0.0,1.0
2007-04-11,65,65.5,64.5,64.699997,2492,0.0,1.0
2007-04-12,64.599998,65.5,64,64.025002,1800,0.0,1.0
2007-04-13,65.849998,66.199997,64.050003,65.849998,7984,0.0,1.0
2007-04-16,64.5,69.449997,64.5,67.449997,8706,0.0,1.0
2007-04-17,67.574997,69.224998,67.574997,67.724998,6926,0.0,1.0
2007-04-18,69.699997,69.800003,68,69.349998,14230,0.0,1.0
2007-04-19,69.400002,70.449997,69.275002,69.949997,4032,0.0,1.0
2007-04-20,69.5,72.349998,69.5,70.199997,5000,0.0,1.0
2007-04-23,71,71,67.875,69.275002,3490,0.0,1.0
2007-04-24,69,72,69,71.224998,12604,0.0,1.0
2007-04-25,70.525002,71.949997,70.525002,71.300003,8640,0.0,1.0
2007-04-26,71.5,71.5,70.75,70.925003,4200,0.0,1.0
2007-04-27,68.599998,70.974998,68.599998,69.775002,7452,0.0,1.0
2007-04-30,67.800003,71.400002,67.5,69.900002,4220,0.0,1.0
2007-05-03,70,70.949997,69.025002,70,2800,0.0,1.0
2007-05-04,72.150002,74,70.099998,70.275002,10400,0.0,1.0
2007-05-07,71,71,69,70.425003,6096,0.0,1.0
2007-05-08,71.75,71.75,69.599998,69.900002,5600,0.0,1.0
2007-05-09,71.75,71.75,68,69.650002,12084,0.0,1.0
2007-05-10,71.75,71.75,68.949997,68.974998,11990,0.0,1.0
2007-05-11,68.5,69.625,68.050003,69.25,2644,0.0,1.0
2007-05-14,70.974998,70.974998,69.074997,70,12800,0.0,1.0
2007-05-15,69,70,68.5,69.050003,6144,0.0,1.0
2007-05-16,70.449997,70.449997,69,69,950,0.0,1.0
2007-05-17,69.199997,70.5,66.25,69.224998,11056,0.0,1.0
2007-05-18,70.300003,73.5,70,70.875,14220,0.0,1.0
2007-05-21,70.599998,71.900002,70,70.925003,5232,0.0,1.0
2007-05-22,70.074997,70.75,68.5,68.650002,10368,0.0,1.0
2007-05-23,69.125,70.425003,67.5,68.050003,11160,0.0,1.0
2007-05-24,68.5,69.800003,66.800003,67.199997,5390,0.0,1.0
2007-05-25,67.474998,69.75,66.050003,68.949997,4626,0.0,1.0
2007-05-28,69,69.974998,68,68,6400,0.0,1.0
2007-05-29,68,69,67.5,68.25,10800,0.0,1.0
2007-05-30,68.25,68.75,67.5,68.275002,15380,0.0,1.0
2007-05-31,67.525002,70,67.525002,68.675003,12040,0.0,1.0
2007-06-01,70.199997,71.5,68.75,69.324997,9786,0.0,1.0
2007-06-04,69,70,69,69.375,15648,0.0,1.0
2007-06-05,69.75,70.150002,69.125,69.775002,11440,0.0,1.0
2007-06-06,69.550003,70.324997,68,68.150002,16800,0.0,1.0
2007-06-07,69,69,65.925003,66.949997,14348,0.0,1.0
2007-06-08,65.050003,68.650002,65.050003,66.099998,8238,0.0,1.0
2007-06-11,66.525002,67.974998,60,64.824997,17758,0.0,1.0
2007-06-12,66.25,69.400002,65.025002,67.75,15200,0.0,1.0
2007-06-13,69.849998,73.5,68.599998,69.75,59362,0.0,1.0
2007-06-14,69.474998,71.400002,69.474998,70.800003,31438,0.0,1.0
2007-06-15,71,71.5,70,71.025002,28200,0.0,1.0
2007-06-18,71,71.849998,70.099998,71.150002,13228,0.0,1.0
2007-06-19,70.525002,72,70.025002,71.324997,6422,0.0,1.0
2007-06-20,70.5,75.949997,70.5,74.724998,38270,0.0,1.0
2007-06-21,75.050003,77.25,73.5,74.275002,11666,0.0,1.0
2007-06-22,73.599998,75,71.875,73.425003,10376,0.0,1.0
2007-06-25,73.099998,75,73,74.224998,8744,0.0,1.0
2007-06-26,74,75.5,74,75.375,13676,0.0,1.0
2007-06-27,75,76.5,74.474998,74.775002,9200,0.0,1.0
2007-06-28,76.5,82.925003,76.25,79.074997,64506,0.0,1.0
2007-06-29,79.5,82.5,78.550003,79.949997,44688,0.0,1.0
2007-07-02,82.449997,82.449997,77.75,79.375,31800,0.0,1.0
2007-07-03,76.5,81.400002,76.5,79.875,10944,0.0,1.0
2007-07-04,78.125,84.449997,78.125,81.775002,52000,0.0,1.0
2007-07-05,82.25,82.25,79,79.724998,18160,0.0,1.0
2007-07-06,80,82.75,80,81.125,32104,0.0,1.0
2007-07-09,82,82.974998,81.5,82.050003,11200,0.0,1.0
2007-07-10,81.025002,81.974998,80.25,80.400002,7384,0.0,1.0
2007-07-11,79,81.949997,79,80.900002,16220,0.0,1.0
2007-07-12,84.199997,84.199997,80.050003,81.699997,25086,0.0,1.0
2007-07-13,82,82.849998,80.050003,81.525002,31056,0.0,1.0
2007-07-16,81,83.675003,81,82.699997,10314,2.51399,1.0
2007-07-17,82.900002,87.224998,82.900002,85.125,43200,0.0,1.0
2007-07-18,84.849998,85,83.199997,83.949997,8200,0.0,1.0
2007-07-19,85.974998,86,83.550003,84.800003,17654,0.0,1.0
2007-07-20,85.5,86.5,84,84.849998,18556,0.0,1.0
2007-07-23,85.300003,85.75,84,85.224998,11284,0.0,1.0
2007-07-24,84.375,86.75,83.675003,83.974998,18702,0.0,1.0
2007-07-25,83.5,91.5,80.5,88.775002,61000,0.0,1.0
2007-07-26,92,92,85.675003,86.775002,51408,0.0,1.0
2007-07-27,83.525002,85,83,83.900002,32554,0.0,1.0
2007-07-30,82.025002,85.199997,82.025002,84.300003,15616,0.0,1.0
2007-07-31,83.550003,87.199997,83.449997,85.550003,22294,0.0,1.0
2007-08-01,86.25,88,82.5,83.050003,41600,0.0,1.0
2007-08-02,85.199997,87.449997,78,84.625,90600,0.0,1.0
2007-08-03,84.625,87.449997,84.625,85.050003,30532,0.0,1.0
2007-08-06,82.5,85.974998,82.5,84.5,18400,0.0,1.0
2007-08-07,86.5,86.925003,85.050003,85.675003,13362,0.0,1.0
2007-08-08,85.925003,87.75,85.699997,85.699997,42356,0.0,1.0
2007-08-09,86.550003,87.875,86.050003,86.550003,24800,0.0,1.0
2007-08-10,83.050003,88,83,86.875,27312,0.0,1.0
2007-08-13,86.5,90,86.5,89.199997,11600,0.0,1.0
2007-08-14,89,90,87.5,88.875,15992,0.0,1.0
2007-08-16,85.675003,88.849998,85.675003,87.050003,6708,0.0,1.0
2007-08-17,87.349998,87.349998,84.074997,85.449997,20472,0.0,1.0
2007-08-20,86.050003,91.199997,86.050003,89.974998,46244,0.0,1.0
2007-08-21,87.5,89.5,86.5,86.650002,17742,0.0,1.0
2007-08-22,88.949997,91,86.525002,89.974998,66668,0.0,1.0
2007-08-23,91.400002,91.75,86.550003,87.474998,17600,0.0,1.0
2007-08-24,89,90,87.550003,89.175003,11202,0.0,1.0
2007-08-27,87.550003,94,87.550003,92.974998,29030,0.0,1.0
2007-08-28,90.074997,98.074997,90.074997,97.175003,64534,0.0,1.0
2007-08-29,92.5,97.974998,92.5,97.349998,25800,0.0,1.0
2007-08-30,97.349998,99.400002,97.349998,98.824997,44606,0.0,1.0
2007-08-31,97.525002,98.949997,97,98.125,15000,0.0,1.0
2007-09-03,100.625,100.625,97,98.675003,22090,0.0,1.0
2007-09-04,100.449997,106.5,100.199997,105.474998,55800,0.0,1.0
2007-09-05,107.5,107.5,102,103.375,20516,0.0,1.0
2007-09-06,103,107.5,103,104.550003,22000,0.0,1.0
2007-09-07,107,107,101,101,19400,0.0,1.0
2007-09-10,102.5,103.974998,100,103.5,5000,0.0,1.0
2007-09-11,104,105.974998,102.050003,104.5,8800,0.0,1.0
2007-09-12,104.900002,107.900002,104.900002,106.875,14600,0.0,1.0
2007-09-13,105.5,111.5,105,108.150002,24800,0.0,1.0
2007-09-14,110.949997,110.949997,104,106.75,12800,0.0,1.0
2007-09-17,108.75,110.400002,104.525002,109.25,13800,0.0,1.0
2007-09-18,109.5,119.5,109.5,117.5,58800,0.0,1.0
2007-09-19,118.050003,120,112.5,115.800003,27800,0.0,1.0
2007-09-20,113,117,112.550003,113,17800,0.0,1.0
2007-09-21,116.449997,125,113.25,115,18800,0.0,1.0
2007-09-24,114.5,120.650002,114.5,114.5,8600,0.0,1.0
2007-09-25,113.599998,116.900002,112,112.5,10800,0.0,1.0
2007-09-26,112,115.974998,112,115,9600,0.0,1.0
2007-09-27,115.125,115.5,112,112,6800,0.0,1.0
2007-09-28,112.5,118,112.050003,116.800003,23200,0.0,1.0
2007-10-01,115,118.675003,114.5,117.849998,14600,0.0,1.0
2007-10-03,120,121.349998,113.5,117.699997,18400,0.0,1.0
2007-10-04,115.199997,124,114.525002,121.675003,16800,0.0,1.0
2007-10-05,118.699997,129,116.525002,125,52600,0.0,1.0
2007-10-08,123.25,127.5,117,124.5,36000,0.0,1.0
2007-10-09,123.5,129.25,123.5,125.125,25600,0.0,1.0
2007-10-10,123,130.975006,123,127.75,45800,0.0,1.0
2007-10-11,128,132.5,120,130,38400,0.0,1.0
2007-10-12,131,131.5,115,119.775002,123200,0.0,1.0
2007-10-15,122.949997,126.849998,116.050003,123.324997,174400,0.0,1.0
2007-10-16,121.75,129.5,121.025002,127.375,28600,0.0,1.0
2007-10-17,120.5,125.25,116.25,125,15000,0.0,1.0
2007-10-18,127.5,128.25,115.675003,116.875,137200,0.0,1.0
2007-10-19,115,115.5,110,112.550003,21600,0.0,1.0
2007-10-22,111.5,116.949997,111.5,113.5,19400,0.0,1.0
2007-10-23,114.150002,119.974998,114,117.75,11200,0.0,1.0
2007-10-24,117.900002,121.949997,117.900002,120.074997,9000,0.0,1.0
2007-10-25,119.800003,124.699997,119.800003,122.349998,9600,0.0,1.0
2007-10-26,124.800003,135,123.5,135,52200,0.0,1.0
2007-10-29,137.5,158.300003,132.5,150.175003,94000,0.0,1.0
2007-10-30,147.625,155,144,146,25200,0.0,1.0
2007-10-31,140.050003,155,140.050003,146.899994,22000,0.0,1.0
2007-11-01,144.649994,151.25,144.050003,145.949997,20200,0.0,1.0
2007-11-02,142.350006,146.675003,140.5,144.425003,19000,0.0,1.0
2007-11-05,142.100006,154.5,142.100006,149.824997,35800,0.0,1.0
2007-11-06,147.75,153,143.050003,145.800003,27400,0.0,1.0
2007-11-07,146.125,147.5,141.5,144.475006,14200,0.0,1.0
2007-11-08,142.625,151.449997,142.625,149.024994,20400,0.0,1.0
2007-11-12,143.050003,148.75,142.5,146.875,8200,0.0,1.0
2007-11-13,142.625,154.5,142.625,151.125,30200,0.0,1.0
2007-11-14,148.25,157.5,148,152.550003,30200,0.0,1.0
2007-11-15,150,164,150,161.25,40000,0.0,1.0
2007-11-16,159.25,168.899994,158.5,164.375,40600,0.0,1.0
2007-11-19,161.75,193.475006,161.75,176.199997,43800,0.0,1.0
2007-11-20,173.550003,187.75,173,180.125,36400,0.0,1.0
2007-11-21,177.75,186.75,165.550003,168.199997,17600,0.0,1.0
2007-11-22,168.899994,171.5,157.5,165.625,11400,0.0,1.0
2007-11-23,169.449997,174.925003,168.5,170.175003,12400,0.0,1.0
2007-11-26,175,176.975006,171,173.125,13800,0.0,1.0
2007-11-27,171.100006,173.5,168.550003,170.25,6600,0.0,1.0
2007-11-28,168.899994,174.75,163,164.375,5600,0.0,1.0
2007-11-29,168.899994,170,162.5,163.899994,8800,0.0,1.0
2007-11-30,168.899994,174.5,164.550003,168.574997,10000,0.0,1.0
2007-12-03,168.899994,178.5,168.899994,176.524994,13200,0.0,1.0
2007-12-04,175.050003,182.699997,173,179.425003,21800,0.0,1.0
2007-12-05,170.5,184.5,170.5,178.949997,15000,0.0,1.0
2007-12-06,172.125,178.100006,172.125,175.050003,7600,0.0,1.0
2007-12-07,168.899994,179.399994,168.899994,173.199997,10400,0.0,1.0
2007-12-10,168.899994,179.5,166.100006,170.149994,14200,0.0,1.0
2007-12-11,170,182.949997,170,177.149994,22800,0.0,1.0
2007-12-12,168.899994,179.5,168.899994,178.324997,5600,0.0,1.0
2007-12-13,175.5,185,175.5,182.375,11000,0.0,1.0
2007-12-14,197.5,218,184.5,189.350006,38200,0.0,1.0
2007-12-17,186.75,200,186,188,20400,0.0,1.0
2007-12-18,185.574997,186.149994,180,180.774994,11600,0.0,1.0
2007-12-19,188.5,200,187,189.699997,33000,0.0,1.0
2007-12-20,195,195,181,185.949997,35800,0.0,1.0
2007-12-24,186.024994,193.475006,185,191.800003,32200,0.0,1.0
2007-12-26,188.25,199.5,188.25,193.5,19800,0.0,1.0
2007-12-27,192.5,200.975006,192.5,196,21600,0.0,1.0
2007-12-28,193,202.350006,193,196.774994,25200,0.0,1.0
2007-12-31,193.25,211.5,193.25,210.225006,50000,0.0,1.0
2008-01-01,206.5,222.5,206.5,219.024994,51244,0.0,1.0
2008-01-02,215.800003,223,215.800003,220,42396,0.0,1.0
2008-01-03,216,225,213,221.050003,44770,0.0,1.0
2008-01-04,216.800003,225,210.600006,212.5,19444,0.0,1.0
2008-01-07,209,227.425003,209,224.449997,59678,0.0,1.0
2008-01-08,220.75,232,213.050003,214.100006,23400,0.0,1.0
2008-01-09,203.024994,212.5,197.5,198.800003,53628,0.0,1.0
2008-01-10,193.100006,203.5,185.274994,188.024994,18720,0.0,1.0
2008-01-11,188.024994,189.449997,175,184.574997,53352,0.0,1.0
2008-01-14,182,189.899994,181.5,185,7550,0.0,1.0
2008-01-15,182.949997,191,182.949997,184.550003,16064,0.0,1.0
2008-01-16,185.5,187,180.050003,181.399994,7378,0.0,1.0
2008-01-17,182,186.5,176.649994,182.875,9378,0.0,1.0
2008-01-18,187,189,170,172.699997,17688,0.0,1.0
2008-01-21,162,178.725006,150,152.524994,28492,0.0,1.0
2008-01-22,145,157.5,141.024994,150.25,24604,0.0,1.0
2008-01-23,150.75,175,150.75,166.824997,17666,0.0,1.0
2008-01-24,163.5,186,153.25,155.024994,5122,0.0,1.0
2008-01-25,156,182.399994,156,176.024994,16734,0.0,1.0
2008-01-28,173,173,165,166.5,21142,0.0,1.0
2008-01-29,172.5,174,161.024994,162.5,13582,0.0,1.0
2008-01-30,163,167.5,156,156,8952,0.0,1.0
2008-01-31,152,159.675003,151,154.800003,19298,0.0,1.0
2008-02-01,154.5,159.475006,154.5,158.5,6282,0.0,1.0
2008-02-04,156,162.375,156,157.5,7634,0.0,1.0
2008-02-05,161,161,154.274994,158.199997,3298,0.0,1.0
2008-02-06,157.25,164,157.25,160,5988,0.0,1.0
2008-02-07,162.475006,169.975006,160.050003,161.774994,5060,0.0,1.0
2008-02-08,158,160,152.5,153.050003,10760,0.0,1.0
2008-02-11,150.75,156.949997,139.524994,143.274994,14332,0.0,1.0
2008-02-12,142.5,148.350006,140,140,4858,0.0,1.0
2008-02-13,149.75,149.75,140,140,3434,0.0,1.0
2008-02-14,149.550003,149.550003,142.5,144.949997,3032,0.0,1.0
2008-02-15,147,157.425003,146.925003,152.5,2558,0.0,1.0
2008-02-18,150.024994,159.5,150.024994,157.475006,3896,0.0,1.0
2008-02-19,156,163,155.5,157.574997,2012,0.0,1.0
2008-02-20,157.5,159,156.024994,156.024994,2600,0.0,1.0
2008-02-21,159.5,159.975006,155.5,158.274994,5694,0.0,1.0
2008-02-22,158.5,158.5,152.5,152.5,4362,0.0,1.0
2008-02-25,150.25,163.800003,150,159.425003,22784,0.0,1.0
2008-02-26,152.600006,161,152.600006,157.5,10616,0.0,1.0
2008-02-27,159,161,155,155,2092,0.0,1.0
2008-02-28,155,162.350006,155,156,27112,0.0,1.0
2008-02-29,160,161.5,150.5,157.175003,5258,0.0,1.0
2008-03-03,150.5,152.5,150,150,2508,0.0,1.0
2008-03-04,150,150,140,140.649994,6742,0.0,1.0
2008-03-05,140.550003,143.5,140,141.449997,2904,0.0,1.0
2008-03-07,135.625,136.024994,127.5,130.074997,30796,0.0,1.0
2008-03-10,125.050003,135,116,130,27338,0.0,1.0
2008-03-11,136.75,136.75,131.100006,134,44822,0.0,1.0
2008-03-12,138,140.449997,130,130.225006,22280,0.0,1.0
2008-03-13,130.5,132,122.5,123.550003,15038,0.0,1.0
2008-03-14,120.300003,129.949997,120.25,125.724998,16528,0.0,1.0
2008-03-17,119,123.5,117.5,119.375,6206,0.0,1.0
2008-03-18,116.125,121.849998,113,114.800003,17212,0.0,1.0
2008-03-19,120,120,115.875,116.5,7026,0.0,1.0
2008-03-24,123.5,123.5,112.5,115,3856,0.0,1.0
2008-03-25,115,119,114,117.699997,29232,0.0,1.0
2008-03-26,118.375,122,118.375,121.449997,7232,0.0,1.0
2008-03-27,120,127.199997,120,126.324997,8526,0.0,1.0
2008-03-28,126.425003,134.350006,123.050003,130.550003,2586,0.0,1.0
2008-03-31,133.5,134.25,125,125.324997,12262,0.0,1.0
2008-04-01,125,131.975006,122.550003,127.449997,4734,0.0,1.0
2008-04-02,132.5,132.5,127.050003,129.5,710,0.0,1.0
2008-04-03,122.449997,130.975006,122.400002,126.375,2662,0.0,1.0
2008-04-04,127.5,127.5,120,122.5,5376,0.0,1.0
2008-04-07,124,129.449997,124,125,3160,0.0,1.0
2008-04-08,125,125,120,122.5,2696,0.0,1.0
2008-04-09,126,130,122.675003,125.550003,1522,0.0,1.0
2008-04-10,125.25,130,125.025002,125.75,4766,0.0,1.0
2008-04-11,126.025002,129.5,125,127.5,12402,0.0,1.0
2008-04-15,123.650002,139.949997,123.650002,138.899994,9046,0.0,1.0
2008-04-16,148.975006,148.975006,138.899994,144.875,3028,0.0,1.0
2008-04-17,143,148.875,143,147.899994,2964,0.0,1.0
2008-04-21,152.399994,166.5,150.649994,153.824997,9734,0.0,1.0
2008-04-22,159.949997,161.75,154.024994,156.074997,13912,0.0,1.0
2008-04-23,159.5,159.5,150.550003,151.199997,5206,0.0,1.0
2008-04-24,154,154,145,145,2388,0.0,1.0
2008-04-25,147.5,149.975006,145.125,149.399994,1702,0.0,1.0
2008-04-28,154,154,142.5,143.324997,4832,0.0,1.0
2008-04-29,144,145.449997,140,140.25,7636,0.0,1.0
2008-04-30,140.25,146,138.199997,144,11980,0.0,1.0
2008-05-02,144.050003,144.050003,137.675003,139.850006,7696,0.0,1.0
2008-05-05,142.449997,142.5,137.75,139.274994,3494,0.0,1.0
2008-05-06,140.949997,141.25,135.199997,141.25,4534,0.0,1.0
2008-05-07,140,141.875,137.100006,140,1692,0.0,1.0
2008-05-08,138.5,138.5,132.5,132.5,4394,0.0,1.0
2008-05-09,132.5,139.949997,130,135.324997,8178,0.0,1.0
2008-05-12,140.050003,145,131.050003,134.925003,4810,0.0,1.0
2008-05-13,132.524994,136.699997,131.050003,135,10926,0.0,1.0
2008-05-14,130.75,136.5,130.75,132,5202,0.0,1.0
2008-05-15,136.25,136.25,131.75,135,4164,0.0,1.0
2008-05-16,138.5,138.5,131.5,131.524994,4702,0.0,1.0
2008-05-20,132.5,139.949997,132.199997,134.475006,1590,0.0,1.0
2008-05-21,130,136.5,129.324997,131.600006,8966,0.0,1.0
2008-05-22,129.300003,131.824997,127.5,131.800003,1722,0.0,1.0
2008-05-23,129.050003,133.475006,129.050003,130.625,3830,0.0,1.0
2008-05-26,128,131.800003,126,129.600006,3560,0.0,1.0
2008-05-27,130,133.75,126,126,2532,0.0,1.0
2008-05-28,125.5,129.975006,125,127.525002,3990,0.0,1.0
2008-05-29,125.75,131.449997,125.75,127.5,14138,0.0,1.0
2008-05-30,126.050003,126.050003,124,124,2852,0.0,1.0
2008-06-02,123.5,123.925003,122.5,122.5,2062,0.0,1.0
2008-06-03,120.125,122.175003,119,121.5,5134,0.0,1.0
2008-06-04,120,123.824997,118.050003,118.050003,662,0.0,1.0
2008-06-05,117.5,119.5,115,119.5,1960,0.0,1.0
2008-06-06,117.625,121,117.5,117.5,840,0.0,1.0
2008-06-09,114.125,115,106.025002,110.5,12436,0.0,1.0
2008-06-10,110.5,112,108,112,4002,0.0,1.0
2008-06-11,114.5,115,112,114.474998,22968,0.0,1.0
2008-06-12,111.824997,116,111.824997,115.025002,3212,0.0,1.0
2008-06-13,121.275002,121.5,113.125,115.074997,22570,0.0,1.0
2008-06-16,116,118.5,115,117.5,25198,0.0,1.0
2008-06-17,121,121,115.275002,120.199997,14558,0.0,1.0
2008-06-18,120.050003,129.175003,120.050003,126.675003,16530,0.0,1.0
2008-06-19,125.25,126.449997,122.5,124.949997,11828,0.0,1.0
2008-06-20,128.074997,128.074997,117.675003,123.175003,6532,0.0,1.0
2008-06-23,117.5,117.5,111.5,112.025002,6622,0.0,1.0
2008-06-24,112.875,112.875,107.5,107.5,2098,0.0,1.0
2008-06-25,108.25,114.75,107.5,110,2790,0.0,1.0
2008-06-26,116.449997,116.5,110.025002,111.925003,10054,0.0,1.0
2008-06-27,115.324997,115.474998,107.525002,107.525002,1816,0.0,1.0
2008-06-30,108.574997,111.449997,105.525002,106.199997,10306,0.0,1.0
2008-07-01,105,106,104,105,3630,0.0,1.0
2008-07-02,102.525002,105.5,102,103.150002,5990,0.0,1.0
2008-07-03,100,102.5,100,101.75,9604,0.0,1.0
2008-07-04,100,105,100,105,2236,0.0,1.0
2008-07-07,105.5,107.474998,102.5,106.5,1072,0.0,1.0
2008-07-08,105,106,105,105,830,0.0,1.0
2008-07-09,103.5,111.474998,103.5,111,1154,0.0,1.0
2008-07-10,116.224998,116.224998,106.525002,106.525002,160,0.0,1.0
2008-07-11,104,108.974998,104,104.025002,984,0.0,1.0
2008-07-14,109,109.474998,103,103,1826,0.0,1.0
2008-07-15,103,107.199997,100.050003,100.724998,15370,0.0,1.0
2008-07-16,100.324997,102.625,100.300003,100.300003,640,0.0,1.0
2008-07-17,101.5,103.25,101,102.425003,2258,0.0,1.0
2008-07-18,101.550003,104.375,101,102.025002,3712,0.0,1.0
2008-07-21,101.75,101.75,101.5,101.5,120,0.0,1.0
2008-07-22,105.75,105.75,103.5,103.5,578,0.0,1.0
2008-07-23,107,114.900002,106.75,111.925003,12458,0.0,1.0
2008-07-24,106.25,114.449997,106.25,107.574997,3342,0.0,1.0
2008-07-25,112,116.699997,106.275002,112.375,4820,0.0,1.0
2008-07-28,115,115,110,110,1374,0.0,1.0
2008-07-29,110,110.474998,105.800003,108.425003,1978,0.0,1.0
2008-07-30,108.849998,114,108.800003,113.5,9400,0.0,1.0
2008-07-31,109,117.224998,109,115.425003,7800,0.0,1.0
2008-08-01,118.5,118.5,113.824997,114.025002,3200,0.0,1.0
2008-08-04,114.5,116.5,112.5,116.5,718,0.0,1.0
2008-08-05,110.75,120.099998,110.75,117.974998,4200,0.0,1.0
2008-08-06,116,120.5,116,120.5,5800,0.0,1.0
2008-08-07,117.5,123,116.5,123,3600,0.0,1.0
2008-08-08,122,122,115.5,115.5,2600,0.0,1.0
2008-08-11,116.375,117.050003,115.5,115.724998,1000,0.0,1.0
2008-08-12,117.5,118.949997,115,115,392,0.0,1.0
2008-08-13,118.449997,118.449997,113.5,114,162,0.0,1.0
2008-08-14,112.5,114.5,110.5,114,5200,0.0,1.0
2008-08-18,112.5,112.5,110,110.050003,4032,0.0,1.0
2008-08-19,109.5,111,109.5,110.050003,870,0.0,1.0
2008-08-20,110.550003,112.5,109,111.5,2082,0.0,1.0
2008-08-21,111.474998,111.474998,109,109,240,0.0,1.0
2008-08-22,109.849998,113.474998,107.75,111.900002,880,2.61833,1.0
2008-08-25,111.900002,112,109.525002,110.5,1786,0.0,1.0
2008-08-26,112.949997,112.949997,112.824997,112.849998,1530,0.0,1.0
2008-08-27,109.025002,113.5,109.025002,113.5,972,0.0,1.0
2008-08-28,110.025002,110.025002,109,109,570,0.0,1.0
2008-08-29,108.949997,112,107.5,111.349998,2398,0.0,1.0
2008-09-01,108.125,111,107.5,107.5,490,0.0,1.0
2008-09-02,110.900002,110.949997,108.75,108.75,200,0.0,1.0
2008-09-04,107.5,110.75,107.5,110.75,220,0.0,1.0
2008-09-05,109,109,106,106,200,0.0,1.0
2008-09-08,110.949997,111,109.525002,110.050003,1324,0.0,1.0
2008-09-09,109,110.75,109,110.199997,6062,0.0,1.0
2008-09-10,112.375,112.375,108.5,108.675003,5364,0.0,1.0
2008-09-11,109.949997,109.974998,107.025002,107.875,4982,0.0,1.0
2008-09-12,111.349998,111.349998,107.025002,107.074997,860,0.0,1.0
2008-09-15,103,104,100,100.25,4704,0.0,1.0
2008-09-16,108,108,100,101.775002,4870,0.0,1.0
2008-09-17,100.5,100.599998,100,100.050003,1862,0.0,1.0
2008-09-18,95,100.025002,95,100.025002,7158,0.0,1.0
2008-09-19,100.125,103.025002,100.050003,100.050003,226,0.0,1.0
2008-09-22,104.775002,104.775002,100.25,100.25,974,0.0,1.0
2008-09-23,98.550003,99,97.5,97.5,2994,0.0,1.0
2008-09-24,95.5,97.5,95.125,95.125,1502,0.0,1.0
2008-09-25,100,100,95.25,97.5,8196,0.0,1.0
2008-09-26,99.449997,99.449997,95.025002,95.025002,630,0.0,1.0
2008-09-29,95,95,92.5,92.5,4200,0.0,1.0
2008-09-30,87.5,93.974998,85.224998,92.5,10332,0.0,1.0
2008-10-01,90.050003,94,88.75,90.5,8010,0.0,1.0
2008-10-03,93.199997,93.199997,87.5,87.5,4800,0.0,1.0
2008-10-06,85.125,87.449997,85,85.5,2194,0.0,1.0
2008-10-07,85.5,89.949997,85,85.550003,4450,0.0,1.0
2008-10-08,81,82.375,77.5,79,6514,0.0,1.0
2008-10-10,79,82,72.550003,72.550003,1454,0.0,1.0
2008-10-13,72.550003,77.449997,72.5,73.5,9272,0.0,1.0
2008-10-14,73.625,84.25,73.625,77.275002,1600,0.0,1.0
2008-10-15,73.525002,74.5,71.5,71.5,292,0.0,1.0
2008-10-16,67.5,69.974998,60.5,65,11038,0.0,1.0
2008-10-17,67.5,72.474998,65,65.175003,3710,0.0,1.0
2008-10-20,63.099998,67,62.5,67,5390,0.0,1.0
2008-10-21,65.974998,69.5,62.549999,62.549999,10502,0.0,1.0
2008-10-22,63.549999,66.974998,62.599998,66.974998,2674,0.0,1.0
2008-10-23,65.25,65.25,65.25,65.25,2,0.0,1.0
2008-10-24,64.974998,64.974998,60,60,7050,0.0,1.0
2008-10-27,60,60.5,55.900002,57.525002,6908,0.0,1.0
2008-10-29,56.025002,62.75,56.025002,57.549999,890,0.0,1.0
2008-10-31,62.5,62.5,62.5,62.5,30,0.0,1.0
2008-11-03,71.675003,71.675003,62,65,890,0.0,1.0
2008-11-04,63.5,67,62.525002,67,4368,0.0,1.0
2008-11-05,66.5,66.574997,62.549999,63,2158,0.0,1.0
2008-11-06,66,66,61.25,64,500,0.0,1.0
2008-11-07,61,64,60.450001,60.450001,16140,0.0,1.0
2008-11-10,60.450001,65.974998,60.450001,65.5,320,0.0,1.0
2008-11-11,62.5,62.5,62.5,62.5,80,0.0,1.0
2008-11-12,59,62,59,62,324,0.0,1.0
2008-11-14,59.325001,59.849998,59,59,2030,0.0,1.0
2008-11-17,59,59,57.5,57.5,3612,0.0,1.0
2008-11-18,62,62.474998,61.424999,61.424999,14,0.0,1.0
2008-11-19,57.549999,58,56,56.875,3636,0.0,1.0
2008-11-20,57.5,57.5,57.474998,57.474998,4,0.0,1.0
2008-11-21,56,59.450001,55,57,1164,0.0,1.0
2008-11-24,55.299999,60.724998,55,56,40,0.0,1.0
2008-11-25,56.049999,56.049999,56.049999,56.049999,2,0.0,1.0
2008-11-26,58.900002,58.900002,56.099998,56.099998,802,0.0,1.0
2008-11-28,56.099998,56.099998,56.099998,56.099998,20412,0.0,1.0
2008-12-01,56.099998,56.099998,56.099998,56.099998,14364,0.0,1.0
2008-12-02,55,55,54.625,54.625,62,0.0,1.0
2008-12-03,54.700001,54.75,54.700001,54.75,140,0.0,1.0
2008-12-04,56,56,56,56,400,0.0,1.0
2008-12-05,62,62,55.5,55.5,98,0.0,1.0
2008-12-08,57.5,57.5,55.75,55.75,754,0.0,1.0
2008-12-10,55.75,63.974998,55.75,63.974998,1724,0.0,1.0
2008-12-11,65,68.925003,65,68.925003,2522,0.0,1.0
2008-12-12,72,72,70.474998,70.474998,2402,0.0,1.0
2008-12-15,72.5,74.175003,72.5,73.5,2354,0.0,1.0
2008-12-16,75,75,71,73.025002,1134,0.0,1.0
2008-12-17,67,72.300003,67,68.900002,4148,0.0,1.0
2008-12-18,68.900002,68.900002,68.875,68.900002,150000,0.0,1.0
2008-12-19,72.5,72.5,68.5,68.5,100,0.0,1.0
2008-12-22,64.025002,74.25,64,67,934,0.0,1.0
2008-12-23,62.825001,62.825001,62.825001,62.825001,90,0.0,1.0
2008-12-24,62.825001,62.825001,62.825001,62.825001,2520,0.0,1.0
2008-12-26,59.5,71,59.5,61.299999,552,0.0,1.0
2008-12-29,70,70,70,70,8,0.0,1.0
2008-12-30,68,68.75,63.5,68.75,82,0.0,1.0
2008-12-31,69.974998,69.974998,65,65,96,0.0,1.0
2009-01-02,74.949997,74.949997,74.900002,74.900002,4,0.0,1.0
2009-01-05,67.550003,72.474998,67.550003,72.199997,440,0.0,1.0
2009-01-06,69.5,75,68.199997,72.150002,1528,0.0,1.0
2009-01-07,75.75,75.75,68.550003,68.550003,3800,0.0,1.0
2009-01-09,66.074997,68.5,65.5,65.5,1268,0.0,1.0
2009-01-12,65,65,62.525002,65,260,0.0,1.0
2009-01-13,63.025002,64.400002,61.775002,64.25,1316,0.0,1.0
2009-01-14,62.5,64.800003,61,61.049999,600,0.0,1.0
2009-01-15,60,63.450001,60,62.950001,1600,0.0,1.0
2009-01-16,61.075001,65.5,61.075001,65.5,390,0.0,1.0
2009-01-19,66.449997,66.5,63.049999,66.5,2000,0.0,1.0
2009-01-20,69,69,66,66.25,96,0.0,1.0
2009-01-21,66.974998,68.800003,65.5,65.5,482,0.0,1.0
2009-01-22,64,65.5,64,65.5,100,0.0,1.0
2009-01-23,65.5,65.5,65.5,65.5,240,0.0,1.0
2009-01-27,65,68.474998,65,68.474998,560,0.0,1.0
2009-01-28,70,70,66.5,66.5,220,0.0,1.0
2009-01-29,69.949997,69.949997,65.599998,68.5,38,0.0,1.0
2009-01-30,65.525002,69.5,65.5,69.5,524,0.0,1.0
2009-02-02,69.5,69.5,69.150002,69.5,68,0.0,1.0
2009-02-03,66,69.150002,66,66.525002,1542,0.0,1.0
2009-02-04,65.699997,69,64.75,67.625,3010,0.0,1.0
2009-02-05,68.5,69,65,65,564,0.0,1.0
2009-02-06,68.474998,68.474998,68.474998,68.474998,70,0.0,1.0
2009-02-09,68,70,66.5,68.574997,1776,0.0,1.0
2009-02-10,68,69.474998,67.5,69.474998,338,0.0,1.0
2009-02-11,68,68,68,68,252,0.0,1.0
2009-02-12,65.599998,68,65.525002,66.675003,1240,0.0,1.0
2009-02-13,66.675003,66.675003,66.675003,66.675003,920,0.0,1.0
2009-02-16,66.275002,66.275002,63.549999,63.549999,2918,0.0,1.0
2009-02-17,63.549999,63.549999,63.549999,63.549999,100,0.0,1.0
2009-02-18,62.5,62.525002,62.5,62.525002,14,0.0,1.0
2009-02-19,62.5,64.900002,62.5,62.700001,228,0.0,1.0
2009-02-20,60.5,61.974998,60.099998,60.650002,1070,0.0,1.0
2009-02-24,61.375,62.900002,60.5,62.900002,2500,0.0,1.0
2009-02-25,62.950001,63,62.5,62.5,550,0.0,1.0
2009-02-26,64.75,64.900002,62.5,64.900002,1174,0.0,1.0
2009-02-27,64.925003,64.925003,62.5,62.5,404,0.0,1.0
2009-03-02,60.599998,64.599998,60.549999,60.549999,518,0.0,1.0
2009-03-03,61.099998,61.099998,61.049999,61.049999,300,0.0,1.0
2009-03-04,64.099998,64.099998,64.099998,64.099998,2,0.0,1.0
2009-03-05,61.5,61.525002,61.5,61.525002,90,0.0,1.0
2009-03-06,59.25,59.25,59.049999,59.099998,24,0.0,1.0
2009-03-09,59.200001,59.200001,59.200001,59.200001,80,0.0,1.0
2009-03-12,60.049999,60.049999,58.775002,58.775002,2300,0.0,1.0
2009-03-13,61.5,65.949997,61,65.949997,5976,0.0,1.0
2009-03-16,65.949997,66,63.150002,66,522,0.0,1.0
2009-03-17,67.125,67.150002,63.450001,63.450001,610,0.0,1.0
2009-03-18,64.25,66.400002,62,66.400002,2230,0.0,1.0
2009-03-19,62.025002,63.75,62.025002,62.5,600,0.0,1.0
2009-03-20,62.5,62.5,62.5,62.5,50,0.0,1.0
2009-03-23,64,65.949997,61.625,64.449997,1392,0.0,1.0
2009-03-24,66.625,66.75,62.5,62.650002,7500,0.0,1.0
2009-03-25,63,65.125,62.75,65,14400,0.0,1.0
2009-03-26,63.5,67.300003,63.5,67.300003,3408,0.0,1.0
2009-03-27,64.375,68.199997,64.25,65.5,6936,0.0,1.0
2009-03-30,65.949997,66.349998,64.099998,64.099998,548,0.0,1.0
2009-03-31,67,67,67,67,2,0.0,1.0
2009-04-01,68.849998,70,65.5,70,1860,0.0,1.0
2009-04-02,68.5,74,68.5,72.324997,1302,0.0,1.0
2009-04-06,69.5,69.5,69.5,69.5,2,0.0,1.0
2009-04-08,73.625,74.5,73.5,74.5,500,0.0,1.0
2009-04-09,74.550003,77.5,73.550003,73.550003,862,0.0,1.0
2009-04-13,73.275002,75,73,75,2924,0.0,1.0
2009-04-15,72.75,81.150002,72.75,81.150002,5024,0.0,1.0
2009-04-16,81,81.099998,78.550003,78.550003,1586,0.0,1.0
2009-04-17,81.150002,82.599998,77.550003,80,4286,0.0,1.0
2009-04-20,81.125,81.125,76.25,76.275002,4486,0.0,1.0
2009-04-21,75.800003,75.800003,75.25,75.25,620,0.0,1.0
2009-04-22,77.5,77.699997,75.050003,75.050003,460,0.0,1.0
2009-04-23,76.5,76.5,76.5,76.5,20,0.0,1.0
2009-04-24,77.5,81,77.5,81,3146,0.0,1.0
2009-04-27,81.25,84,77.050003,83,7916,0.0,1.0
2009-04-28,83.800003,83.800003,80.050003,80.050003,2010,0.0,1.0
2009-04-29,81,83.5,80.050003,83.5,1470,0.0,1.0
2009-05-04,90.949997,90.949997,80.050003,82.25,1746,0.0,1.0
2009-05-05,82,82.75,80.099998,80.300003,958,0.0,1.0
2009-05-06,80.099998,82.5,80.099998,82.5,860,0.0,1.0
2009-05-07,80.099998,82.5,79.199997,79.949997,2552,0.0,1.0
2009-05-08,82.5,83.150002,82.5,83.150002,100,0.0,1.0
2009-05-11,80.175003,80.175003,77.550003,77.550003,1460,0.0,1.0
2009-05-12,77.550003,79.974998,75,78.5,4980,0.0,1.0
2009-05-13,78,78.599998,76.525002,76.525002,314,0.0,1.0
2009-05-14,79.5,79.5,75.5,76.5,672,0.0,1.0
2009-05-15,77,80,76.300003,77,1796,0.0,1.0
2009-05-18,77,80,76.300003,77.125,1796,0.0,1.0
2009-05-19,85.5,90,85.5,90,14348,0.0,1.0
2009-05-20,89.75,102,89.025002,100.574997,8542,0.0,1.0
2009-05-21,100.574997,101.5,95.5,100,4878,0.0,1.0
2009-05-22,101.849998,107,101.849998,107,4044,0.0,1.0
2009-05-25,109.5,109.5,97.5,104,9738,0.0,1.0
2009-05-26,107,110,100,100,1742,0.0,1.0
2009-05-27,100.550003,103.900002,100.550003,100.699997,5696,0.0,1.0
2009-05-28,109.5,109.5,100,103.5,2126,0.0,1.0
2009-05-29,101.025002,106.5,101.025002,106,1494,0.0,1.0
2009-06-01,112.5,112.5,103.574997,107.724998,2988,0.0,1.0
2009-06-02,110,111.5,105,110,7200,0.0,1.0
2009-06-03,107.75,127.5,107.75,125,15200,0.0,1.0
2009-06-04,127.5,138.699997,125,138.324997,21400,0.0,1.0
2009-06-05,142.475006,142.475006,130,130,6800,0.0,1.0
2009-06-08,134.5,141.800003,128.5,130,7200,0.0,1.0
2009-06-09,128,140,128,140,4600,0.0,1.0
2009-06-10,142,146.5,138,140,4600,0.0,1.0
2009-06-11,141.5,145,133.074997,137.5,7800,0.0,1.0
2009-06-12,139.5,141,134.5,134.5,4000,0.0,1.0
2009-06-15,132,132.5,128,128,2200,0.0,1.0
2009-06-16,125,132.5,125,130.024994,3384,0.0,1.0
2009-06-17,132,132,125,130,2800,0.0,1.0
2009-06-18,126.25,128,115.050003,117.074997,12800,0.0,1.0
2009-06-19,118.75,119.925003,115.5,116.5,1394,0.0,1.0
2009-06-22,120.75,124.25,117,123.175003,2318,0.0,1.0
2009-06-23,119,119.875,112.550003,119.875,6400,0.0,1.0
2009-06-24,116.525002,122,116,119,5200,0.0,1.0
2009-06-25,117.574997,120.449997,115.5,115.5,5400,0.0,1.0
2009-06-26,115.599998,117.474998,115.5,117.474998,726,0.0,1.0
2009-06-29,117.449997,120.449997,115.75,117,600,0.0,1.0
2009-06-30,115.099998,115.099998,112.5,112.5,2400,0.0,1.0
2009-07-01,112.599998,116,112.5,114.224998,1400,0.0,1.0
2009-07-02,119.400002,119.400002,112.5,113.5,1140,0.0,1.0
2009-07-03,112.5,114.5,110.5,110.5,1776,0.0,1.0
2009-07-06,119,119,110.5,110.5,5200,0.0,1.0
2009-07-07,114.5,114.5,114.349998,114.349998,30,0.0,1.0
2009-07-08,114.5,114.550003,110.5,112,2592,0.0,1.0
2009-07-09,112.5,112.5,112.5,112.5,200,0.0,1.0
2009-07-10,110.5,120.5,110.5,115.5,3600,0.0,1.0
2009-07-13,115,116.5,112.525002,116.5,1900,0.0,1.0
2009-07-14,117.5,120,117.5,118.5,1148,0.0,1.0
2009-07-15,120,123.949997,118.5,123.949997,1600,0.0,1.0
2009-07-16,124.5,124.5,120,121.5,570,0.0,1.0
2009-07-17,122.5,122.5,119.5,119.5,800,0.0,1.0
2009-07-20,124.449997,124.5,120.775002,122.525002,1720,0.0,1.0
2009-07-21,138.949997,139,123,132.274994,4200,0.0,1.0
2009-07-22,140.699997,140.699997,128,132.5,4000,0.0,1.0
2009-07-23,133,133,128.175003,132.5,1800,0.0,1.0
2009-07-24,132.425003,133.475006,129,129,600,0.0,1.0
2009-07-27,132.5,132.5,126,126,4600,0.0,1.0
2009-07-28,126.5,130,124.099998,124.099998,102,0.0,1.0
2009-07-29,126,126,118.724998,118.724998,3800,0.0,1.0
2009-07-30,119.5,128.5,119.5,125.5,5400,0.0,1.0
2009-07-31,124,128,122.525002,122.525002,1800,0.0,1.0
2009-08-03,124,128.375,121.550003,126,1400,0.0,1.0
2009-08-04,128.5,128.5,125.525002,125.525002,444,0.0,1.0
2009-08-05,128.475006,128.475006,128.475006,128.475006,8,0.0,1.0
2009-08-06,125,127.974998,124,126.474998,648,0.0,1.0
2009-08-07,124.25,128,124,124,850,0.0,1.0
2009-08-10,124.25,126.25,124.25,124.25,1200,0.0,1.0
2009-08-11,123.050003,125,122,125,294,0.0,1.0
2009-08-12,122.5,128,121.5,123.550003,646,0.0,1.0
2009-08-13,124.474998,129.324997,124.474998,129.324997,2800,0.0,1.0
2009-08-14,128.5,128.5,125,125,1160,0.0,1.0
2009-08-17,125,125,125,125,48,0.0,1.0
2009-08-18,120.5,125.949997,120,125.800003,362,0.0,1.0
2009-08-19,125,125,122.5,124.900002,882,0.0,1.0
2009-08-20,124.5,124.5,122.5,122.5,564,0.0,1.0
2009-08-21,128.225006,128.225006,120.175003,124.974998,186,0.0,1.0
2009-08-24,122.099998,127.474998,122.099998,125,438,0.0,1.0
2009-08-25,127.425003,127.425003,120,120,1902,0.0,1.0
2009-08-26,122.5,122.5,120,120.400002,4600,0.0,1.0
2009-08-27,122,125.949997,122,125.5,1200,0.0,1.0
2009-08-28,123.5,135.475006,123.5,131.375,4000,0.0,1.0
2009-08-31,131.949997,136.225006,128.050003,131.350006,8600,0.0,1.0
2009-09-01,127.5,135,127.5,128.074997,4142,0.0,1.0
2009-09-02,128,129.899994,125,125.900002,960,0.0,1.0
2009-09-03,128.75,130,125.025002,125.025002,600,0.0,1.0
2009-09-04,125.449997,127.5,125,126.5,200,0.0,1.0
2009-09-07,127.5,130,126.5,129.675003,580,0.0,1.0
2009-09-08,129.449997,129.449997,125,127.5,2200,0.0,1.0
2009-09-09,129.399994,129.449997,126,126,690,0.0,1.0
2009-09-10,126.5,129,123.5,123.800003,7500,2.56261,1.0
2009-09-11,122.599998,124.900002,122.599998,123.25,372,0.0,1.0
2009-09-14,123.5,123.949997,121,121.300003,1600,0.0,1.0
2009-09-15,117.5,124.974998,117.5,121.5,756,0.0,1.0
2009-09-16,127.449997,127.449997,119.5,119.675003,6400,0.0,1.0
2009-09-17,118.5,120,115,117.775002,10058,0.0,1.0
2009-09-18,118,122.849998,118,120,6000,0.0,1.0
2009-09-22,121.5,121.5,117.5,118.699997,1656,0.0,1.0
2009-09-23,116.650002,119.5,116.025002,119.5,3200,0.0,1.0
2009-09-24,119,121.25,117,121.25,9800,0.0,1.0
2009-09-25,120,122,119.050003,120,2200,0.0,1.0
2009-09-29,119.074997,124.125,119.074997,120.074997,5744,0.0,1.0
2009-09-30,120,122.25,118.125,119.050003,1200,0.0,1.0
2009-10-01,117.824997,121.75,117.824997,120.224998,9316,0.0,1.0
2009-10-05,119.025002,120,119,120,2000,0.0,1.0
2009-10-06,117.525002,120,117,119.849998,6200,0.0,1.0
2009-10-07,117.5,119,116.050003,116.775002,1800,0.0,1.0
2009-10-08,116.5,119.949997,116,119.099998,388,0.0,1.0
2009-10-09,121.5,121.5,115.5,116.824997,142,0.0,1.0
2009-10-12,115.574997,117.5,115.5,116.699997,280,0.0,1.0
2009-10-14,116.5,119,114,114.150002,3546,0.0,1.0
2009-10-15,113.050003,115,111.025002,111.699997,7290,0.0,1.0
2009-10-16,110.550003,117.5,110.5,117,11828,0.0,1.0
2009-10-20,115.025002,117.75,113.300003,114.25,2660,0.0,1.0
2009-10-21,112.5,113.5,110.650002,111.125,1548,0.0,1.0
2009-10-22,110.5,110.5,105,105.125,35200,0.0,1.0
2009-10-23,105.800003,105.800003,104,104,3200,0.0,1.0
2009-10-26,109,109,102.5,102.574997,2364,0.0,1.0
2009-10-27,105,105,100,100.074997,7908,0.0,1.0
2009-10-28,104.974998,106.5,104,104,3600,0.0,1.0
2009-10-29,104.349998,104.349998,100,100.125,564,0.0,1.0
2009-10-30,104,105,100,100.074997,2850,0.0,1.0
2009-11-03,103.5,103.925003,98.5,99.175003,3134,0.0,1.0
2009-11-04,103.474998,103.474998,97.5,97.625,4880,0.0,1.0
2009-11-05,101.5,101.5,97,97,600,0.0,1.0
2009-11-06,95.900002,99.175003,95.800003,99.150002,562,0.0,1.0
2009-11-09,102.5,102.5,99.75,100.900002,1862,0.0,1.0
2009-11-10,102.5,103.974998,99.550003,99.875,6400,0.0,1.0
2009-11-11,97.800003,97.800003,92.75,94.074997,73600,0.0,1.0
2009-11-12,96.900002,96.900002,95,95,454,0.0,1.0
2009-11-13,96.574997,98.75,94.275002,97.474998,894,0.0,1.0
2009-11-16,97.5,97.5,92.650002,94.525002,23380,0.0,1.0
2009-11-17,96,97.449997,92.5,92.724998,1274,0.0,1.0
2009-11-18,95,95.800003,92.5,95,3200,0.0,1.0
2009-11-19,93.25,95,90.375,92.474998,52600,0.0,1.0
2009-11-20,92.900002,92.974998,91.5,91.625,780,0.0,1.0
2009-11-23,91.625,93,91.625,91.699997,890,0.0,1.0
2009-11-24,94.175003,95.5,92.824997,93.775002,1832,0.0,1.0
2009-11-25,93.5,95,93.5,95,80,0.0,1.0
2009-11-26,98.449997,98.449997,94.5,95.525002,1796,0.0,1.0
2009-11-27,99.25,99.25,91.25,92.275002,8528,0.0,1.0
2009-11-30,96.449997,96.5,93.574997,94.724998,4656,0.0,1.0
2009-12-01,94.5,94.900002,92,94.425003,6000,0.0,1.0
2009-12-02,96.199997,97.974998,95.699997,97.400002,1822,0.0,1.0
2009-12-03,93.25,100,93.25,96.800003,1486,0.0,1.0
2009-12-04,97.5,97.75,97.5,97.75,576,0.0,1.0
2009-12-07,98.5,101,98.5,98.625,2630,0.0,1.0
2009-12-08,96.525002,99.400002,96.525002,99.400002,454,0.0,1.0
2009-12-09,97.5,104.474998,97.5,102.5,5282,0.0,1.0
2009-12-10,102,102.875,98.949997,101.900002,3164,0.0,1.0
2009-12-11,99.099998,106.5,99.099998,102.150002,3316,0.0,1.0
2009-12-14,97.599998,105,97.599998,103.074997,1168,0.0,1.0
2009-12-15,103.275002,106.300003,103.25,103.5,2674,0.0,1.0
2009-12-16,104.449997,104.5,102.800003,103.050003,572,0.0,1.0
2009-12-17,98.599998,105.974998,98.525002,105.474998,3354,0.0,1.0
2009-12-18,104.5,104.5,102.775002,103.625,880,0.0,1.0
2009-12-21,102.875,103.25,100.025002,100.849998,222,0.0,1.0
2009-12-22,102.5,103.275002,102.5,103.275002,200,0.0,1.0
2009-12-23,101.5,102.974998,101,101,676,0.0,1.0
2009-12-24,101.625,102,101.625,102,220,0.0,1.0
2009-12-29,102.974998,105,102.974998,104.974998,2914,0.0,1.0
2009-12-30,105.224998,106,105,105.949997,862,0.0,1.0
2009-12-31,107.5,108.474998,105.550003,106.175003,1772,0.0,1.0
2010-01-04,106.5,113.5,106.5,111.675003,5474,0.0,1.0
2010-01-05,112.5,114.900002,112.074997,113.974998,3056,0.0,1.0
2010-01-06,114.300003,116.875,113.625,113.625,3132,0.0,1.0
2010-01-07,115.050003,115.900002,113.75,113.75,3746,0.0,1.0
2010-01-08,112.550003,113,112.125,112.849998,2650,0.0,1.0
2010-01-11,117.474998,117.474998,115,115.525002,4504,0.0,1.0
2010-01-12,116.525002,120,115.525002,115.900002,3702,0.0,1.0
2010-01-13,135,135,110,116.949997,7890,0.0,1.0
2010-01-14,119.400002,120,116.400002,118.425003,7014,0.0,1.0
2010-01-15,120,121,118.5,119.25,2372,0.0,1.0
2010-01-18,119.949997,121.25,118,118.574997,6166,0.0,1.0
2010-01-19,120,120,117,117.775002,2366,0.0,1.0
2010-01-20,117.5,118.449997,114.074997,114.074997,6762,0.0,1.0
2010-01-21,113.125,116.949997,110,111.625,2678,0.0,1.0
2010-01-22,107.5,114.599998,107.5,110.75,3396,0.0,1.0
2010-01-25,107.525002,112,107.5,108.25,2674,0.0,1.0
2010-01-27,108.5,111.599998,105,105.525002,2320,0.0,1.0
2010-01-28,106,107.449997,105.550003,105.574997,1050,0.0,1.0
2010-01-29,105,105,100.099998,103.75,2956,0.0,1.0
2010-02-01,100.474998,100.5,96.025002,97.425003,14782,0.0,1.0
2010-02-02,98.5,99.974998,95.25,95.599998,7272,0.0,1.0
2010-02-03,95.775002,97.75,95.625,96.875,2570,0.0,1.0
2010-02-04,96.599998,96.974998,95,95.300003,2450,0.0,1.0
2010-02-05,99,99,94,94.525002,3658,0.0,1.0
2010-02-08,97.900002,97.900002,91.5,95.400002,1482,0.0,1.0
2010-02-09,95.5,95.5,94,94.150002,340,0.0,1.0
2010-02-10,94.375,96.849998,94.349998,95,2230,0.0,1.0
2010-02-11,95.324997,95.650002,94.074997,95,1510,0.0,1.0
2010-02-15,95.324997,95.650002,94.074997,95,1510,0.0,1.0
2010-02-16,95.5,96.974998,94.125,95.574997,1880,0.0,1.0
2010-02-17,97.5,97.5,95,95.050003,2310,0.0,1.0
2010-02-18,95,96.675003,95,96.675003,460,0.0,1.0
2010-02-19,96,96,95,95.125,346,0.0,1.0
2010-02-22,95.150002,95.150002,94,94,11850,0.0,1.0
2010-02-23,93.5,93.625,93.5,93.5,5054,0.0,1.0
2010-02-24,91.125,92,91.125,92,4200,0.0,1.0
2010-02-25,92,92,90.025002,92,654,0.0,1.0
2010-02-26,90.199997,93.5,90.099998,93.5,1808,0.0,1.0
2010-03-02,94.5,94.5,92,92.449997,3840,0.0,1.0
2010-03-03,93.5,94.5,90,92.324997,3112,0.0,1.0
2010-03-04,95,95,92,92.5,5980,0.0,1.0
2010-03-05,91.974998,92.5,90,90.099998,8530,0.0,1.0
2010-03-08,90.025002,92.5,90.025002,90.875,2238,0.0,1.0
2010-03-09,92,92,90,90.275002,2138,0.0,1.0
2010-03-10,91.949997,91.949997,90,90.074997,2194,0.0,1.0
2010-03-11,90.150002,91,90,90,3500,0.0,1.0
2010-03-12,88.5,92,88.5,89.699997,212,0.0,1.0
2010-03-15,87.525002,92,87.525002,89.974998,4450,0.0,1.0
2010-03-16,88.650002,91.199997,88.650002,90.25,22384,0.0,1.0
2010-03-17,94.5,95,92.300003,92.400002,4594,0.0,1.0
2010-03-18,90.5,91.5,90,90.074997,1374,0.0,1.0
2010-03-19,87.550003,92.5,87.550003,91.25,1710,0.0,1.0
2010-03-22,95,100,94.074997,95.699997,13296,0.0,1.0
2010-03-23,93.224998,94.449997,92,92.474998,3198,0.0,1.0
2010-03-25,98.150002,98.150002,90.125,91.800003,20158,0.0,1.0
2010-03-26,98.099998,98.099998,90.025002,90.949997,1926,0.0,1.0
2010-03-29,87.5,93.949997,87.5,90.25,1594,0.0,1.0
2010-03-30,89.599998,91.974998,89.5,91.925003,670,0.0,1.0
2010-03-31,90,92.5,90,92,2794,0.0,1.0
2010-04-01,90.300003,92.125,90.050003,91.824997,564,0.0,1.0
2010-04-05,97,97,90.650002,90.775002,1206,0.0,1.0
2010-04-06,92.5,92.5,91.5,92.425003,1400,0.0,1.0
2010-04-07,94.5,94.5,89.550003,90.025002,8004,0.0,1.0
2010-04-08,92.400002,92.650002,90,90.75,3908,0.0,1.0
2010-04-09,90.625,93,90.5,91.525002,4802,0.0,1.0
2010-04-12,92.25,100,92.25,97,20840,0.0,1.0
2010-04-13,101.900002,107.375,99,102,64992,0.0,1.0
2010-04-15,105.050003,105.050003,97.125,97.474998,7772,0.0,1.0
2010-04-16,100.25,100.25,95,95.324997,8542,0.0,1.0
2010-04-19,93.75,96.25,93.599998,94.5,2956,0.0,1.0
2010-04-20,94.324997,97,94.275002,95.375,1950,0.0,1.0
2010-04-21,96.875,99.449997,94.800003,98.849998,3046,0.0,1.0
2010-04-22,101,101,96,97.349998,3128,0.0,1.0
2010-04-23,99.5,99.5,95.599998,96.849998,998,0.0,1.0
2010-04-26,99.5,99.5,93.25,95.400002,1668,0.0,1.0
2010-04-27,98.5,98.5,94.099998,95.349998,372,0.0,1.0
2010-04-28,93.199997,97.5,93.199997,97.5,2846,0.0,1.0
2010-04-29,97.449997,97.5,93,96,512,0.0,1.0
2010-04-30,98.5,98.5,93,96,586,0.0,1.0
2010-05-03,96.724998,96.724998,94.425003,94.425003,156,0.0,1.0
2010-05-04,98,98,92.5,93.099998,2016,0.0,1.0
2010-05-05,91.25,93.5,91.25,92.150002,1722,0.0,1.0
2010-05-06,92.349998,92.349998,90,91.699997,1524,0.0,1.0
2010-05-07,90.125,93.5,90,92.675003,1022,0.0,1.0
2010-05-10,93.5,94.25,93.5,94.25,206,0.0,1.0
2010-05-11,92.5,92.5,90.050003,91,534,0.0,1.0
2010-05-12,93.5,94.25,91,91.474998,2814,0.0,1.0
2010-05-13,93.5,93.5,90.25,92.074997,286,0.0,1.0
2010-05-14,90.199997,90.875,90,90,2038,0.0,1.0
2010-05-17,92.5,92.5,88,89.525002,2998,0.0,1.0
2010-05-18,88,90.474998,87.5,88.5,3322,0.0,1.0
2010-05-19,90,90,87.5,87.525002,1174,0.0,1.0
2010-05-20,93.699997,93.699997,85,85.224998,2252,0.0,1.0
2010-05-21,82.525002,86.925003,82.525002,84.650002,976,0.0,1.0
2010-05-24,91.800003,91.800003,82.5,87.25,772,0.0,1.0
2010-05-25,87.5,90,87.5,87.5,902,0.0,1.0
2010-05-26,87.5,88.5,87.5,87.550003,582,0.0,1.0
2010-05-27,87.574997,89.949997,87.5,87.900002,360,0.0,1.0
2010-05-28,87.900002,89.5,87.5,87.525002,9252,0.0,1.0
2010-05-31,85.5,87.5,84.125,84.724998,2442,0.0,1.0
2010-06-01,85,87,84.625,84.875,1640,0.0,1.0
2010-06-02,83.25,86.599998,83.25,84.775002,532,0.0,1.0
2010-06-03,84.300003,86.449997,84.300003,85.074997,222,0.0,1.0
2010-06-04,85,85,84.474998,84.474998,830,0.0,1.0
2010-06-07,85,87,84,85,1058,0.0,1.0
2010-06-08,85,87.75,84.625,84.625,182,0.0,1.0
2010-06-09,88,88,88,88,2,0.0,1.0
2010-06-10,86.974998,87,86.974998,87,46,0.0,1.0
2010-06-11,84.550003,85,84,84.300003,1928,0.0,1.0
2010-06-14,84.849998,86,84,85.099998,800,0.0,1.0
2010-06-15,84.099998,84.125,84.050003,84.074997,200,0.0,1.0
2010-06-16,84.224998,84.25,84,84.074997,704,0.0,1.0
2010-06-17,84.050003,85,84,85,450,0.0,1.0
2010-06-18,85.449997,85.449997,83.849998,83.900002,320,0.0,1.0
2010-06-21,84.175003,85.099998,84.175003,85.050003,1270,0.0,1.0
2010-06-22,85,85,84.199997,84.199997,68,0.0,1.0
2010-06-23,85.5,85.5,83,85,450,0.0,1.0
2010-06-24,84.25,84.474998,82.5,83.125,1512,0.0,1.0
2010-06-25,83.5,83.5,83.5,83.5,70,0.0,1.0
2010-06-28,83.75,84.5,82.525002,84.5,210,0.0,1.0
2010-06-29,85,85,83.050003,83.650002,344,0.0,1.0
2010-06-30,84.900002,84.900002,82.5,83.625,1618,0.0,1.0
2010-07-01,83.5,83.5,83.5,83.5,100,0.0,1.0
2010-07-02,83,84.099998,82.5,84,2310,0.0,1.0
2010-07-05,84.875,84.875,84.875,84.875,10,0.0,1.0
2010-07-06,82.949997,83.849998,82.5,82.5,2130,0.0,1.0
2010-07-07,82.525002,82.974998,81.5,81.724998,7104,0.0,1.0
2010-07-08,82.25,82.25,79.5,80.050003,5304,0.0,1.0
2010-07-09,79.525002,80.5,78.625,79.025002,1766,0.0,1.0
2010-07-12,79.525002,80,79.525002,80,500,0.0,1.0
2010-07-13,85,88.974998,83.525002,85.900002,6120,0.0,1.0
2010-07-14,84.5,86.900002,83.650002,84.324997,1928,0.0,1.0
2010-07-15,82.824997,84.5,82,82.625,2652,0.0,1.0
2010-07-16,84.5,84.5,81.25,81.550003,5804,0.0,1.0
2010-07-19,82.5,83.400002,81.224998,82.925003,2284,0.0,1.0
2010-07-20,82.75,83.150002,82.5,82.724998,770,0.0,1.0
2010-07-21,82.324997,83.5,81.75,82.025002,502,0.0,1.0
2010-07-22,81.5,85.25,81,82,2184,0.0,1.0
2010-07-23,81.125,82.400002,80.525002,80.925003,1602,0.0,1.0
2010-07-26,80.625,80.675003,80.525002,80.525002,284,0.0,1.0
2010-07-27,80.599998,80.599998,80.599998,80.599998,20,0.0,1.0
2010-07-28,80.5,82.474998,80.150002,80.650002,492,0.0,1.0
2010-07-29,80.5,83.425003,80,80.324997,1734,0.0,1.0
2010-07-30,82.5,82.5,80,81.449997,712,0.0,1.0
2010-08-02,81.5,81.5,80,80.050003,1194,0.0,1.0
2010-08-03,82.474998,82.75,80,80.199997,1570,0.0,1.0
2010-08-04,87.199997,87.199997,82.324997,82.324997,310,0.0,1.0
2010-08-05,79.5,79.5,79.5,79.5,600,2.61556,1.0
2010-08-06,82.375,82.375,78,78.525002,4648,0.0,1.0
2010-08-09,79,81.400002,79,80.074997,272,0.0,1.0
2010-08-10,79.324997,80.849998,79.25,79.300003,1148,0.0,1.0
2010-08-11,79.25,83,79.25,79.5,728,0.0,1.0
2010-08-12,80.425003,80.449997,79,79,680,0.0,1.0
2010-08-13,79.974998,79.974998,78.550003,78.849998,462,0.0,1.0
2010-08-16,78.574997,82,78.5,78.5,5848,0.0,1.0
2010-08-17,79.949997,79.949997,79.724998,79.724998,304,0.0,1.0
2010-08-18,79.724998,79.724998,78.5,78.949997,604,0.0,1.0
2010-08-19,79,79.949997,78.875,79.550003,4146,0.0,1.0
2010-08-20,81.474998,81.474998,80.5,81,604,0.0,1.0
2010-08-23,84.5,84.5,79.625,79.625,562,0.0,1.0
2010-08-24,81.449997,81.449997,78.5,78.550003,1622,0.0,1.0
2010-08-25,79.925003,79.925003,78.5,78.550003,192,0.0,1.0
2010-08-26,82,82,78.599998,79.625,3456,0.0,1.0
2010-08-27,81.75,81.75,79,79,1222,0.0,1.0
2010-08-30,79,81,78.5,79,1186,0.0,1.0
2010-08-31,78.75,79.974998,78.75,78.75,106,0.0,1.0
2010-09-01,81.75,81.75,78.5,79.974998,312,0.0,1.0
2010-09-02,81,81.75,80,81.349998,1880,0.0,1.0
2010-09-03,81.050003,81.050003,79.5,79.574997,1030,0.0,1.0
2010-09-06,83.5,83.5,79.625,79.849998,1450,0.0,1.0
2010-09-07,79.949997,87.5,79.275002,84.375,20062,0.0,1.0
2010-09-08,84.900002,85.75,84,85.25,3380,0.0,1.0
2010-09-09,85,85.25,83,83,3930,0.0,1.0
2010-09-13,81.5,84.449997,80.650002,82.5,706,0.0,1.0
2010-09-14,81.650002,81.650002,81.650002,81.650002,80,0.0,1.0
2010-09-15,84.349998,84.349998,81.050003,81.050003,602,0.0,1.0
2010-09-16,80.449997,81.25,80.074997,80.074997,360,0.0,1.0
2010-09-17,78.550003,83.599998,78.550003,80.199997,2390,0.0,1.0
2010-09-20,83.25,83.25,81,81,1198,0.0,1.0
2010-09-21,80.25,81.525002,80.25,81.5,880,0.0,1.0
2010-09-22,84.400002,84.400002,80.5,80.550003,226,0.0,1.0
2010-09-23,83.25,83.25,80.150002,80.300003,368,0.0,1.0
2010-09-24,84.949997,86.25,81.75,82.5,3202,0.0,1.0
2010-09-27,82.5,84.5,81.625,81.775002,524,0.0,1.0
2010-09-28,84.400002,89,84.400002,85.349998,5924,0.0,1.0
2010-09-29,87,87,82.5,83.025002,2072,0.0,1.0
2010-09-30,82.5,82.5,82.25,82.25,170,0.0,1.0
2010-10-01,84,84,84,84,8,0.0,1.0
2010-10-04,84,84,81.300003,81.300003,42,0.0,1.0
2010-10-05,81.099998,83.375,81.050003,83.375,1692,0.0,1.0
2010-10-06,83.375,83.974998,81.675003,81.775002,244,0.0,1.0
2010-10-07,81.25,83,81.199997,82,1488,0.0,1.0
2010-10-08,82.5,82.949997,82.25,82.25,1224,0.0,1.0
2010-10-11,82.925003,82.925003,80,82.25,1560,0.0,1.0
2010-10-12,80.724998,82.199997,80.550003,80.949997,1350,0.0,1.0
2010-10-13,83.5,83.5,80.375,80.574997,1852,0.0,1.0
2010-10-14,80.324997,81,80.324997,80.925003,300,0.0,1.0
2010-10-15,82,82,80.5,80.5,310,0.0,1.0
2010-10-18,83.849998,83.849998,80.150002,80.275002,216,0.0,1.0
2010-10-19,80.324997,83,80.324997,80.5,1492,0.0,1.0
2010-10-20,82.474998,82.474998,80,80,340,0.0,1.0
2010-10-21,80.25,82.5,80,81.900002,1120,0.0,1.0
2010-10-22,82.5,82.5,80,80.324997,506,0.0,1.0
2010-10-25,79.25,83,79.25,81.650002,654,0.0,1.0
2010-10-26,82.449997,82.875,81.074997,81.099998,408,0.0,1.0
2010-10-27,85.400002,85.400002,80.75,81.25,34,0.0,1.0
2010-10-28,82.5,82.5,81.625,81.625,250,0.0,1.0
2010-10-29,82.5,82.5,80.75,81.5,434,0.0,1.0
2010-11-01,86,86,83,83,4,0.0,1.0
2010-11-02,82.5,83,80.324997,80.474998,2174,0.0,1.0
2010-11-03,80.75,83.5,80.550003,80.550003,444,0.0,1.0
2010-11-04,82.5,82.5,80.75,81.925003,658,0.0,1.0
2010-11-08,82.474998,82.474998,82.474998,82.474998,40,0.0,1.0
2010-11-09,84.974998,85.5,82,84.824997,4492,0.0,1.0
2010-11-10,86.25,86.25,82.5,84.875,1812,0.0,1.0
2010-11-12,85.5,85.5,83.474998,83.5,274,0.0,1.0
2010-11-15,87.5,87.5,81,81.275002,996,0.0,1.0
2010-11-16,82.5,82.5,80.875,81.025002,1194,0.0,1.0
2010-11-18,80.050003,82.25,80,80.025002,2520,0.0,1.0
2010-11-19,82.349998,82.349998,80.099998,81,546,0.0,1.0
2010-11-22,84,84,80,80.150002,812,0.0,1.0
2010-11-23,86.5,86.5,80,80,860,0.0,1.0
2010-11-24,84,84,80.025002,82.925003,5204,0.0,1.0
2010-11-25,80.599998,80.599998,80.599998,80.599998,140,0.0,1.0
2010-11-26,80.125,82.974998,78.5,78.525002,432,0.0,1.0
2010-11-29,78.5,80,78.5,80,122,0.0,1.0
2010-11-30,78.550003,82.5,78.525002,78.775002,222,0.0,1.0
2010-12-01,81.349998,81.349998,78.625,78.775002,738,0.0,1.0
2010-12-02,84,84,79.574997,79.574997,104,0.0,1.0
2010-12-03,85,85,78.525002,78.650002,844,0.0,1.0
2010-12-06,82,82,78.5,78.699997,1502,0.0,1.0
2010-12-07,78.75,82.5,78.75,82.5,4000,0.0,1.0
2010-12-08,78.550003,83.5,78.5,78.925003,1622,0.0,1.0
2010-12-09,82.125,82.125,78.5,78.5,1640,0.0,1.0
2010-12-10,79.474998,79.474998,75,79.474998,224,0.0,1.0
2010-12-13,82.849998,82.849998,77.5,81.25,248,0.0,1.0
2010-12-14,78.074997,78.074997,78.074997,78.074997,100,0.0,1.0
2010-12-15,84.5,84.5,77.175003,79.5,254,0.0,1.0
2010-12-16,84.5,84.5,78,78,604,0.0,1.0
2010-12-20,83.400002,83.400002,80,81.925003,106,0.0,1.0
2010-12-22,84,84,78.75,79,420,0.0,1.0
2010-12-23,78,78,77.650002,77.650002,162,0.0,1.0
2010-12-24,80.925003,80.925003,80.875,80.875,22,0.0,1.0
2010-12-27,82.150002,82.150002,80.699997,80.699997,54,0.0,1.0
2010-12-28,80,80,76.900002,78.474998,440,0.0,1.0
2010-12-29,75.550003,79.474998,75.550003,77.449997,524,0.0,1.0
2010-12-30,77.099998,77.099998,77.099998,77.099998,80,0.0,1.0
2010-12-31,79.5,79.5,76,77,2822,0.0,1.0
2011-01-03,82.5,82.5,78,78,3934,0.0,1.0
2011-01-04,77.5,77.5,75,75.75,7814,0.0,1.0
2011-01-05,76,76,75.5,75.550003,384,0.0,1.0
2011-01-06,76.5,76.5,75,75.324997,2372,0.0,1.0
2011-01-07,77,77,75,75.025002,4660,0.0,1.0
2011-01-10,76.900002,76.900002,73.25,73.375,920,0.0,1.0
2011-01-11,72.550003,75,72.5,72.5,834,0.0,1.0
2011-01-12,74.974998,76,73,75.974998,466,0.0,1.0
2011-01-13,73.199997,73.199997,72.525002,72.525002,100,0.0,1.0
2011-01-14,77.5,77.5,72.5,73.175003,1802,0.0,1.0
2011-01-17,75,76.724998,72.525002,74.5,922,0.0,1.0
2011-01-18,74.974998,74.974998,72.525002,72.525002,226,0.0,1.0
2011-01-19,75.974998,75.974998,72.5,72.5,544,0.0,1.0
2011-01-20,72.5,72.5,70,70,92,0.0,1.0
2011-01-21,73.25,73.25,72,72,6,0.0,1.0
2011-01-24,73.400002,73.400002,70.550003,70.574997,206,0.0,1.0
2011-01-25,75,75.125,70.5,70.5,720,0.0,1.0
2011-01-27,70.5,73.25,70.5,73.25,24,0.0,1.0
2011-01-28,73.25,73.25,70,72,816,0.0,1.0
2011-01-31,72,72,68.025002,71.474998,212,0.0,1.0
2011-02-01,70,70,68,68,360,0.0,1.0
2011-02-02,72.449997,72.449997,68.25,71.925003,224,0.0,1.0
2011-02-04,71.974998,71.974998,68,68.125,210,0.0,1.0
2011-02-07,70.974998,70.974998,68.099998,68.099998,104,0.0,1.0
2011-02-08,68.025002,70.25,65.5,65.675003,2550,0.0,1.0
2011-02-09,67.5,67.5,64,64.050003,1652,0.0,1.0
2011-02-10,63.5,63.5,63.5,63.5,28,0.0,1.0
2011-02-11,60.025002,62,60,60.125,964,0.0,1.0
2011-02-14,60.549999,69.324997,60.5,68.925003,1700,0.0,1.0
2011-02-15,68.5,74.5,65,69.525002,856,0.0,1.0
2011-02-16,69,69,65.599998,68.875,320,0.0,1.0
2011-02-17,70.949997,70.949997,66.5,66.5,1822,0.0,1.0
2011-02-18,72.5,72.5,66.5,67,1180,0.0,1.0
2011-02-21,66.75,66.75,66.5,66.525002,682,0.0,1.0
2011-02-22,65,65,65,65,18,0.0,1.0
2011-02-23,65,65,65,65,8,0.0,1.0
2011-02-24,63.125,63.5,62.5,63.424999,298,0.0,1.0
2011-02-25,63.424999,66.275002,62.049999,62.375,1360,0.0,1.0
2011-02-28,62.375,66,61.5,65.5,1840,0.0,1.0
2011-03-03,65,65.525002,62.525002,62.625,402,0.0,1.0
2011-03-04,66.5,69.699997,64.75,68.925003,454,0.0,1.0
2011-03-07,63.25,69.5,63.25,64.400002,2740,0.0,1.0
2011-03-10,65.5,69.474998,65.5,69.474998,4,0.0,1.0
2011-03-11,69.974998,69.974998,65,65,72,0.0,1.0
2011-03-14,68.75,68.974998,67.75,67.75,12,0.0,1.0
2011-03-15,65,65,64.5,64.525002,350,0.0,1.0
2011-03-16,65.349998,66.949997,65.300003,65.574997,2700,0.0,1.0
2011-03-21,65.099998,65.25,65,65.25,900,0.0,1.0
2011-03-23,64.050003,67.5,64.050003,66.974998,72,0.0,1.0
2011-03-24,69.974998,72,67.525002,69.800003,2446,0.0,1.0
2011-03-25,69.5,76,68,72.025002,6700,0.0,1.0
2011-03-28,68.5,68.525002,68.5,68.525002,298,0.0,1.0
2011-03-29,67.5,68,67.5,67.75,404,0.0,1.0
2011-03-30,69.949997,70,68.050003,68.275002,744,0.0,1.0
2011-03-31,68.5,68.5,68.5,68.5,600,0.0,1.0
2011-04-01,69.5,74.824997,68,72.5,1264,0.0,1.0
2011-04-04,71,76,71,75.150002,440,0.0,1.0
2011-04-05,73,78,72.599998,72.599998,410,0.0,1.0
2011-04-06,77.5,79,72.5,75.125,3420,0.0,1.0
2011-04-07,77.474998,84.974998,77.474998,83.25,3454,0.0,1.0
2011-04-08,80,80.5,77.625,77.625,420,0.0,1.0
2011-04-11,77.5,77.5,76.5,77.5,304,0.0,1.0
2011-04-13,79.5,81,76.199997,77.324997,880,0.0,1.0
2011-04-15,77.125,77.800003,77.125,77.5,1060,0.0,1.0
2011-04-18,75.925003,76.949997,75.275002,76.199997,1264,0.0,1.0
2011-04-19,79.25,79.25,79.25,79.25,10,0.0,1.0
2011-04-20,75.675003,78.474998,75.675003,75.775002,662,0.0,1.0
2011-04-21,75,75,74,74.550003,266,0.0,1.0
2011-04-25,72.800003,75.025002,72.800003,72.925003,1574,0.0,1.0
2011-04-26,74.050003,74.050003,74.050003,74.050003,100,0.0,1.0
2011-04-27,75.050003,75.050003,75.050003,75.050003,100,0.0,1.0
2011-04-28,77.474998,77.949997,73.25,76.474998,12,0.0,1.0
2011-04-29,74,74.050003,72.5,74.050003,302,0.0,1.0
2011-05-02,75,75,72.550003,72.550003,102,0.0,1.0
2011-05-03,70.849998,70.849998,70.849998,70.849998,54,0.0,1.0
2011-05-04,70.400002,72.5,70.074997,71.425003,110,0.0,1.0
2011-05-05,70.5,71.900002,70.5,70.75,240,0.0,1.0
2011-05-06,70.525002,71.5,70.525002,71.5,400,0.0,1.0
2011-05-09,72.5,72.5,71,71,388,0.0,1.0
2011-05-10,72.5,72.5,70.050003,70.050003,164,0.0,1.0
2011-05-11,73.949997,73.949997,73.949997,73.949997,100,0.0,1.0
2011-05-12,70.050003,73.474998,70.050003,70.349998,24,0.0,1.0
2011-05-13,68.75,70,68.75,70,16,0.0,1.0
2011-05-16,70.550003,71,67.525002,70.125,1500,0.0,1.0
2011-05-18,70,75.025002,70,73.699997,28878,0.0,1.0
2011-05-19,74.5,74.5,71.449997,74.150002,2330,0.0,1.0
2011-05-20,71.25,72.5,71.125,71.125,624,0.0,1.0
2011-05-23,72.5,72.5,70.025002,70.025002,220,0.0,1.0
2011-05-24,70.025002,70.5,70.025002,70.5,210,0.0,1.0
2011-05-26,74.224998,74.275002,70,70,220,0.0,1.0
2011-05-27,71.5,71.5,71.5,71.5,200,0.0,1.0
2011-05-30,70.074997,74.974998,70.074997,72.525002,2432,0.0,1.0
2011-05-31,72.5,77.5,72.5,75.5,15472,0.0,1.0
2011-06-01,75,75,73.5,73.5,2894,0.0,1.0
2011-06-02,75.5,75.5,70.525002,71.050003,1916,0.0,1.0
2011-06-03,71.5,74.449997,71.5,74.449997,12000,0.0,1.0
2011-06-06,72,74.974998,70.125,71.150002,840,0.0,1.0
2011-06-07,74.5,74.5,71.5,71.5,26,0.0,1.0
2011-06-09,74.425003,74.425003,72.525002,72.525002,4,0.0,1.0
2011-06-10,71,73,71,73,308,0.0,1.0
2011-06-15,72.5,72.5,72.5,72.5,4,0.0,1.0
2011-06-17,74.949997,74.949997,71.525002,71.525002,724,0.0,1.0
2011-06-20,70.025002,72.224998,70,70.050003,610,0.0,1.0
2011-06-21,71.5,71.5,71.5,71.5,800,0.0,1.0
2011-06-22,70.050003,73.974998,70,70.25,4606,0.0,1.0
2011-06-23,70.199997,71.25,70.074997,70.074997,820,0.0,1.0
2011-06-24,70.025002,70.275002,70.025002,70.275002,88,0.0,1.0
2011-06-28,70.5,70.5,70,70.275002,8690,0.0,1.0
2011-06-29,70.775002,70.775002,70.675003,70.675003,780,0.0,1.0
2011-07-01,71,71,71,71,40,0.0,1.0
2011-07-04,72,72.5,71.5,71.5,488,0.0,1.0
2011-07-06,71.675003,77,71.675003,74.199997,3340,0.0,1.0
2011-07-07,72.25,76.925003,72.25,73,172,0.0,1.0
2011-07-08,72.574997,72.574997,72.574997,72.574997,200,0.0,1.0
2011-07-11,74.974998,78.900002,74.974998,75,286,0.0,1.0
2011-07-12,73.5,74.474998,72.25,72.5,442,0.0,1.0
2011-07-13,72.525002,75,72.5,72.599998,794,0.0,1.0
2011-07-14,77.5,77.5,72.5,74.199997,1602,0.0,1.0
2011-07-18,75,76,72.5,72.5,404,0.0,1.0
2011-07-20,72.150002,74.974998,72.025002,74.650002,3374,0.0,1.0
2011-07-21,72.074997,74.974998,72.074997,72.900002,260,0.0,1.0
2011-07-22,72.275002,74.974998,72,72.474998,29176,0.0,1.0
2011-07-25,73,73.849998,72,73,13186,0.0,1.0
2011-07-26,73,73.025002,72.050003,73,23036,0.0,1.0
2011-07-27,71.550003,73.949997,70.349998,73,4302,0.0,1.0
2011-07-28,70.25,73.025002,70.25,73,12006,0.0,1.0
2011-07-29,73,73.25,71.550003,73.25,12162,0.0,1.0
2011-08-01,73.474998,79.5,72.5,72.5,5000,0.0,1.0
2011-08-02,70.25,71,70.25,71,4894,0.0,1.0
2011-08-04,73.974998,73.974998,70.025002,70.025002,94,0.0,1.0
2011-08-05,67.525002,72.5,66,71.675003,50,0.0,1.0
2011-08-08,73.5,73.5,66.75,66.75,8,0.0,1.0
2011-08-09,66.5,72.5,63.525002,65,1256,0.0,1.0
2011-08-10,62.75,69.5,62.75,67.5,88,0.0,1.0
2011-08-11,72.5,72.5,65.224998,70.5,42,0.0,1.0
2011-08-12,72.5,73.300003,67.5,72.75,7384,0.0,1.0
2011-08-16,75.550003,78.300003,74.900002,76.025002,14510,0.0,1.0
2011-08-17,72.75,73.474998,72.5,72.525002,10042,0.0,1.0
2011-08-18,73,73,70.550003,71.974998,1070,0.0,1.0
2011-08-19,73,73,67.5,70.050003,1322,0.0,1.0
2011-08-22,71,71,71,71,50,0.0,1.0
2011-08-23,72.974998,72.974998,68.150002,72.699997,2048,0.0,1.0
2011-08-24,68.099998,72.974998,68.099998,70.800003,1238,0.0,1.0
2011-08-25,69.349998,72.75,69.349998,72.75,2400,0.0,1.0
2011-08-26,72.974998,72.974998,71.025002,72.849998,430,0.0,1.0
2011-08-29,74.974998,74.974998,71.525002,73.974998,508,0.0,1.0
2011-08-30,65.5,73.974998,65.5,70.25,196,0.0,1.0
2011-09-02,73.974998,74,72.5,72.525002,2600,0.0,1.0
2011-09-05,73.949997,73.949997,73.949997,73.949997,50,0.0,1.0
2011-09-06,73.949997,73.949997,71.025002,72.675003,742,0.0,1.0
2011-09-07,73.974998,74,72.625,72.900002,3340,0.0,1.0
2011-09-08,71.599998,73.900002,71.574997,73.900002,420,0.0,1.0
2011-09-09,71.25,73.599998,71.25,73.474998,1204,0.0,1.0
2011-09-12,73.875,73.875,73.875,73.875,2,0.0,1.0
2011-09-13,73.949997,73.949997,72.25,72.300003,208,0.0,1.0
2011-09-14,71.550003,73.699997,71.550003,73.699997,404,0.0,1.0
2011-09-15,73.25,73.75,72,73.099998,220,0.0,1.0
2011-09-16,73.5,73.5,72.050003,73.474998,150,0.0,1.0
2011-09-19,69.724998,73.375,69.724998,73.224998,180,0.0,1.0
2011-09-20,72.5,73.25,72.5,73.224998,984,0.0,1.0
2011-09-21,73.900002,74,73.900002,73.974998,4004,0.0,1.0
2011-09-22,73.875,73.974998,72.699997,73.650002,2574,0.0,1.0
2011-09-23,73.925003,73.925003,72.525002,72.525002,154,0.0,1.0
2011-09-26,72.199997,72.525002,72.199997,72.525002,366,0.0,1.0
2011-09-27,72.574997,72.574997,72.574997,72.574997,1004,0.0,1.0
2011-09-28,73.974998,73.974998,72.525002,73.974998,18,0.0,1.0
2011-09-29,72.199997,72.199997,72.199997,72.199997,150,0.0,1.0
2011-09-30,73.974998,74,73.974998,74,1520,0.0,1.0
2011-10-03,73.974998,73.974998,72.175003,72.199997,184,0.0,1.0
2011-10-05,73.925003,73.949997,72.300003,72.349998,104,0.0,1.0
2011-10-07,73.974998,73.974998,72.300003,73.875,26,0.0,1.0
2011-10-10,68,74,68,73.900002,1078,0.0,1.0
2011-10-11,74,74,72,72,170,0.0,1.0
2011-10-12,74,74,71.625,73.974998,4454,0.0,1.0
2011-10-13,74,74,73.75,73.75,4,0.0,1.0
2011-10-14,70.074997,73.974998,70.074997,72.75,6,0.0,1.0
2011-10-17,72.675003,73.75,72.675003,73.75,54,0.0,1.0
2011-10-18,72.824997,74,72.824997,74,202,0.0,1.0
2011-10-19,70,74,70,74,2860,0.0,1.0
2011-10-20,74.75,74.75,73.75,73.75,200,0.0,1.0
2011-10-21,73.75,74.974998,73.75,74.949997,106,0.0,1.0
2011-10-24,74.974998,74.974998,73.125,74.474998,8,0.0,1.0
2011-10-25,73.125,73.125,73.125,73.125,2,0.0,1.0
2011-10-28,75,75,75,75,96,0.0,1.0
2011-11-01,73.650002,75,73.650002,75,804,0.0,1.0
2011-11-02,71.75,75,70.949997,74.974998,8274,0.0,1.0
2011-11-03,74.75,74.75,74.75,74.75,100,0.0,1.0
2011-11-04,74.974998,75,74.5,74.875,2290,0.0,1.0
2011-11-08,75,75,73.5,73.525002,78,0.0,1.0
2011-11-09,73.625,75,73.599998,74.974998,3198,0.0,1.0
2011-11-11,74.974998,74.974998,74.199997,74.875,620,0.0,1.0
2011-11-15,73.050003,74.949997,73.050003,74.949997,180,0.0,1.0
2011-11-16,74,74.5,73.699997,73.699997,676,0.0,1.0
2011-11-17,70.550003,73.5,70.550003,73.050003,340,0.0,1.0
2011-11-18,67.550003,74,67.550003,73.025002,1376,0.0,1.0
2011-11-21,74.675003,74.675003,71.5,72.275002,1356,0.0,1.0
2011-11-22,72.5,73.949997,70.099998,73.949997,822,0.0,1.0
2011-11-23,68.775002,73.224998,68.775002,70.75,470,0.0,1.0
2011-11-24,72.300003,72.300003,72.300003,72.300003,2,0.0,1.0
2011-11-25,74.25,74.25,70.900002,71.425003,138,0.0,1.0
2011-11-28,72.724998,74.5,72.5,72.5,474,0.0,1.0
2011-11-29,72.525002,73.5,71.125,72.025002,230,0.0,1.0
2011-11-30,73.474998,74,71.099998,73.5,24060,0.0,1.0
2011-12-01,72.525002,74.224998,72.5,74.224998,774,0.0,1.0
2011-12-02,73,74.974998,72.5,73.050003,3386,0.0,1.0
2011-12-05,73.525002,74.900002,73,73.150002,782,0.0,1.0
2011-12-07,73.150002,73.150002,73.150002,73.150002,0,0.0,1.0
2011-12-08,74.925003,74.925003,74.875,74.875,4,0.0,1.0
2011-12-09,73.5,73.5,73.5,73.5,180,0.0,1.0
2011-12-12,73.025002,74.400002,73,73.400002,170,0.0,1.0
2011-12-13,73,73,73,73,112,0.0,1.0
2011-12-14,72.5,74.775002,72.5,74.775002,102,0.0,1.0
2011-12-15,71.5,73.974998,70,73.949997,62,0.0,1.0
2011-12-16,70.675003,70.675003,68.224998,68.375,102,0.0,1.0
2011-12-19,74,74,68.025002,69.949997,182,0.0,1.0
2011-12-20,69.949997,69.949997,69.949997,69.949997,0,0.0,1.0
2011-12-21,64.525002,71.25,64.525002,71.25,6,0.0,1.0
2011-12-22,69.724998,72.275002,67.525002,70.650002,1076,0.0,1.0
2011-12-23,73.724998,73.75,72.449997,72.449997,122,0.0,1.0
2011-12-26,74.5,74.5,74.5,74.5,4,0.0,1.0
2011-12-27,69.050003,72.75,65.800003,67.375,1684,0.0,1.0
2011-12-28,67.375,67.375,67.375,67.375,0,0.0,1.0
2011-12-29,67,67,65,65.224998,54,0.0,1.0
2011-12-30,65,67.449997,64.25,64.5,234,0.0,1.0
2012-01-02,66.974998,66.974998,62.75,62.875,708,0.0,1.0
2012-01-03,66.75,66.900002,63.049999,66.425003,104,0.0,1.0
2012-01-04,66.824997,67.949997,66.824997,67.5,10,0.0,1.0
2012-01-05,63.700001,68.949997,63.700001,67.25,560,0.0,1.0
2012-01-06,67.75,68,64,64.849998,1324,0.0,1.0
2012-01-09,68,69,68,69,70,0.0,1.0
2012-01-10,68.974998,73.724998,68.074997,70.675003,2550,0.0,1.0
2012-01-11,70,70,67.050003,67.175003,5462,0.0,1.0
2012-01-12,66.5,68.650002,66,67.324997,106,0.0,1.0
2012-01-13,65.75,67.5,65,66.175003,2722,0.0,1.0
2012-01-16,68.224998,68.224998,68.224998,68.224998,2,0.0,1.0
2012-01-17,66.5,66.5,66.5,66.5,150,0.0,1.0
2012-01-18,69.474998,69.5,66.5,66.625,540,0.0,1.0
2012-01-19,67.5,70.875,67.5,68.900002,594,0.0,1.0
2012-01-20,69.800003,69.800003,69.800003,69.800003,2,0.0,1.0
2012-01-23,69.75,69.949997,68,69.125,1444,0.0,1.0
2012-01-24,66.5,70,66.5,69.949997,2232,0.0,1.0
2012-01-25,71.474998,74.400002,70.5,73.150002,3554,0.0,1.0
2012-01-27,73.900002,73.900002,73.900002,73.900002,8,0.0,1.0
2012-01-30,74.849998,74.849998,71.599998,73.300003,782,0.0,1.0
2012-01-31,72.300003,74.75,72.300003,74.625,1074,0.0,1.0
2012-02-01,74.75,76,74.275002,75.650002,10680,0.0,1.0
2012-02-02,74.75,76,70,76,6892,0.0,1.0
2012-02-03,74,90,73.5,82.974998,27104,0.0,1.0
2012-02-06,82.425003,85.025002,79.074997,83.949997,6962,0.0,1.0
2012-02-07,82.800003,88.5,82.800003,85.724998,14974,0.0,1.0
2012-02-08,86.5,88.849998,86,86.75,2982,0.0,1.0
2012-02-09,91,91,89.224998,89.224998,32,0.0,1.0
2012-02-10,86.75,89.699997,86.75,87,1938,0.0,1.0
2012-02-13,85,85.875,83.275002,85.099998,1568,0.0,1.0
2012-02-14,87.474998,87.474998,85,85,544,0.0,1.0
2012-02-15,84.849998,85.025002,83.599998,84.324997,2192,0.0,1.0
2012-02-16,82.650002,86.949997,82.650002,84.125,1156,0.0,1.0
2012-02-17,85.949997,87.474998,85,85.75,2788,0.0,1.0
2012-02-21,88.5,88.974998,86.025002,87.800003,4200,0.0,1.0
2012-02-22,87,88,84.125,84.125,3592,0.0,1.0
2012-02-23,83.199997,83.199997,83.175003,83.175003,100,0.0,1.0
2012-02-24,84,84,81.550003,82.75,518,0.0,1.0
2012-02-27,81.5,84.75,79.025002,80,8280,0.0,1.0
2012-02-28,79.5,81.474998,79,79,13056,0.0,1.0
2012-02-29,80.5,81.5,78.525002,79.800003,4358,0.0,1.0
2012-03-01,79.800003,82.375,79,80.175003,5110,0.0,1.0
2012-03-02,80,81.974998,79.099998,79.224998,2880,0.0,1.0
2012-03-05,79.224998,79.224998,79.224998,79.224998,0,0.0,1.0
2012-03-06,79.224998,79.224998,79.224998,79.224998,0,0.0,1.0
2012-03-07,78.949997,78.949997,76.900002,78.925003,510,0.0,1.0
2012-03-09,80,82.474998,78.625,82.474998,5440,0.0,1.0
2012-03-12,82.849998,86.650002,82.849998,84.050003,816,0.0,1.0
2012-03-13,82.925003,85.5,82.925003,85.224998,834,0.0,1.0
2012-03-14,84.5,86.5,83.5,85.900002,892,0.0,1.0
2012-03-15,82.574997,86.675003,82.574997,84,312,0.0,1.0
2012-03-16,83.025002,83.025002,83.025002,83.025002,220,0.0,1.0
2012-03-19,82.5,86.525002,82,84,1158,0.0,1.0
2012-03-20,86,86,83.525002,84,254,0.0,1.0
2012-03-21,84.25,84.25,84.25,84.25,50,0.0,1.0
2012-03-22,84,84,81.550003,82.599998,206,0.0,1.0
2012-03-23,82.599998,82.599998,82.599998,82.599998,0,0.0,1.0
2012-03-26,86.400002,86.400002,81.525002,84.125,2444,0.0,1.0
2012-03-27,81.525002,87.449997,81.525002,84.300003,1050,0.0,1.0
2012-03-28,83,83,83,83,338,0.0,1.0
2012-03-29,84,84,84,84,1000,0.0,1.0
2012-03-30,85,89.224998,84,88.699997,5274,0.0,1.0
2012-04-02,87.574997,90,87.574997,89.949997,868,0.0,1.0
2012-04-03,88.324997,88.775002,88.324997,88.775002,650,0.0,1.0
2012-04-04,88.974998,89.75,87.5,89.75,376,0.0,1.0
2012-04-09,89.974998,89.974998,87.25,87.474998,526,0.0,1.0
2012-04-10,87.5,90,87.275002,88.474998,80,0.0,1.0
2012-04-11,87.5,89.974998,85,86.525002,2418,0.0,1.0
2012-04-12,87.949997,87.949997,87.025002,87.025002,104,0.0,1.0
2012-04-13,87.5,89.5,85.775002,87.275002,2380,0.0,1.0
2012-04-16,87.275002,87.275002,87.275002,87.275002,0,0.0,1.0
2012-04-17,86,90,86,89.099998,5492,0.0,1.0
2012-04-18,87.625,91.849998,87.625,90,292,0.0,1.0
2012-04-19,88,89.974998,87.525002,89.025002,2908,0.0,1.0
2012-04-20,87.599998,87.599998,87.599998,87.599998,28,0.0,1.0
2012-04-23,88.025002,89.849998,87,89.375,3214,0.0,1.0
2012-04-24,89.699997,89.699997,88.5,89.099998,4,0.0,1.0
2012-04-25,86.025002,88.75,86,86.025002,1630,0.0,1.0
2012-04-26,86.125,88.400002,86.050003,86.050003,2314,0.0,1.0
2012-04-27,85.074997,87.875,85.025002,87,3364,0.0,1.0
2012-04-30,86.025002,86.025002,86.025002,86.025002,100,0.0,1.0
2012-05-02,86.5,88.474998,85.625,85.625,748,0.0,1.0
2012-05-03,85.025002,85.025002,85.025002,85.025002,40,0.0,1.0
2012-05-04,85.574997,86.5,83.025002,86.175003,6766,0.0,1.0
2012-05-07,85,85,82.550003,82.550003,42,0.0,1.0
2012-05-08,83.099998,87.400002,83.099998,87.400002,60,0.0,1.0
2012-05-09,83.199997,83.25,83.199997,83.224998,800,0.0,1.0
2012-05-10,83.025002,85,83.025002,85,300,0.0,1.0
2012-05-11,85,85,85,85,0,0.0,1.0
2012-05-14,86.5,86.5,86.375,86.375,380,0.0,1.0
2012-05-15,85.324997,92.324997,85.324997,90.699997,19922,0.0,1.0
2012-05-16,90.5,92.974998,89.050003,92.300003,7784,0.0,1.0
2012-05-17,91.25,95.5,90.550003,92.75,10254,0.0,1.0
2012-05-18,91,92.474998,90,90.400002,922,0.0,1.0
2012-05-21,94.75,94.75,91.699997,91.699997,1060,0.0,1.0
2012-05-22,92.5,94.5,91.650002,94.5,2144,0.0,1.0
2012-05-23,94.25,94.449997,94.25,94.449997,370,0.0,1.0
2012-05-24,92,92,90.125,91.849998,2946,0.0,1.0
2012-05-25,92.5,94.224998,91.849998,92,1486,0.0,1.0
2012-05-28,91,92.974998,91,92.974998,62,0.0,1.0
2012-05-29,92,92.974998,91.349998,91.425003,602,0.0,1.0
2012-05-30,90.525002,92.474998,89,90,6860,0.0,1.0
2012-05-31,89.974998,92.324997,89.974998,90.050003,1150,0.0,1.0
2012-06-01,90.175003,90.175003,88.5,89.324997,618,0.0,1.0
2012-06-04,90,91.699997,90,90.099998,1990,0.0,1.0
2012-06-05,92.474998,92.474998,89.650002,90,686,0.0,1.0
2012-06-06,92.5,93.474998,91.5,93,5658,0.0,1.0
2012-06-07,93.75,95.5,91.775002,94.650002,7750,0.0,1.0
2012-06-08,95,96,93.400002,95.300003,1366,0.0,1.0
2012-06-11,95.025002,96.925003,93.675003,96.925003,704,0.0,1.0
2012-06-12,95,97.974998,95,97.775002,1258,0.0,1.0
2012-06-13,96,101.75,96,98.974998,2014,0.0,1.0
2012-06-14,101.75,101.75,97.074997,99.25,2012,0.0,1.0
2012-06-15,100,103.900002,99.125,101.849998,4306,0.0,1.0
2012-06-18,105,105,100.025002,100.125,1802,0.0,1.0
2012-06-19,100,101.5,96.300003,96.949997,1138,0.0,1.0
2012-06-20,97,100.474998,96.5,98.75,1582,0.0,1.0
2012-06-21,99,99.949997,97.550003,97.650002,2330,0.0,1.0
2012-06-22,99,104.724998,97.800003,99.974998,662,0.0,1.0
2012-06-25,100,100.125,96.5,97.5,222,0.0,1.0
2012-06-26,95.5,99.974998,95,96.349998,2114,0.0,1.0
2012-06-27,97.5,97.5,95.550003,95.550003,52,0.0,1.0
2012-06-28,96.5,96.5,95.099998,96.5,304,0.0,1.0
2012-06-29,101,101,96,96,592,0.0,1.0
2012-07-02,97,101,96,100.300003,7346,0.0,1.0
2012-07-03,97,101.5,97,100.5,1312,0.0,1.0
2012-07-04,102.474998,104.25,100.025002,103.849998,1650,0.0,1.0
2012-07-05,101.525002,104.474998,98.75,102.349998,786,0.0,1.0
2012-07-06,102.275002,104.474998,99.25,103.400002,802,0.0,1.0
2012-07-09,100.599998,104.25,100,102.525002,3986,0.0,1.0
2012-07-10,105.75,105.75,102.5,103.199997,4554,0.0,1.0
2012-07-11,102.5,102.5,101.449997,102.5,1294,0.0,1.0
2012-07-12,102.5,102.5,100.800003,100.800003,502,0.0,1.0
2012-07-13,100.900002,104.449997,100.900002,102.724998,668,0.0,1.0
2012-07-16,104.099998,104.099998,101.300003,101.300003,126,0.0,1.0
2012-07-17,101.300003,101.300003,101.300003,101.300003,0,0.0,1.0
2012-07-18,102.5,104.275002,100.125,104.275002,610,0.0,1.0
2012-07-19,101.050003,104,101.050003,103.974998,2032,0.0,1.0
2012-07-20,101.525002,105.25,101.525002,101.525002,922,0.0,1.0
2012-07-23,102.5,104.974998,102.5,104.974998,434,0.0,1.0
2012-07-24,103.525002,106,103.525002,103.650002,342,0.0,1.0
2012-07-25,104.125,105.400002,102.025002,104.025002,1692,0.0,1.0
2012-07-26,104.5,107,104.5,106.224998,2694,0.0,1.0
2012-07-27,106,119.449997,105.025002,112.199997,4544,0.0,1.0
2012-07-30,112,112.5,109,110.900002,3244,2.75038,1.0
2012-07-31,112.300003,112.525002,109.724998,111.349998,674,0.0,1.0
2012-08-01,115,117.75,112.5,115.074997,8684,0.0,1.0
2012-08-02,117.400002,120.949997,117.400002,119.25,15040,0.0,1.0
2012-08-03,120,122.5,117,117.849998,4844,0.0,1.0
2012-08-06,119.474998,119.974998,116.5,117.550003,2978,0.0,1.0
2012-08-07,119,120.949997,106.025002,110.625,10662,0.0,1.0
2012-08-08,105.5,109.5,102.525002,107.949997,8662,0.0,1.0
2012-08-09,106.025002,107.949997,103.5,107,7178,0.0,1.0
2012-08-10,105.175003,106.449997,105.050003,106,128,0.0,1.0
2012-08-13,105.025002,106.949997,105.025002,106.474998,200,0.0,1.0
2012-08-14,107,112.400002,106.974998,110,3072,0.0,1.0
2012-08-16,110.175003,110.175003,109.025002,109.550003,112,0.0,1.0
2012-08-17,111,113.525002,111,111.5,1368,0.0,1.0
2012-08-21,111.5,113,111.5,111.724998,1576,0.0,1.0
2012-08-22,111.599998,111.599998,111.574997,111.574997,1000,0.0,1.0
2012-08-23,110.625,112.224998,110.625,112.175003,790,0.0,1.0
2012-08-24,112.224998,113.949997,111.75,111.775002,1442,0.0,1.0
2012-08-27,114.125,114.125,112.5,112.650002,1670,0.0,1.0
2012-08-28,113,113.025002,111.525002,111.775002,1842,0.0,1.0
2012-08-29,110,113.5,110,110.599998,3404,0.0,1.0
2012-08-30,111.5,111.5,111.5,111.5,1122,0.0,1.0
2012-08-31,117.5,119,110,113.224998,1404,0.0,1.0
2012-09-03,112.5,112.5,111.25,111.25,256,0.0,1.0
2012-09-04,111.25,111.25,111.25,111.25,0,0.0,1.0
2012-09-05,111.5,111.5,110.5,110.5,704,0.0,1.0
2012-09-06,110,111.5,109.525002,110.375,648,0.0,1.0
2012-09-07,111.125,111.125,111.125,111.125,100,0.0,1.0
2012-09-10,111.5,116.5,111.5,116.5,4642,0.0,1.0
2012-09-11,115,115,113.324997,115,1714,0.0,1.0
2012-09-12,115,120.974998,114.175003,120.199997,3072,0.0,1.0
2012-09-13,117.5,121.949997,117.5,119.125,7630,0.0,1.0
2012-09-14,121,121.949997,119.949997,119.949997,1870,0.0,1.0
2012-09-17,120,122.25,119,120.375,374,0.0,1.0
2012-09-18,120,124.5,119.125,123.050003,1798,0.0,1.0
2012-09-20,122.5,125,121.525002,124,2426,0.0,1.0
2012-09-21,122.5,123.724998,119,119.150002,686,0.0,1.0
2012-09-24,120,122.474998,119.25,119.625,212,0.0,1.0
2012-09-25,120,125,120,122,1934,0.0,1.0
2012-09-26,119.5,125.025002,119.5,122.525002,4436,0.0,1.0
2012-09-27,124,124.025002,121.5,121.5,42,0.0,1.0
2012-09-28,122.5,125,120.824997,122.25,1702,0.0,1.0
2012-10-01,120,127.525002,119.5,126.474998,5446,0.0,1.0
2012-10-03,126,128.25,125.25,126.5,1218,0.0,1.0
2012-10-04,126,131.475006,126,129.5,3072,0.0,1.0
2012-10-05,130,130,126.349998,127.525002,4864,0.0,1.0
2012-10-08,128,128,127,127,452,0.0,1.0
2012-10-09,125,128,120.050003,122.550003,5878,0.0,1.0
2012-10-10,121.5,121.5,120.025002,120.025002,58,0.0,1.0
2012-10-11,120,122.474998,120,120,994,0.0,1.0
2012-10-12,120,122.474998,120,120,348,0.0,1.0
2012-10-15,119.025002,119.574997,119.025002,119.550003,36,0.0,1.0
2012-10-16,120,120.025002,119.349998,119.525002,410,0.0,1.0
2012-10-17,119.050003,125,118.699997,124.175003,2666,0.0,1.0
2012-10-18,122.5,122.5,120.199997,121.525002,184,0.0,1.0
2012-10-19,121.525002,121.525002,121.525002,121.525002,0,0.0,1.0
2012-10-22,120.050003,123.5,119,123.5,1242,0.0,1.0
2012-10-23,122.5,122.5,120.5,120.550003,106,0.0,1.0
2012-10-25,122.5,123.724998,120.574997,120.574997,2142,0.0,1.0
2012-10-29,121.574997,124.974998,121.5,123.525002,532,0.0,1.0
2012-10-30,123.75,130,121.5,128.949997,1366,0.0,1.0
2012-10-31,125,127.550003,121.25,127.5,12,0.0,1.0
2012-11-01,125.75,129.5,125.025002,129.300003,152,0.0,1.0
2012-11-02,125.025002,127.5,125.025002,125.175003,1190,0.0,1.0
2012-11-05,127.5,129,127.5,127.5,8,0.0,1.0
2012-11-06,129.774994,129.774994,120.099998,125.625,2174,0.0,1.0
2012-11-07,120,125,117.5,121.949997,6920,0.0,1.0
2012-11-08,120,124.974998,120,124.474998,552,0.0,1.0
2012-11-09,122.5,122.5,120,120,998,0.0,1.0
2012-11-12,120.099998,121.5,120,121.275002,1500,0.0,1.0
2012-11-15,122.5,127,122.5,126.574997,2006,0.0,1.0
2012-11-16,122.550003,122.550003,122.525002,122.525002,30,0.0,1.0
2012-11-19,120.074997,124.5,117.599998,119.974998,10226,0.0,1.0
2012-11-20,122.974998,122.974998,117.5,117.550003,416,0.0,1.0
2012-11-21,117.550003,122.474998,117.550003,122.449997,8,0.0,1.0
2012-11-22,122.449997,122.449997,122.449997,122.449997,0,0.0,1.0
2012-11-23,120,122.400002,118.625,120.949997,2702,0.0,1.0
2012-11-26,122.449997,125,120,122.050003,478,0.0,1.0
2012-11-27,122.5,124.699997,120.099998,122.5,9146,0.0,1.0
2012-11-29,125,128,121.25,123.199997,2608,0.0,1.0
2012-11-30,126,126,120.5,122.050003,70,0.0,1.0
2012-12-03,127.5,137.199997,122.824997,129.5,1810,0.0,1.0
2012-12-04,127.974998,128,125.025002,125.025002,912,0.0,1.0
2012-12-05,127.5,129.875,124.025002,126.599998,1140,0.0,1.0
2012-12-06,131.5,131.5,122,124.650002,52,0.0,1.0
2012-12-07,123.400002,127.5,123.400002,125,812,0.0,1.0
2012-12-10,125,125,122.599998,122.800003,578,0.0,1.0
2012-12-11,122.625,124,122.625,124,208,0.0,1.0
2012-12-12,124,126.775002,124,126.775002,242,0.0,1.0
2012-12-13,126.800003,126.800003,122.75,123.449997,290,0.0,1.0
2012-12-14,125,126,123.75,126,442,0.0,1.0
2012-12-17,127,127,124.125,124.25,500,0.0,1.0
2012-12-18,126.5,128.024994,126.5,128,246,0.0,1.0
2012-12-19,129.975006,129.975006,123.75,128.25,2760,0.0,1.0
2012-12-20,127.5,135.925003,125.900002,135.925003,696692,0.0,1.0
2012-12-21,133.625,136,125.050003,128.300003,2704,0.0,1.0
2012-12-24,131.725006,132.5,131.675003,132.5,28,0.0,1.0
2012-12-26,130,137.199997,130,136.824997,2548,0.0,1.0
2012-12-27,127.5,137.5,125,135.824997,1180,0.0,1.0
2012-12-28,135,136.5,130.050003,134.975006,2860,0.0,1.0
2012-12-31,134.975006,136,131.449997,131.5,4116,0.0,1.0
2013-01-01,130.024994,130.850006,130.024994,130.850006,200,0.0,1.0
2013-01-02,131.175003,134.875,125.175003,127.349998,15404,0.0,1.0
2013-01-03,129.975006,131,125.525002,127.474998,5948,0.0,1.0
2013-01-04,125.025002,137.5,125.025002,128.050003,83844,0.0,1.0
2013-01-07,130,130.149994,125.625,126.099998,6820,0.0,1.0
2013-01-08,126.099998,126.099998,122.5,122.724998,7812,0.0,1.0
2013-01-09,122.5,123,121.650002,123,920,0.0,1.0
2013-01-10,123.25,124.900002,120,120.050003,4412,0.0,1.0
2013-01-11,123.5,123.5,117.550003,120,9582,0.0,1.0
2013-01-14,119,124,117.550003,122.375,418,0.0,1.0
2013-01-15,120,122.5,118.525002,119.824997,750,0.0,1.0
2013-01-16,120,122.449997,119.525002,119.550003,480,0.0,1.0
2013-01-17,119.5,124.449997,117.5,120.074997,2172,0.0,1.0
2013-01-18,117.625,122.5,117.625,120,1106,0.0,1.0
2013-01-21,117.574997,122.5,117.574997,121.425003,104,0.0,1.0
2013-01-22,121.425003,121.425003,121.425003,121.425003,0,0.0,1.0
2013-01-23,120,128,118.800003,124.925003,1520,0.0,1.0
2013-01-24,126.5,126.5,120.525002,120.525002,293612,0.0,1.0
2013-01-25,119,125,117.525002,122.349998,224,0.0,1.0
2013-01-28,120.25,124.849998,120.25,124,464,0.0,1.0
2013-01-29,121,121,120.025002,120.025002,22,0.0,1.0
2013-01-30,125,125,120,120.449997,267854,0.0,1.0
2013-01-31,120.025002,120.175003,120.025002,120.175003,220,0.0,1.0
2013-02-01,121,121,120,121,66,0.0,1.0
2013-02-04,122,123,119.025002,119.099998,416,0.0,1.0
2013-02-05,120,123.949997,117.5,122.5,2560,0.0,1.0
2013-02-06,120,129,115.800003,124.550003,18078,0.0,1.0
2013-02-07,121.125,126.5,119,119.224998,796,0.0,1.0
2013-02-08,120,123.75,120,123.75,354,0.0,1.0
2013-02-11,122.5,122.5,120,120,144,0.0,1.0
2013-02-12,118.800003,120.050003,118.550003,119.5,1326,0.0,1.0
2013-02-13,118.5,120,117.525002,117.800003,328,0.0,1.0
2013-02-14,117.5,117.75,117.5,117.525002,720,0.0,1.0
2013-02-15,117.525002,117.525002,117.525002,117.525002,60,0.0,1.0
2013-02-18,117.525002,117.525002,117.525002,117.525002,2,0.0,1.0
2013-02-19,119,120.75,117.525002,118.25,12,0.0,1.0
2013-02-20,121,124.324997,121,123.925003,64,0.0,1.0
2013-02-21,122.5,122.5,115,117.324997,7508,0.0,1.0
2013-02-22,115,120,113.550003,119.175003,916,0.0,1.0
2013-02-25,119.5,119.5,112.550003,112.974998,258,0.0,1.0
2013-02-26,114.900002,116.474998,112.5,112.550003,796,0.0,1.0
2013-02-27,112.550003,112.550003,112.550003,112.550003,0,0.0,1.0
2013-02-28,112.5,112.849998,111.5,111.525002,454,0.0,1.0
2013-03-01,111.525002,111.525002,111.525002,111.525002,0,0.0,1.0
2013-03-04,111.525002,111.525002,111.525002,111.525002,0,0.0,1.0
2013-03-05,111.5,111.5,110.025002,110.025002,8,0.0,1.0
2013-03-06,110,110,110,110,22,0.0,1.0
2013-03-07,113,113,113,113,2,0.0,1.0
2013-03-08,112.5,112.5,110,110.025002,230,0.0,1.0
2013-03-11,110,110,110,110,202,0.0,1.0
2013-03-12,110,122,110,111.474998,20640,0.0,1.0
2013-03-13,111.474998,111.474998,111.474998,111.474998,0,0.0,1.0
2013-03-14,115.925003,115.925003,115.925003,115.925003,2,0.0,1.0
2013-03-15,110.025002,119,110.025002,112.574997,6006,0.0,1.0
2013-03-18,112.5,112.5,107.599998,107.599998,414,0.0,1.0
2013-03-19,110,115,110,112.5,230,0.0,1.0
2013-03-20,112.5,112.5,112.5,112.5,0,0.0,1.0
2013-03-21,113.5,113.5,110.25,110.25,445382,0.0,1.0
2013-03-22,110,110,107.675003,107.675003,340,0.0,1.0
2013-03-25,107.525002,107.525002,107.5,107.5,892,0.0,1.0
2013-03-26,107.5,110,105.300003,105.699997,180036,0.0,1.0
2013-03-28,107.5,109,103.25,103.824997,100170,0.0,1.0
2013-04-01,105,105,97.625,99.125,270,0.0,1.0
2013-04-02,99,101.699997,97.5,101.699997,1228,0.0,1.0
2013-04-03,101.699997,101.699997,101.699997,101.699997,0,0.0,1.0
2013-04-04,99,105,99,100.925003,108,0.0,1.0
2013-04-05,102.525002,102.75,102.525002,102.75,286,0.0,1.0
2013-04-08,102.75,102.75,102.75,102.75,0,0.0,1.0
2013-04-09,102.75,102.75,102.75,102.75,0,0.0,1.0
2013-04-10,102.5,102.5,102.5,102.5,200,0.0,1.0
2013-04-11,102.5,102.5,100.25,100.599998,590,0.0,1.0
2013-04-12,101,102.5,97.550003,102.474998,2612,0.0,1.0
2013-04-15,101,101,101,101,100,0.0,1.0
2013-04-16,96.125,101.875,96.125,99.099998,112,0.0,1.0
2013-04-17,100,100,97.5,97.5,8,0.0,1.0
2013-04-18,97.5,97.5,97.5,97.5,0,0.0,1.0
2013-04-22,99,99.974998,97.5,97.5,38,0.0,1.0
2013-04-23,97.5,97.5,95.099998,95.099998,14,0.0,1.0
2013-04-25,95.099998,95.099998,95.099998,95.099998,0,0.0,1.0
2013-04-26,95.099998,95.099998,95.099998,95.099998,0,0.0,1.0
2013-04-29,96,96,96,96,20,0.0,1.0
2013-04-30,95.025002,96,95,95,496,0.0,1.0
2013-05-02,95.5,98.75,95.5,98.75,200,0.0,1.0
2013-05-03,97.5,99,97.5,99,12,0.0,1.0
2013-05-06,97.5,102.5,95.025002,102.199997,120,0.0,1.0
2013-05-07,101,101,100,100,4,0.0,1.0
2013-05-08,97.625,97.625,97.625,97.625,4,0.0,1.0
2013-05-09,100.025002,100.025002,100.025002,100.025002,220,0.0,1.0
2013-05-10,102.5,110,101.25,109,72560,0.0,1.0
2013-05-13,107.5,107.5,107.5,107.5,4,0.0,1.0
2013-05-14,107.5,107.5,100.5,100.5,1944,0.0,1.0
2013-05-15,100.5,100.5,100.5,100.5,0,0.0,1.0
2013-05-16,104.5,104.5,100.5,100.5,64,0.0,1.0
2013-05-17,100.025002,101.974998,100.025002,101.974998,214,0.0,1.0
2013-05-20,104.974998,104.974998,100.025002,100.050003,18,0.0,1.0
2013-05-21,105,108.5,100.849998,100.849998,27336,0.0,1.0
2013-05-22,104.949997,104.949997,100,100,416,0.0,1.0
2013-05-23,100,100,95,95.025002,1652,0.0,1.0
2013-05-24,95,95,95,95,1710,0.0,1.0
2013-05-27,95,95,92.5,92.5,100,0.0,1.0
2013-05-28,93,93,93,93,10,0.0,1.0
2013-05-29,92.525002,93,92.525002,93,110,0.0,1.0
2013-05-30,93,93,93,93,0,0.0,1.0
2013-05-31,92.5,92.5,92.5,92.5,6,0.0,1.0
2013-06-03,92.5,92.5,92.5,92.5,0,0.0,1.0
2013-06-04,92.5,92.5,92.5,92.5,0,0.0,1.0
2013-06-05,92.75,92.75,92.75,92.75,200,0.0,1.0
2013-06-06,92.5,92.5,92.5,92.5,12,0.0,1.0
2013-06-07,92.5,92.5,92.5,92.5,600,0.0,1.0
2013-06-10,94.974998,94.974998,94.974998,94.974998,20,0.0,1.0
2013-06-11,92.5,93,92.5,93,210,0.0,1.0
2013-06-12,93,93,93,93,0,0.0,1.0
2013-06-13,92.525002,92.525002,92.5,92.5,200,0.0,1.0
2013-06-14,92.525002,92.525002,92.525002,92.525002,4,0.0,1.0
2013-06-17,94.974998,94.974998,94.974998,94.974998,4,0.0,1.0
2013-06-18,94.974998,94.974998,94.974998,94.974998,4,0.0,1.0
2013-06-19,94.974998,99.349998,94.974998,96.875,16,0.0,1.0
2013-06-20,96.875,96.875,96.875,96.875,0,0.0,1.0
2013-06-21,97,97,92.5,93.25,126,0.0,1.0
2013-06-24,93.25,93.25,93.25,93.25,0,0.0,1.0
2013-06-25,93.25,93.25,93.25,93.25,0,0.0,1.0
2013-06-26,92.5,92.5,92.5,92.5,70,0.0,1.0
2013-06-27,92.525002,92.525002,92.525002,92.525002,200,0.0,1.0
2013-06-28,92.525002,92.525002,92.525002,92.525002,0,0.0,1.0
2013-07-01,95,105.974998,95,103.650002,398,0.0,1.0
2013-07-02,100.525002,104.900002,99.050003,99.125,184,0.0,1.0
2013-07-03,100,100,97.525002,97.525002,6,0.0,1.0
2013-07-04,97.525002,97.525002,97.525002,97.525002,0,0.0,1.0
2013-07-05,95.5,98.474998,95.025002,95.400002,616,0.0,1.0
2013-07-08,95.400002,95.400002,95.400002,95.400002,0,0.0,1.0
2013-07-09,93.050003,93.099998,93.050003,93.099998,606,0.0,1.0
2013-07-10,93.099998,93.099998,93.099998,93.099998,0,0.0,1.0
2013-07-11,93.099998,93.099998,93.099998,93.099998,0,0.0,1.0
2013-07-12,93.099998,93.099998,93.099998,93.099998,0,0.0,1.0
2013-07-15,93.099998,93.099998,93.099998,93.099998,0,0.0,1.0
2013-07-16,93.099998,93.099998,93.099998,93.099998,0,0.0,1.0
2013-07-17,93.099998,93.099998,93.099998,93.099998,0,0.0,1.0
2013-07-18,93.099998,93.099998,93.099998,93.099998,0,0.0,1.0
2013-07-19,93.099998,93.099998,93.099998,93.099998,0,0.0,1.0
2013-07-22,93.099998,93.099998,93.099998,93.099998,0,0.0,1.0
2013-07-23,93.099998,93.099998,93.099998,93.099998,0,0.0,1.0
2013-07-24,95.5,95.5,92.5,92.5,200,0.0,1.0
2013-07-25,92.5,92.5,92.5,92.5,0,0.0,1.0
2013-07-26,92.5,92.5,92.5,92.5,0,0.0,1.0
2013-07-29,92.5,92.5,92.5,92.5,728,0.0,1.0
2013-07-30,92.5,92.5,92.5,92.5,4,0.0,1.0
2013-07-31,90,90,90,90,754,0.0,1.0
2013-08-01,90,90,90,90,0,0.0,1.0
2013-08-02,87.525002,87.525002,87.5,87.5,220,0.0,1.0
2013-08-05,87.5,87.5,87.5,87.5,4000,0.0,1.0
2013-08-06,85,85,85,85,4000,1.84457,1.0
2013-08-07,85,85,85,85,2600,0.0,1.0
2013-08-08,85,85,85,85,3010,0.0,1.0
2013-08-12,85,90,85,90,1202,0.0,1.0
2013-08-13,90,90,90,90,0,0.0,1.0
2013-08-14,85.099998,99.5,85,99.5,600,0.0,1.0
2013-08-16,99.5,99.5,99.5,99.5,0,0.0,1.0
2013-08-19,99.5,99.5,99.5,99.5,0,0.0,1.0
2013-08-20,85,85,85,85,1512,0.0,1.0
2013-08-21,85,85,85,85,20,0.0,1.0
2013-08-22,85,85,85,85,0,0.0,1.0
2013-08-23,85,85,85,85,0,0.0,1.0
2013-08-26,85,85,85,85,0,0.0,1.0
2013-08-27,85,85,85,85,0,0.0,1.0
2013-08-28,85,85,85,85,0,0.0,1.0
2013-08-29,85,85,85,85,0,0.0,1.0
2013-08-30,85,85,85,85,0,0.0,1.0
2013-09-02,82.550003,82.550003,82.550003,82.550003,400,0.0,1.0
2013-09-03,82.550003,82.550003,82.550003,82.550003,0,0.0,1.0
2013-09-04,82.550003,82.550003,82.550003,82.550003,0,0.0,1.0
2013-09-05,82.5,90,82.5,90,502,0.0,1.0
2013-09-06,94.5,94.5,94.5,94.5,2,0.0,1.0
2013-09-10,94.5,94.5,94.5,94.5,0,0.0,1.0
2013-09-11,94.5,94.5,94.5,94.5,0,0.0,1.0
2013-09-12,89.800003,89.800003,89.800003,89.800003,400,0.0,1.0
2013-09-13,89.800003,89.800003,89.800003,89.800003,0,0.0,1.0
2013-09-16,89.800003,89.800003,89.800003,89.800003,0,0.0,1.0
2013-09-17,89.800003,89.800003,89.800003,89.800003,0,0.0,1.0
2013-09-18,89.800003,89.800003,89.800003,89.800003,0,0.0,1.0
2013-09-19,89.800003,89.800003,89.800003,89.800003,0,0.0,1.0
2013-09-20,89.800003,89.800003,89.800003,89.800003,0,0.0,1.0
2013-09-23,89.800003,89.800003,89.800003,89.800003,0,0.0,1.0
2013-09-24,89.800003,89.800003,89.800003,89.800003,0,0.0,1.0
2013-09-25,89.800003,89.800003,89.800003,89.800003,0,0.0,1.0
2013-09-26,89.800003,89.800003,89.800003,89.800003,0,0.0,1.0
2013-09-27,89.800003,89.800003,89.800003,89.800003,0,0.0,1.0
2013-09-30,89.800003,89.800003,89.800003,89.800003,0,0.0,1.0
2013-10-01,89.800003,89.800003,89.800003,89.800003,0,0.0,1.0
2013-10-03,89.800003,89.800003,89.800003,89.800003,0,0.0,1.0
2013-10-04,89.800003,89.800003,89.800003,89.800003,0,0.0,1.0
2013-10-07,89.800003,89.800003,89.800003,89.800003,0,0.0,1.0
2013-10-08,89.800003,89.800003,89.800003,89.800003,0,0.0,1.0
2013-10-09,89.800003,89.800003,89.800003,89.800003,0,0.0,1.0
2013-10-10,89.800003,89.800003,89.800003,89.800003,0,0.0,1.0
2013-10-11,89.800003,89.800003,89.800003,89.800003,0,0.0,1.0
2013-10-14,85.5,85.5,85.5,85.5,4,0.0,1.0
2013-10-15,85.5,85.5,85.5,85.5,0,0.0,1.0
2013-10-17,82.525002,82.75,82.525002,82.75,142,0.0,1.0
2013-10-18,82.525002,83,82.5,82.5,342,0.0,1.0
2013-10-21,82.5,82.5,82.5,82.5,460,0.0,1.0
2013-10-22,82.5,82.5,82.5,82.5,0,0.0,1.0
2013-10-23,82.5,82.5,82.5,82.5,60,0.0,1.0
2013-10-24,82.5,82.5,82.5,82.5,400,0.0,1.0
2013-10-25,82.5,82.5,82.5,82.5,50,0.0,1.0
2013-10-28,82.5,82.5,82.5,82.5,20,0.0,1.0
2013-10-29,82.5,82.5,82.5,82.5,0,0.0,1.0
2013-10-30,82.5,82.5,82.5,82.5,0,0.0,1.0
2013-10-31,82.525002,84.400002,82.5,82.5,414,0.0,1.0
2013-11-01,82.5,82.5,82.5,82.5,0,0.0,1.0
2013-11-05,82.5,82.5,82.5,82.5,0,0.0,1.0
2013-11-06,82.5,82.5,82.5,82.5,0,0.0,1.0
2013-11-07,82.5,82.5,82.5,82.5,0,0.0,1.0
2013-11-08,86.5,86.5,86.5,86.5,50,0.0,1.0
2013-11-11,86.5,86.5,86.5,86.5,0,0.0,1.0
2013-11-12,86.5,86.5,86.5,86.5,0,0.0,1.0
2013-11-13,82.199997,82.199997,82.199997,82.199997,30,0.0,1.0
2013-11-14,86.300003,86.300003,86.300003,86.300003,20,0.0,1.0
2013-11-18,84,84,82.5,82.5,2630,0.0,1.0
2013-11-19,82.5,82.525002,82.5,82.5,4430,0.0,1.0
2013-11-20,82.5,83,82.5,82.5,14968,0.0,1.0
2013-11-21,80,80,80,80,118,0.0,1.0
2013-11-22,80,80,80,80,0,0.0,1.0
2013-11-25,80,80,80,80,0,0.0,1.0
2013-11-26,80,80,80,80,0,0.0,1.0
2013-11-27,81.25,81.25,81.25,81.25,2,0.0,1.0
2013-11-28,80.5,80.5,80.5,80.5,298,0.0,1.0
2013-11-29,80.5,84.5,80.5,84.5,110,0.0,1.0
2013-12-02,84.5,84.5,84.5,84.5,0,0.0,1.0
2013-12-03,82.324997,82.5,82.324997,82.5,496,0.0,1.0
2013-12-04,82,82,82,82,500,0.0,1.0
2013-12-05,82,82,82,82,0,0.0,1.0
2013-12-06,82,82,82,82,0,0.0,1.0
2013-12-09,80.550003,81.5,80.550003,81.5,2210,0.0,1.0
2013-12-10,80.75,80.75,80.75,80.75,50,0.0,1.0
2013-12-11,80.75,80.974998,80.75,80.974998,40,0.0,1.0
2013-12-12,80.5,80.5,80.25,80.25,1586,0.0,1.0
2013-12-13,81,81,80,80,6620,0.0,1.0
2013-12-16,80,80,80,80,0,0.0,1.0
2013-12-17,80,80,80,80,0,0.0,1.0
2013-12-18,77.525002,79,77.525002,79,160,0.0,1.0
2013-12-19,79,79,79,79,0,0.0,1.0
2013-12-20,79,79,79,79,0,0.0,1.0
2013-12-23,79.050003,79.050003,79.050003,79.050003,200,0.0,1.0
2013-12-24,79.050003,79.050003,79.050003,79.050003,0,0.0,1.0
2013-12-26,81.5,81.5,81.5,81.5,400,0.0,1.0
2013-12-27,81.5,81.5,81.5,81.5,0,0.0,1.0
2013-12-30,80.599998,85.5,80.574997,85.5,4004,0.0,1.0
2013-12-31,81.5,81.5,81.5,81.5,584,0.0,1.0
2014-01-01,77.5,79.75,77.5,77.5,35222,0.0,1.0
2014-01-02,77.5,77.5,77.5,77.5,400,0.0,1.0
2014-01-03,77.5,77.5,77.5,77.5,400,0.0,1.0
2014-01-06,77.5,77.5,77.5,77.5,0,0.0,1.0
2014-01-07,77.5,77.5,77.5,77.5,90,0.0,1.0
2014-01-08,77.5,77.5,77.5,77.5,0,0.0,1.0
2014-01-09,77.5,77.5,77.5,77.5,420,0.0,1.0
2014-01-10,77.5,77.5,77.5,77.5,210,0.0,1.0
2014-01-13,75.525002,81,75.525002,80,44,0.0,1.0
2014-01-14,84,84,76.525002,76.675003,500,0.0,1.0
2014-01-15,76.5,76.5,76.5,76.5,10,0.0,1.0
2014-01-16,76.125,76.125,76.125,76.125,100,0.0,1.0
2014-01-17,77.5,77.5,76.150002,76.150002,202,0.0,1.0
2014-01-20,75.675003,75.675003,75.599998,75.599998,300,0.0,1.0
2014-01-21,75.599998,75.599998,75.599998,75.599998,0,0.0,1.0
2014-01-22,75.599998,75.599998,75.599998,75.599998,0,0.0,1.0
2014-01-23,75.599998,75.599998,75.599998,75.599998,0,0.0,1.0
2014-01-24,75.599998,75.599998,75.599998,75.599998,26,0.0,1.0
2014-01-27,72.525002,72.599998,72.525002,72.599998,12,0.0,1.0
2014-01-28,75,76,75,76,50,0.0,1.0
2014-01-29,76,76,76,76,0,0.0,1.0
2014-01-30,72.525002,72.525002,72.525002,72.525002,400,0.0,1.0
2014-01-31,72.525002,72.525002,72.525002,72.525002,0,0.0,1.0
2014-02-03,71.074997,71.074997,71.074997,71.074997,10,0.0,1.0
2014-02-04,71.025002,71.025002,71.025002,71.025002,100,0.0,1.0
2014-02-05,71.025002,71.025002,71.025002,71.025002,0,0.0,1.0
2014-02-06,71.025002,74.574997,71,74.574997,404,0.0,1.0
2014-02-07,74.574997,74.574997,74.574997,74.574997,0,0.0,1.0
2014-02-10,71.099998,78.300003,71.099998,77.900002,66,0.0,1.0
2014-02-11,77.900002,77.900002,77.900002,77.900002,0,0.0,1.0
2014-02-12,77.900002,77.900002,77.900002,77.900002,0,0.0,1.0
2014-02-13,74.025002,74.025002,74.025002,74.025002,40,0.0,1.0
2014-02-14,71.25,71.25,71,71,1400,0.0,1.0
2014-02-17,71,71,71,71,0,0.0,1.0
2014-02-18,71.25,71.25,71.25,71.25,2,0.0,1.0
2014-02-19,72.5,74.800003,72.5,74.800003,118,0.0,1.0
2014-02-20,74.800003,74.800003,74.800003,74.800003,0,0.0,1.0
2014-02-21,75,77.474998,71.324997,74.800003,4672,0.0,1.0
2014-02-24,77.5,77.5,77.5,77.5,20,0.0,1.0
2014-02-25,81.375,81.375,75.025002,75.025002,202,0.0,1.0
2014-02-26,75.025002,75.025002,75.025002,75.025002,0,0.0,1.0
2014-02-28,71.5,75,71.5,75,68040,0.0,1.0
2014-03-03,73,78.75,73,75.650002,49166,0.0,1.0
2014-03-04,77.5,79.425003,77.5,79.425003,408,0.0,1.0
2014-03-05,77.525002,83.375,77.5,83.375,1282,0.0,1.0
2014-03-06,84,87.525002,82.099998,86.974998,5660,0.0,1.0
2014-03-07,83.699997,91,83.699997,89.650002,986,0.0,1.0
2014-03-10,89.650002,89.650002,89.650002,89.650002,0,0.0,1.0
2014-03-11,93.75,93.974998,86.525002,92.675003,2312,0.0,1.0
2014-03-12,88.849998,96,88.824997,96,338626,0.0,1.0
2014-03-13,92.050003,92.050003,91.224998,91.224998,3756,0.0,1.0
2014-03-14,90,90,86.675003,86.675003,1464,0.0,1.0
2014-03-18,85.5,85.5,82.349998,82.525002,386,0.0,1.0
2014-03-19,80,85.900002,78.400002,78.650002,2074,0.0,1.0
2014-03-20,77.5,81,76.025002,77.550003,1426,0.0,1.0
2014-03-21,75.125,79.974998,75.125,79.050003,412956,0.0,1.0
2014-03-24,77,84,76.75,83.099998,1302,0.0,1.0
2014-03-25,83,85,80.074997,84.5,560,0.0,1.0
2014-03-26,81.75,83.75,80.300003,81.050003,650,0.0,1.0
2014-03-27,81,81,79.550003,79.550003,300,0.0,1.0
2014-03-28,78.125,83.525002,78.125,81.25,30164,0.0,1.0
2014-03-31,84.5,85.300003,82.074997,85.300003,4320,0.0,1.0
2014-04-01,86,89.550003,86,89.550003,3756,0.0,1.0
2014-04-02,91.75,91.75,87.625,90.5,2332,0.0,1.0
2014-04-03,91,91,89,89.25,600,0.0,1.0
2014-04-04,91.5,91.5,86.150002,86.150002,88,0.0,1.0
2014-04-07,86.150002,86.150002,86.150002,86.150002,0,0.0,1.0
2014-04-09,89.849998,89.849998,89.849998,89.849998,60,0.0,1.0
2014-04-10,89.5,89.75,86.125,86.5,1900,0.0,1.0
2014-04-11,86.5,86.5,82.824997,83,204,0.0,1.0
2014-04-15,87,87.150002,87,87.150002,120,0.0,1.0
2014-04-16,87.150002,87.150002,85.050003,85.050003,110,0.0,1.0
2014-04-17,88.175003,88.175003,82.275002,86.900002,1058,0.0,1.0
2014-04-21,85,88.5,85,85.5,2050,0.0,1.0
2014-04-22,83.099998,88.900002,83.099998,85.775002,240,0.0,1.0
2014-04-23,86,89,84,84,2700,0.0,1.0
2014-04-24,84,84,84,84,0,0.0,1.0
2014-04-25,82.099998,82.099998,81.5,81.974998,3360,0.0,1.0
2014-04-28,85.5,86.050003,81.574997,84.974998,1054,0.0,1.0
2014-04-29,82,84.974998,82,84.974998,70,0.0,1.0
2014-04-30,81,86.5,81,81.599998,2700,0.0,1.0
2014-05-02,84.824997,84.824997,82.5,82.550003,204,0.0,1.0
2014-05-05,83,83,83,83,4,0.0,1.0
2014-05-06,78.875,82.474998,78.875,82.474998,902,0.0,1.0
2014-05-07,82.474998,82.474998,82.474998,82.474998,0,0.0,1.0
2014-05-08,79.025002,80.025002,79.025002,80.025002,40,0.0,1.0
2014-05-09,80.025002,80.025002,80.025002,80.025002,0,0.0,1.0
2014-05-12,80,84.900002,80,84.900002,152,0.0,1.0
2014-05-13,81.550003,87.474998,81.525002,82.675003,774,0.0,1.0
2014-05-14,83,83.5,81.349998,81.349998,268,0.0,1.0
2014-05-15,81,81,81,81,100,0.0,1.0
2014-05-16,80.525002,87,80.525002,85,820,0.0,1.0
2014-05-19,87.5,90,85.625,90,3800,0.0,1.0
2014-05-20,90,98.474998,87.550003,96.400002,4602,0.0,1.0
2014-05-21,100.5,104.974998,94.025002,101.875,632,0.0,1.0
2014-05-22,105,110.5,101.125,102.849998,472,0.0,1.0
2014-05-23,103.5,107.974998,100.025002,107.974998,4690,0.0,1.0
2014-05-26,107.5,109,103.5,103.5,448,0.0,1.0
2014-05-27,102.5,106.949997,100,106.949997,2112,0.0,1.0
2014-05-28,106.949997,106.949997,106.949997,106.949997,0,0.0,1.0
2014-05-29,101.625,108.349998,101.625,108.349998,12,0.0,1.0
2014-05-30,109,109,103.5,105,602,0.0,1.0
2014-06-02,102.525002,110.25,102.5,110.175003,2880,0.0,1.0
2014-06-03,107.5,110,107.5,110,1150,0.0,1.0
2014-06-04,109,109,109,109,20,0.0,1.0
2014-06-05,113.974998,114.449997,113.974998,114.449997,1536,0.0,1.0
2014-06-06,114.449997,117,113.775002,116.925003,622,0.0,1.0
2014-06-09,119,122.75,114.125,122.050003,3978,0.0,1.0
2014-06-10,120,127.5,116,126.400002,4358,0.0,1.0
2014-06-11,125.5,132.699997,125.5,128.024994,21160,0.0,1.0
2014-06-12,130,131.975006,127,131.850006,1312,0.0,1.0
2014-06-13,132.524994,137,130.5,130.550003,5804,0.0,1.0
2014-06-16,132.5,136.5,131.625,134.574997,626,0.0,1.0
2014-06-17,135,141.300003,135,141.274994,6596,0.0,1.0
2014-06-18,145.875,146,138,138.024994,700,0.0,1.0
2014-06-19,144.5,144.5,131.800003,133.050003,354,0.0,1.0
2014-06-20,133.050003,133.050003,133.050003,133.050003,0,0.0,1.0
2014-06-23,130.5,139,126.5,130.024994,548,0.0,1.0
2014-06-24,132.425003,136.5,132.425003,136.5,580,0.0,1.0
2014-06-25,136.949997,142.475006,130.625,130.625,164,0.0,1.0
2014-06-26,132.5,137.149994,132.5,137.149994,4172,0.0,1.0
2014-06-27,137.5,144,137.5,142.850006,1600,0.0,1.0
2014-06-30,145,145.5,142.625,142.625,522,0.0,1.0
2014-07-01,149.625,149.75,142.649994,145.675003,1544,0.0,1.0
2014-07-02,148.5,149,141.100006,147.5,1578,0.0,1.0
2014-07-03,147.5,147.5,147.5,147.5,0,0.0,1.0
2014-07-04,147.5,147.5,147.5,147.5,0,0.0,1.0
2014-07-07,141.125,142,141,141,500,0.0,1.0
2014-07-08,141.100006,141.100006,133.949997,133.949997,644,0.0,1.0
2014-07-09,130.024994,130.024994,130.024994,130.024994,50,0.0,1.0
2014-07-10,136.5,136.5,136.5,136.5,2,0.0,1.0
2014-07-11,130.25,134.5,129.675003,134.5,3040,0.0,1.0
2014-07-14,128,128,127.775002,127.775002,620,0.0,1.0
2014-07-15,125.025002,132.449997,125.025002,132.350006,2012,0.0,1.0
2014-07-16,130.074997,134.975006,130.074997,134.949997,162,0.0,1.0
2014-07-17,129.074997,135,129.074997,134.875,874,0.0,1.0
2014-07-18,135.425003,141.600006,135.274994,141.600006,8680,0.0,1.0
2014-07-21,141.600006,142,135.5,141.5,2366,0.0,1.0
2014-07-22,145.050003,148.574997,140.524994,148.050003,5512,0.0,1.0
2014-07-23,151.949997,151.949997,145.024994,145.024994,2342,0.0,1.0
2014-07-24,145.024994,145.024994,145.024994,145.024994,0,0.0,1.0
2014-07-25,140.024994,142.5,137.774994,138,1914,0.0,1.0
2014-07-28,135.024994,137.949997,135.024994,135.524994,150,0.0,1.0
2014-07-30,131.524994,142,131.524994,135.074997,2446,0.0,1.0
2014-07-31,135,139,132,136.475006,1810,0.0,1.0
2014-08-01,135,139,132.5,135,696,0.0,1.0
2014-08-04,137.050003,140.475006,135.024994,135.024994,1050,0.0,1.0
2014-08-05,135.024994,140.5,135.024994,140.324997,274,0.0,1.0
2014-08-06,144.425003,147.324997,141.024994,142.5,1958,0.0,1.0
2014-08-07,144.975006,144.975006,138,139,574,0.0,1.0
2014-08-08,137.024994,142.5,137,139.800003,3032,0.0,1.0
2014-08-11,135,140.5,132.824997,135,3600,0.0,1.0
2014-08-12,134.925003,140,132.5,137.199997,3966,0.0,1.0
2014-08-13,134.25,136.949997,134.25,136.949997,50,0.0,1.0
2014-08-14,135,137.449997,133.125,133.850006,220,0.0,1.0
2014-08-18,137.449997,140.524994,137.449997,139.600006,3340,0.0,1.0
2014-08-19,139.75,146.574997,139.75,143.125,3652,0.0,1.0
2014-08-20,145.25,149,142.5,147,4412,0.0,1.0
2014-08-21,149.5,154.350006,147.024994,151.625,4136,0.0,1.0
2014-08-22,151.625,158.5,146.375,152.5,3730,0.0,1.0
2014-08-25,158.899994,160.125,156.800003,160.125,17368,0.0,1.0
2014-08-26,155,168.125,155,162.524994,14704,0.0,1.0
2014-08-27,162.5,170.5,161.524994,165.149994,5292,0.0,1.0
2014-08-28,167.449997,172,157.524994,157.524994,3986,0.0,1.0
2014-09-01,154.649994,154.649994,154.649994,154.649994,100,0.0,1.0
2014-09-02,154.75,160.975006,150,156.300003,7806,0.0,1.0
2014-09-03,155.899994,164.100006,150.100006,158,5688,0.0,1.0
2014-09-04,156.5,165.899994,156.5,165.899994,10108,0.0,1.0
2014-09-05,181.5,182.449997,172.524994,182.350006,35874,0.0,1.0
2014-09-08,182.5,195,182.5,193.399994,42762,0.0,1.0
2014-09-09,200,200,193.949997,195.074997,68086,0.0,1.0
2014-09-10,197,197,190.100006,191.875,5368,0.0,1.0
2014-09-11,190,196.425003,189,195.050003,4378,0.0,1.0
2014-09-12,193.074997,197.225006,193.024994,194.550003,5158,0.0,1.0
2014-09-15,196,205,195,201.725006,12848,0.0,1.0
2014-09-16,197.5,201,187.5,190.199997,1730,0.0,1.0
2014-09-17,190,194.899994,187.524994,188.899994,2390,0.0,1.0
2014-09-18,192,195,192,194.449997,554,1.18615,1.0
2014-09-19,197.475006,197.475006,190.125,191.5,1406,0.0,1.0
2014-09-22,192.5,193.024994,187.600006,190.050003,2200,0.0,1.0
2014-09-23,197.5,197.5,190,190.699997,4586,0.0,1.0
2014-09-24,190.5,197.475006,187.524994,193.425003,5650,0.0,1.0
2014-09-25,188.5,197,187.5,189.875,3900,0.0,1.0
2014-09-26,185,193.75,177.550003,190.649994,1288,0.0,1.0
2014-09-29,190,197.5,190,197,2086,0.0,1.0
2014-09-30,197,197.5,191.5,191.5,6486,0.0,1.0
2014-10-01,190.5,197,190.125,190.125,2100,0.0,1.0
2014-10-07,197.5,198.899994,191.25,194.774994,1414,0.0,1.0
2014-10-08,195,195.925003,192.350006,195.925003,620,0.0,1.0
2014-10-09,197.5,197.550003,196.5,197,698,0.0,1.0
2014-10-10,195,195,192.524994,192.524994,62,0.0,1.0
2014-10-13,191.524994,200.074997,191.5,199.975006,5630,0.0,1.0
2014-10-14,198.5,199.024994,195.024994,196.274994,1280,0.0,1.0
2014-10-15,196.274994,196.274994,196.274994,196.274994,0,0.0,1.0
2014-10-16,195.024994,195.024994,187.524994,187.524994,2430,0.0,1.0
2014-10-17,190.5,190.5,189.5,189.524994,162,0.0,1.0
2014-10-20,197.5,197.5,197.5,197.5,2,0.0,1.0
2014-10-21,195,195,175.550003,189.899994,622,0.0,1.0
2014-10-22,187.5,192.5,185,188.824997,1432,0.0,1.0
2014-10-27,185.5,186.5,185.5,186.5,210,0.0,1.0
2014-10-28,199.399994,199.399994,188.550003,192.725006,70,0.0,1.0
2014-10-29,193.75,195,193.75,195,404,0.0,1.0
2014-10-30,195,198,193.024994,193.024994,1300,0.0,1.0
2014-10-31,198.449997,199.475006,198,198,28,0.0,1.0
2014-11-03,189.399994,199.975006,189.399994,197.324997,3552,0.0,1.0
2014-11-05,192.024994,194.975006,190.024994,191,214,0.0,1.0
2014-11-07,195,207.5,190.050003,200.625,11070,0.0,1.0
2014-11-10,202.449997,202.449997,197.899994,198,218,0.0,1.0
2014-11-11,198.050003,199.5,195,199.5,1502,0.0,1.0
2014-11-12,199.5,199.5,199.5,199.5,0,0.0,1.0
2014-11-13,195,195,191.25,191.25,184,0.0,1.0
2014-11-14,193.725006,207.5,192,198.925003,314554,0.0,1.0
2014-11-17,205,212,201.074997,203.699997,15468,0.0,1.0
2014-11-18,207,207,203.5,203.574997,830,0.0,1.0
2014-11-19,207.5,207.524994,197.5,199.449997,958,0.0,1.0
2014-11-20,197.5,200.5,197.5,200.5,112,0.0,1.0
2014-11-21,200,202.5,197.024994,198.675003,2424,0.0,1.0
2014-11-24,199,199,197.125,198.475006,622,0.0,1.0
2014-11-25,195,197.5,188,196.975006,1712,0.0,1.0
2014-11-26,191,191,188,189.300003,52,0.0,1.0
2014-11-27,189.300003,189.300003,189.300003,189.300003,0,0.0,1.0
2014-11-28,189.300003,189.300003,189.300003,189.300003,0,0.0,1.0
2014-12-01,187.649994,194.949997,184.5,185,504,0.0,1.0
2014-12-02,188.75,188.75,180.550003,184.625,1154,0.0,1.0
2014-12-03,187.5,201.899994,187.5,199.524994,2818,0.0,1.0
2014-12-04,200,207.5,198.699997,207.149994,6892,0.0,1.0
2014-12-05,207.5,210.5,200.625,206.774994,1924,0.0,1.0
2014-12-08,202.5,212.475006,202.5,203.574997,602,0.0,1.0
2014-12-09,202.5,207.5,194.949997,197.25,2376,0.0,1.0
2014-12-10,197.25,197.25,197.25,197.25,0,0.0,1.0
2014-12-11,198.25,202,195,196.375,576,0.0,1.0
2014-12-12,202.5,207.5,192.625,195.75,824,0.0,1.0
2014-12-15,193,195,191.175003,194.524994,810,0.0,1.0
2014-12-16,197.199997,197.199997,187.524994,191.5,278,0.0,1.0
2014-12-17,192.5,197.5,192.5,197.5,8,0.0,1.0
2014-12-18,200,200,195,197.5,56,0.0,1.0
2014-12-19,197.5,200,193.5,194.824997,1360,0.0,1.0
2014-12-22,202.5,202.5,195.024994,201.399994,268,0.0,1.0
2014-12-23,200,200,200,200,100,0.0,1.0
2014-12-24,195.5,195.5,195.5,195.5,110,0.0,1.0
2014-12-26,195.5,195.5,191.175003,192.5,40,0.0,1.0
2014-12-29,195,195,193.850006,195,428,0.0,1.0
2014-12-30,195,195,195,195,0,0.0,1.0
2014-12-31,193.5,193.5,192.574997,192.574997,72,0.0,1.0
2015-01-01,195,199.475006,195,197.5,850,0.0,1.0
2015-01-02,200,202.449997,197.625,197.975006,698,0.0,1.0
2015-01-05,201,201,192.625,195.199997,326,0.0,1.0
2015-01-06,192.600006,194,190,194,468,0.0,1.0
2015-01-07,190.024994,190.024994,185.524994,190,1530,0.0,1.0
2015-01-08,188.199997,191.5,186,190.550003,638,0.0,1.0
2015-01-09,200,200.5,192,199.074997,2836,0.0,1.0
2015-01-12,198,199.350006,197.5,197.5,400,0.0,1.0
2015-01-13,199,199.975006,192.5,194,1500,0.0,1.0
2015-01-14,197.399994,197.399994,190.5,194.75,334,0.0,1.0
2015-01-15,194.75,194.75,194.75,194.75,0,0.0,1.0
2015-01-16,197.5,197.5,194.25,194.25,326,0.0,1.0
2015-01-19,192.550003,199.949997,192.550003,199,2640,0.0,1.0
2015-01-20,199.850006,205,195.675003,200.324997,6280,0.0,1.0
2015-01-21,200.5,205.425003,199,199,1660,0.0,1.0
2015-01-22,200,202,197.024994,202,646,0.0,1.0
2015-01-23,197.524994,204.5,197.524994,204.5,1830,0.0,1.0
2015-01-27,196.524994,196.524994,196.524994,196.524994,14,0.0,1.0
2015-01-28,197,197,192.75,192.75,122,0.0,1.0
2015-01-29,195.5,195.5,195.5,195.5,44,0.0,1.0
2015-01-30,195.5,195.5,195.5,195.5,0,0.0,1.0
2015-02-02,204.949997,205.050003,201.524994,204.925003,3156,0.0,1.0
2015-02-03,203.850006,210,197,202.125,2888,0.0,1.0
2015-02-04,192.5,192.5,184.975006,185.824997,4624,0.0,1.0
2015-02-05,188,188,188,188,800,0.0,1.0
2015-02-06,189,189,187,187.050003,200,0.0,1.0
2015-02-09,189,189,177.5,180.149994,134,0.0,1.0
2015-02-10,180,180,180,180,14,0.0,1.0
2015-02-11,180,180,180,180,6200,0.0,1.0
2015-02-12,175,179,171.524994,173.475006,16974,0.0,1.0
2015-02-13,175,175,175,175,8,0.0,1.0
2015-02-16,175,175,175,175,0,0.0,1.0
2015-02-18,173.050003,187.5,167.5,187.449997,5504,0.0,1.0
2015-02-19,190,190,178.050003,178.649994,1730,0.0,1.0
2015-02-20,182.5,182.5,182.5,182.5,28,0.0,1.0
2015-02-23,175.5,175.5,175.5,175.5,220,0.0,1.0
2015-02-24,178.5,179,166.050003,175,2094,0.0,1.0
2015-02-25,170,170,170,170,1210,0.0,1.0
2015-02-26,172.550003,172.550003,172.5,172.5,888,0.0,1.0
2015-02-27,167.649994,167.649994,167.649994,167.649994,100,0.0,1.0
2015-03-02,172.5,177.5,172.5,174.350006,1464,0.0,1.0
2015-03-03,173.050003,178.25,172,172,182,0.0,1.0
2015-03-04,180,189.5,175,189.5,1232,0.0,1.0
2015-03-05,185.5,186.5,178,178.550003,19892,0.0,1.0
2015-03-09,178.550003,178.550003,178.550003,178.550003,0,0.0,1.0
2015-03-10,182.399994,182.5,182.399994,182.5,8,0.0,1.0
2015-03-11,177.5,177.5,170.5,174.899994,2730,0.0,1.0
2015-03-12,172.5,174,172.449997,174,54,0.0,1.0
2015-03-13,172.5,172.5,172.5,172.5,402,0.0,1.0
2015-03-16,170,170,165,169,606,0.0,1.0
2015-03-17,169,172.5,162.600006,165,280,0.0,1.0
2015-03-18,166.5,166.5,166.5,166.5,138,0.0,1.0
2015-03-19,175,176.449997,166.5,172.449997,258,0.0,1.0
2015-03-20,152.5,163,152.5,160.949997,1768,0.0,1.0
2015-03-23,164,166,157.5,163.699997,1380,0.0,1.0
2015-03-24,169.5,169.5,152.5,152.5,152,0.0,1.0
2015-03-25,155,177.5,155,156.5,82034,0.0,1.0
2015-03-26,160,170,155.600006,159.5,74278,0.0,1.0
2015-03-27,162,162.5,150.5,151.5,396,0.0,1.0
2015-03-30,162.25,162.25,155,155,1860,0.0,1.0
2015-03-31,162,172,153.25,154.600006,253860,0.0,1.0
2015-04-01,160,166.850006,160,162.949997,8,0.0,1.0
2015-04-06,162.5,165,162.5,165,324,0.0,1.0
2015-04-07,163.550003,174,163.550003,174,304,0.0,1.0
2015-04-08,174.5,174.5,169.100006,171.850006,1668,0.0,1.0
2015-04-09,165.5,174.949997,165.5,171.100006,814,0.0,1.0
2015-04-10,175,179.5,174,179.5,640,0.0,1.0
2015-04-13,181,202.449997,181,195.449997,8202,0.0,1.0
2015-04-15,200,220,169.699997,208,41540,0.0,1.0
2015-04-16,212.5,217.25,205,209.100006,5204,0.0,1.0
2015-04-17,207.5,211.75,204.949997,205.300003,9470,0.0,1.0
2015-04-20,207.399994,207.449997,195,199.5,614,0.0,1.0
2015-04-21,192.5,202.449997,192.5,202.449997,1014,0.0,1.0
2015-04-22,205,212.5,191.5,201.550003,3662,0.0,1.0
2015-04-23,206.5,210,203.5,203.75,666,0.0,1.0
2015-04-24,202.5,202.5,185.050003,189.899994,492,0.0,1.0
2015-04-27,186,186,180,180.050003,2154,0.0,1.0
2015-04-28,185,194.949997,180.050003,188.5,46,0.0,1.0
2015-04-29,190,190,185.25,188.399994,22,0.0,1.0
2015-04-30,192.5,192.5,192.5,192.5,4,0.0,1.0
2015-05-04,194.5,196,192.5,193.550003,1710,0.0,1.0
2015-05-05,198,198,192.5,197.5,520,0.0,1.0
2015-05-06,191.75,193,187,187,614,0.0,1.0
2015-05-07,186.75,190,180.5,180.600006,1504,0.0,1.0
2015-05-08,183.199997,189,183.149994,189,472,0.0,1.0
2015-05-11,190,190,183.5,183.600006,534,0.0,1.0
2015-05-12,181.550003,184,181.550003,181.550003,1116,0.0,1.0
2015-05-13,180.5,180.5,180,180,704,0.0,1.0
2015-05-14,187.25,188,187.25,188,54,0.0,1.0
2015-05-15,195,195,195,195,4,0.0,1.0
2015-05-18,194,194,185.050003,185.050003,32,0.0,1.0
2015-05-19,191.75,192,191.75,192,100,0.0,1.0
2015-05-20,190,192.5,184.050003,189.300003,2162,0.0,1.0
2015-05-21,186.25,186.25,186.25,186.25,10,0.0,1.0
2015-05-22,195,205,195,203,2474,0.0,1.0
2015-05-25,201,201,195.800003,200.449997,1802,0.0,1.0
2015-05-26,200,206.449997,196.5,201.300003,1920,0.0,1.0
2015-05-27,200,208.949997,200,208.949997,2378,0.0,1.0
2015-05-28,207.25,209,205.550003,205.800003,4154,0.0,1.0
2015-05-29,207.75,207.75,203,203.449997,1904,0.0,1.0
2015-06-01,213,220,212.5,215.550003,12130,0.0,1.0
2015-06-02,217.5,221.5,210,210.75,7388,0.0,1.0
2015-06-03,211,211,192.449997,195.649994,9224,0.0,1.0
2015-06-04,195.25,196.800003,195.25,196.800003,38036,0.0,1.0
2015-06-05,198,212.449997,197.600006,207.100006,9108,0.0,1.0
2015-06-08,206,207.350006,195.5,199.199997,1614,0.0,1.0
2015-06-09,204.949997,204.949997,194.5,200,816,0.0,1.0
2015-06-10,198.5,198.5,187.600006,194.550003,1562,0.0,1.0
2015-06-11,195,197.199997,183.75,190.949997,4496,0.0,1.0
2015-06-12,187.75,190.850006,185,186.550003,642,0.0,1.0
2015-06-15,192.5,193.850006,188,188.100006,1022,0.0,1.0
2015-06-16,194.5,194.5,187.550003,187.550003,120,0.0,1.0
2015-06-17,192.5,197.449997,190,193.949997,4512,0.0,1.0
2015-06-18,194.949997,196.699997,192.550003,195.5,1154,0.0,1.0
2015-06-19,192.75,198.5,192.75,196.550003,810,0.0,1.0
2015-06-22,194.399994,196.5,193.5,194.5,1216,0.0,1.0
2015-06-23,195,197,194.75,197,3200,0.0,1.0
2015-06-24,196.75,199.449997,196.5,197,732,0.0,1.0
2015-06-25,197.5,205.5,197.5,202.550003,2530,0.0,1.0
2015-06-26,204.949997,204.949997,197.600006,197.899994,1040,0.0,1.0
2015-06-29,192.5,195,189,190.5,912,0.0,1.0
2015-06-30,188.25,197,188.25,196.899994,894,0.0,1.0
2015-07-01,197,200,196.5,200,536,0.0,1.0
2015-07-02,200.550003,205,198.25,202.300003,2256,0.0,1.0
2015-07-03,205,205,204,204,214,0.0,1.0
2015-07-06,197.5,203.5,196,202.100006,2914,0.0,1.0
2015-07-07,198.050003,219.5,197.5,205.949997,8268,0.0,1.0
2015-07-08,210,210,203.550003,204,1664,0.0,1.0
2015-07-09,207,207,195.5,199.899994,3484,0.0,1.0
2015-07-10,197.550003,200.5,196.5,200,2264,0.0,1.0
2015-07-13,197,202.5,195.850006,198.399994,3338,0.0,1.0
2015-07-14,200.050003,200.050003,199,199,2000,0.0,1.0
2015-07-15,202.5,203.5,200.5,202.5,732,0.0,1.0
2015-07-16,201,211.5,201,205.300003,2800,0.0,1.0
2015-07-17,202.5,212.449997,202.5,208.399994,2488,0.0,1.0
2015-07-20,207.5,216.949997,207,211.899994,4986,0.0,1.0
2015-07-21,217.5,219.949997,206,207.699997,1156,0.0,1.0
2015-07-22,210,217.5,210,213.350006,2762,0.0,1.0
2015-07-23,217.5,217.5,211.649994,216.5,1148,0.0,1.0
2015-07-24,215,216.949997,213.5,213.5,410,0.0,1.0
2015-07-27,212.5,217.5,207.5,214.5,1064,0.0,1.0
2015-07-28,212.5,212.949997,211.050003,212.949997,468,0.0,1.0
2015-07-29,212.5,216.899994,212.050003,216.899994,5640,0.0,1.0
2015-07-30,217.5,222.5,213.050003,215.050003,1148,0.0,1.0
2015-07-31,213.100006,222.449997,213.100006,219.649994,772,0.0,1.0
2015-08-03,222.449997,232,222.449997,226.550003,12678,0.0,1.0
2015-08-04,232.449997,233,228.5,231.050003,6216,0.0,1.0
2015-08-05,230,233,226.75,227.5,8210,0.0,1.0
2015-08-06,230.25,239.5,230.25,237.699997,23416,0.0,1.0
2015-08-07,240,250,240,249.5,15770,0.0,1.0
2015-08-10,252.5,257.5,249.050003,255.699997,13184,0.0,1.0
2015-08-11,256,265,239.25,256.399994,61864,0.0,1.0
2015-08-12,263,267,250,254.75,14624,0.0,1.0
2015-08-13,258.5,260,242.550003,249.800003,18770,0.0,1.0
2015-08-14,250.5,254.850006,240.050003,242.949997,11870,0.0,1.0
2015-08-17,243.050003,256.5,243,252.399994,6620,0.0,1.0
2015-08-18,253.5,258.5,253.5,255.149994,7258,0.0,1.0
2015-08-19,260,260.450012,250.699997,254.949997,4830,0.0,1.0
2015-08-20,255,255.5,243.5,245.600006,5100,0.0,1.0
2015-08-21,250.5,251.800003,237.5,248.550003,8074,0.0,1.0
2015-08-24,235.5,237.800003,211,215.149994,7468,0.0,1.0
2015-08-25,225,235,202.5,221.350006,2490,0.0,1.0
2015-08-26,225,225,210.5,214.850006,1882,0.0,1.0
2015-08-27,222.449997,232,216.25,220,2514,0.0,1.0
2015-08-28,231.399994,233.350006,220.5,224.699997,2356,0.0,1.0
2015-08-31,222.550003,225.699997,222.5,225.5,780,0.0,1.0
2015-09-01,227.5,265,211.550003,215,2674,0.0,1.0
2015-09-02,217.5,221.5,217.5,217.550003,644,0.0,1.0
2015-09-03,224.899994,228.75,223.050003,227.800003,934,0.0,1.0
2015-09-04,222.5,227.5,217.5,220.149994,3106,0.0,1.0
2015-09-07,222.5,224.5,217.550003,218.050003,1318,0.0,1.0
2015-09-08,217.5,220.449997,212.600006,216.100006,868,0.0,1.0
2015-09-09,222.5,232.300003,222.5,230.75,1694,0.0,1.0
2015-09-10,225,225,221.050003,224,332,0.0,1.0
2015-09-11,225,229.449997,217.5,219.850006,886,0.0,1.0
2015-09-14,221.25,235,221,224.199997,262,2.46621,1.0
2015-09-15,223.25,232,223.050003,228.550003,236,0.0,1.0
2015-09-16,225.25,229.949997,225,226.149994,954,0.0,1.0
2015-09-18,227.5,237.5,226,227.100006,746,0.0,1.0
2015-09-21,227.5,230.5,226.5,227.449997,2020,0.0,1.0
2015-09-22,231.5,231.5,220,222.399994,978,0.0,1.0
2015-09-23,223.699997,227.5,223.699997,227.100006,484,0.0,1.0
2015-09-24,227.5,233.75,222.550003,222.550003,134,0.0,1.0
2015-09-28,225.850006,225.850006,217.550003,224.449997,1100,0.0,1.0
2015-09-29,224.5,224.949997,215,220.149994,920,0.0,1.0
2015-09-30,224.449997,227.449997,220,225,864,0.0,1.0
2015-10-01,225.949997,226,217.5,222.699997,374,0.0,1.0
2015-10-05,226.100006,228.75,222.699997,224.399994,2976,0.0,1.0
2015-10-06,226,235,225,227.699997,2328,0.0,1.0
2015-10-07,228.5,240,228.5,235.75,918,0.0,1.0
2015-10-08,239,244.5,233.100006,243.25,5348,0.0,1.0
2015-10-09,250,252,245,251,2528,0.0,1.0
2015-10-12,250.050003,252.5,247.5,250,726,0.0,1.0
2015-10-13,249.399994,249.399994,245.800003,248.100006,806,0.0,1.0
2015-10-14,248.899994,267.5,248.899994,258.850006,14734,0.0,1.0
2015-10-15,260.350006,260.350006,252.5,253.449997,2194,0.0,1.0
2015-10-16,257.75,257.75,250.5,250.600006,1112,0.0,1.0
2015-10-19,254.899994,257.5,248.550003,254.649994,6220,0.0,1.0
2015-10-20,255,255.5,252.5,253.850006,364,0.0,1.0
2015-10-21,252.5,252.5,248,248,756,0.0,1.0
2015-10-23,257.299988,259.5,253.5,253.5,1890,0.0,1.0
2015-10-26,252.5,254.899994,245,245.75,534,0.0,1.0
2015-10-27,250,250,250,250,200,0.0,1.0
2015-10-28,251.75,263.850006,251.75,255.300003,7528,0.0,1.0
2015-10-29,260,262.850006,253.350006,258.350006,2158,0.0,1.0
2015-10-30,256,260.5,253.050003,256.899994,1270,0.0,1.0
2015-11-02,255,255,249.25,252,1838,0.0,1.0
2015-11-03,255,262.5,245.75,254,890,0.0,1.0
2015-11-04,255,260,249,252.125,3546,0.0,1.0
2015-11-05,250,252.5,247,249.5,9078,0.0,1.0
2015-11-06,252.5,255,247.5,250.125,1304,0.0,1.0
2015-11-09,260,297,260,293,73880,0.0,1.0
2015-11-10,292,292.5,279,282.25,19954,0.0,1.0
2015-11-13,296,305,287.875,300.375,18502,0.0,1.0
2015-11-16,302.25,314.875,299.375,301.625,20138,0.0,1.0
2015-11-17,300,306,275.125,302.75,7220,0.0,1.0
2015-11-18,305.25,306.5,292.5,298.5,2942,0.0,1.0
2015-11-19,299,301.5,291.5,294,1858,0.0,1.0
2015-11-20,294.5,298,290,295.75,3168,0.0,1.0
2015-11-23,310,325.5,310,323,22066,0.0,1.0
2015-11-24,320.5,336,320.5,330.625,25044,0.0,1.0
2015-11-26,332.5,350,332.5,340.75,32790,0.0,1.0
2015-11-27,335,359,335,350.875,26750,0.0,1.0
2015-11-30,356.875,361.5,353.125,356.875,10026,0.0,1.0
2015-12-01,350,373,350,360.875,14500,0.0,1.0
2015-12-02,365,365,348.25,355.5,10654,0.0,1.0
2015-12-03,355,355,332.5,337.5,10748,0.0,1.0
2015-12-04,332.625,337.5,328.75,330.875,9256,0.0,1.0
2015-12-07,332.5,367.875,332.5,358.75,15168,0.0,1.0
2015-12-08,352.5,368.25,350.5,356.625,9560,0.0,1.0
2015-12-09,351.125,355,335.875,338.875,3778,0.0,1.0
2015-12-10,343,348,341,344.625,3032,0.0,1.0
2015-12-11,348.375,354.75,337.75,341.375,8286,0.0,1.0
2015-12-14,339,352.5,338,342.125,4788,0.0,1.0
2015-12-15,340.625,350.875,340.5,348.875,1268,0.0,1.0
2015-12-16,347.125,353,343,345.875,3832,0.0,1.0
2015-12-17,345,353,345,350.375,2574,0.0,1.0
2015-12-18,350,350,342.625,348.125,1672,0.0,1.0
2015-12-21,346.5,346.5,339.5,343.25,1762,0.0,1.0
2015-12-22,342.5,349.5,342.5,345.375,2434,0.0,1.0
2015-12-23,343.625,344.75,339,343.125,5230,0.0,1.0
2015-12-24,343.875,352.5,341,346.375,2200,0.0,1.0
2015-12-28,349,351,341.5,345.25,2948,0.0,1.0
2015-12-29,342.125,345,337.75,339.25,2168,0.0,1.0
2015-12-30,344.875,346,341.75,342.375,2756,0.0,1.0
2015-12-31,338.625,349,338.625,347.875,9570,0.0,1.0
2016-01-01,350,380,348.125,368,20730,0.0,1.0
2016-01-04,370,384.375,359.25,369,13422,0.0,1.0
2016-01-05,372.5,379,361.125,374.25,7782,0.0,1.0
2016-01-06,376.5,380,365,366.875,7124,0.0,1.0
2016-01-07,362.625,365,349,352.875,5870,0.0,1.0
2016-01-08,350,365.375,350,352.375,5314,0.0,1.0
2016-01-11,355,355,331.625,341.75,17758,0.0,1.0
2016-01-12,342.5,350,342.5,345.875,2166,0.0,1.0
2016-01-13,351.375,351.375,310,325.125,9960,0.0,1.0
2016-01-14,320,327,315.5,317.875,3960,0.0,1.0
2016-01-15,320,322.5,307.5,308.125,3198,0.0,1.0
2016-01-18,307.5,307.5,290,297.375,13340,0.0,1.0
2016-01-19,305,310.75,300.5,304.125,4264,0.0,1.0
2016-01-20,300,301.5,282.625,294.625,4828,0.0,1.0
2016-01-21,297.5,302.5,291,293.875,3044,0.0,1.0
2016-01-22,302.5,322.375,301.125,315,7054,0.0,1.0
2016-01-25,322.625,324.25,319.5,323.75,812,0.0,1.0
2016-01-27,325,326.25,320.125,322.625,630,0.0,1.0
2016-01-28,322.5,322.5,299.875,306.375,4012,0.0,1.0
2016-01-29,312.375,314,302.5,307.25,10936,0.0,1.0
2016-02-01,312.5,319.875,290.25,297.5,12880,0.0,1.0
2016-02-02,293.875,299.5,283.25,286.875,4182,0.0,1.0
2016-02-03,288.5,288.5,277.5,278.625,2258,0.0,1.0
2016-02-04,281.125,294.875,277.5,284,1180,0.0,1.0
2016-02-05,282.5,286.375,280,285,1524,0.0,1.0
2016-02-08,284.875,303.75,284.875,298.875,3128,0.0,1.0
2016-02-09,298,298.5,277.625,285,8892,0.0,1.0
2016-02-10,282.375,282.5,263.75,275.875,5506,0.0,1.0
2016-02-11,272.5,273.875,251.375,259.75,4784,0.0,1.0
2016-02-12,262.375,267.5,253,259.5,3552,0.0,1.0
2016-02-15,267.5,279.75,265,269.5,2694,0.0,1.0
2016-02-16,277.125,277.125,260,263.375,4654,0.0,1.0
2016-02-17,256.25,262.375,252.5,257.875,6572,0.0,1.0
2016-02-18,262.5,262.625,256.875,259.25,2478,0.0,1.0
2016-02-19,257.625,269,255.5,266,956,0.0,1.0
2016-02-22,260.5,272.375,260.5,262.625,1242,0.0,1.0
2016-02-23,265,265,258,261.5,1708,0.0,1.0
2016-02-24,260,265,255,259.5,1098,0.0,1.0
2016-02-25,260.5,265,252.5,253.375,892,0.0,1.0
2016-02-26,258.5,259,252.5,257.75,1440,0.0,1.0
2016-02-29,257.625,259.875,252.5,252.625,1236,0.0,1.0
2016-03-01,255.25,265,255.25,261.5,2926,0.0,1.0
2016-03-02,265,284,263,279.5,1228,0.0,1.0
2016-03-03,285,296.5,280,283.625,3100,0.0,1.0
2016-03-04,277.5,292,277.5,285.375,2474,0.0,1.0
2016-03-08,285,288.5,277.125,281.625,3010,0.0,1.0
2016-03-09,275,281.5,270,279.125,728,0.0,1.0
2016-03-10,278.25,283.25,275,280.625,726,0.0,1.0
2016-03-11,280,283.5,277.5,280.625,334,0.0,1.0
2016-03-14,281.5,284.875,271.25,275.875,818,0.0,1.0
2016-03-15,275.5,284.75,272.5,279,472,0.0,1.0
2016-03-16,275.375,275.375,268.875,271.375,894,0.0,1.0
2016-03-17,273.75,291,272.625,284.875,6228,0.0,1.0
2016-03-18,285,296.875,285,289.125,1206,0.0,1.0
2016-03-21,291.875,311.375,289.875,307.125,5524,0.0,1.0
2016-03-22,305.5,308.625,295.75,298.875,2792,4.78204,1.0
2016-03-23,298.875,309.25,298.875,305.75,4624,0.0,1.0
2016-03-28,305,305,290.75,292.375,5946,0.0,1.0
2016-03-29,295,295.125,282,287.75,2382,0.0,1.0
2016-03-30,297.5,306.125,295,299.625,8476,0.0,1.0
2016-03-31,306.25,306.25,288.125,288.125,466,0.0,1.0
2016-04-01,290,294.5,289.125,290,1142,0.0,1.0
2016-04-04,290.25,294.625,288,291.5,3474,0.0,1.0
2016-04-05,290.625,296,290,290,854,0.0,1.0
2016-04-06,287.5,319.875,283,314.125,11746,0.0,1.0
2016-04-07,315,317.5,302,304.125,5428,0.0,1.0
2016-04-08,310,357.5,307.5,346.75,113214,0.0,1.0
2016-04-11,342.5,362.625,340.75,349.125,37110,0.0,1.0
2016-04-12,347.5,347.5,336.375,340.125,5662,0.0,1.0
2016-04-13,338.5,350.875,332.75,338.125,10702,0.0,1.0
2016-04-18,341,344,338.125,342.125,5226,0.0,1.0
2016-04-20,345,359.125,342.5,348.125,11704,0.0,1.0
2016-04-21,359.875,359.875,338.5,339.125,4994,0.0,1.0
2016-04-22,337.5,356,335,350.5,16104,0.0,1.0
2016-04-25,354.875,354.875,338.125,344,2536,0.0,1.0
2016-04-26,345,352,338,346.375,3442,0.0,1.0
2016-04-27,345.5,351.125,341.25,342.125,1148,0.0,1.0
2016-04-28,342.5,344.875,330,332.625,6718,0.0,1.0
2016-04-29,337.5,340,326.5,328.25,9074,0.0,1.0
2016-05-02,327.625,334.625,327.625,332.25,1524,0.0,1.0
2016-05-03,333.75,357.5,333.5,341.625,13288,0.0,1.0
2016-05-04,342.5,347,333,334.25,2960,0.0,1.0
2016-05-05,335,342.25,334.125,338.125,5282,0.0,1.0
2016-05-06,340.5,356.25,340,351.875,22968,0.0,1.0
2016-05-09,353,375.125,353,365.875,43014,0.0,1.0
2016-05-10,367.5,383.375,367.5,373.625,23004,0.0,1.0
2016-05-11,365,371.5,360.75,365.25,3426,0.0,1.0
2016-05-12,367.5,391,367.5,383,17976,0.0,1.0
2016-05-13,386.875,386.875,377,380.25,5936,0.0,1.0
2016-05-16,380.875,382.375,375,376.625,8218,0.0,1.0
2016-05-17,380,391,380,384,12160,0.0,1.0
2016-05-18,385.25,400,382,395.25,43190,0.0,1.0
2016-05-19,398.75,407,378.625,382.25,19834,0.0,1.0
2016-05-20,387.25,387.5,346.875,369.5,84012,0.0,1.0
2016-05-23,360.024994,373.725006,359.549988,365.825012,8270,0.0,1.0
2016-05-24,365,365,345,347.75,5862,0.0,1.0
2016-05-25,345.5,400.75,345.5,385.049988,71812,0.0,1.0
2016-05-26,382.899994,390.5,377.450012,382.799988,8234,0.0,1.0
2016-05-27,380,386,377.600006,381.350006,4526,0.0,1.0
2016-05-30,377.75,389.975006,377.75,385.524994,3160,0.0,1.0
2016-05-31,390,392.450012,376.5,379.174988,4154,0.0,1.0
2016-06-01,380.549988,390,380.549988,385.274994,3776,0.0,1.0
2016-06-02,390,390,379.049988,386.399994,4834,0.0,1.0
2016-06-03,390,403.5,381.5,390.75,10536,0.0,1.0
2016-06-06,390,405.5,390,400.575012,12986,0.0,1.0
2016-06-07,405.450012,410,405,408.399994,11906,0.0,1.0
2016-06-08,405,420,405,406.674988,19430,0.0,1.0
2016-06-09,406.600006,410.725006,402.475006,406.350006,9864,0.0,1.0
2016-06-10,400.049988,429,400.049988,416.75,16346,0.0,1.0
2016-06-13,410.024994,416.475006,401.5,413.524994,6944,0.0,1.0
2016-06-14,410.5,419,410,413.649994,3082,0.0,1.0
2016-06-15,410,423,407,414,8652,0.0,1.0
2016-06-16,422.5,446.950012,421.5,438.649994,65138,0.0,1.0
2016-06-17,440.850006,469,440.850006,464.049988,41616,0.0,1.0
2016-06-20,456.049988,479.899994,456.049988,475.125,23348,0.0,1.0
2016-06-21,475,480,467.5,470.149994,11490,0.0,1.0
2016-06-22,470.450012,475.5,460.049988,466.774994,10792,0.0,1.0
2016-06-23,464.149994,464.149994,450.5,452.774994,3598,0.0,1.0
2016-06-24,430.899994,449.475006,420,445.799988,12896,0.0,1.0
2016-06-27,449,463,448,457.049988,7678,0.0,1.0
2016-06-28,462.5,514.825012,462.5,490.625,67592,0.0,1.0
2016-06-29,497.5,512.5,488.5,492.600006,13264,0.0,1.0
2016-06-30,497.5,509,496.450012,503.100006,9354,0.0,1.0
2016-07-01,507,517.974976,504.549988,511.975006,6814,0.0,1.0
2016-07-04,512.200012,517.5,496.25,510.149994,6854,0.0,1.0
2016-07-05,510,534.200012,510,526.325012,16384,0.0,1.0
2016-07-07,532.5,547.450012,527.5,541.799988,7894,0.0,1.0
2016-07-08,541.5,554.5,530.5,533.075012,5656,0.0,1.0
2016-07-11,539.224976,551.974976,532.5,542.224976,6162,0.0,1.0
2016-07-12,545.525024,545.525024,525,531.349976,5508,0.0,1.0
2016-07-13,532.950012,532.950012,500.375,505.225006,7040,0.0,1.0
2016-07-14,503.450012,515,500,503.75,6952,0.0,1.0
2016-07-15,514.5,515.775024,503.774994,508.975006,4778,0.0,1.0
2016-07-18,510.600006,514.5,472.524994,476.725006,8978,0.0,1.0
2016-07-19,484.5,484.5,462.75,466.850006,6688,0.0,1.0
2016-07-20,472,536.450012,472,528.625,27224,0.0,1.0
2016-07-21,530,533,505,511.399994,9068,0.0,1.0
2016-07-22,507.5,526.450012,499.5,524.525024,5988,0.0,1.0
2016-07-25,523.799988,535,512.525024,519.174988,3384,0.0,1.0
2016-07-26,521,521,496.075012,501.450012,5478,0.0,1.0
2016-07-27,510.75,511.5,499.125,502.825012,3384,0.0,1.0
2016-07-28,501.225006,501.225006,485.524994,492.149994,10716,0.0,1.0
2016-07-29,495,507.5,492,493.274994,6326,0.0,1.0
2016-08-01,495,503.25,472,485.575012,6788,0.0,1.0
2016-08-02,487.524994,488.325012,466.5,470.475006,8668,0.0,1.0
2016-08-03,471,488.950012,467.524994,480.424988,3288,0.0,1.0
2016-08-04,487.049988,499,482.350006,488.524994,3034,0.0,1.0
2016-08-05,492.5,506.125,488.200012,495.299988,6146,0.0,1.0
2016-08-08,499.5,504,492.5,498.149994,4230,0.0,1.0
2016-08-09,502.5,511.75,455.5,461.75,21838,0.0,1.0
2016-08-10,462.5,473.5,450.549988,452.399994,7056,0.0,1.0
2016-08-11,452,457.5,442.524994,453.649994,5832,0.0,1.0
2016-08-12,455.774994,457.5,445,446,2580,0.0,1.0
2016-08-16,446.375,452.5,432.25,442.149994,4260,0.0,1.0
2016-08-17,445,475,445,459.75,5644,0.0,1.0
2016-08-18,462.5,472.5,455,467.399994,16098,0.0,1.0
2016-08-19,473.325012,474,460,461.700012,2288,0.0,1.0
2016-08-22,465,487.5,454.5,479.850006,9682,0.0,1.0
2016-08-23,477.5,486.875,463,465.100006,4892,0.0,1.0
2016-08-24,462.5,484.200012,453,466.049988,7334,0.0,1.0
2016-08-25,462.5,482.5,462.475006,467.899994,6014,0.0,1.0
2016-08-26,465.924988,467.125,455.825012,458.399994,1220,0.0,1.0
2016-08-29,458.075012,465.5,448.825012,456.625,5070,0.0,1.0
2016-08-30,462.549988,475,455,467.100006,3260,0.0,1.0
2016-08-31,475,492,470,473.25,8246,0.0,1.0
2016-09-01,467.5,470,464.424988,465.350006,410,0.0,1.0
2016-09-02,465.950012,470,457.850006,459.975006,2172,0.0,1.0
2016-09-06,465,468.950012,457.5,460.549988,1570,0.0,1.0
2016-09-07,469,473.424988,460.450012,461.024994,258,0.0,1.0
2016-09-08,465,468,457.549988,462.575012,1016,0.0,1.0
2016-09-09,465,490,465,476.774994,4140,0.0,1.0
2016-09-12,475.600006,476.424988,466,468.225006,1240,0.0,1.0
2016-09-14,465.700012,473.399994,464.5,465.399994,704,0.0,1.0
2016-09-15,467.5,474,463.100006,469.799988,318,0.0,1.0
2016-09-16,475,485,469,469.700012,3794,0.0,1.0
2016-09-19,475,484,471.575012,478.625,1202,0.0,1.0
2016-09-20,480,491.200012,470,478.75,2912,0.0,1.0
2016-09-21,480.5,491,476.049988,489.125,4480,0.0,1.0
2016-09-22,491,503.475006,481.625,498.924988,5922,0.0,1.0
2016-09-23,500.575012,507.5,494,499.875,4872,0.0,1.0
2016-09-26,495,496,479.625,480.649994,2168,0.0,1.0
2016-09-27,482.5,490.450012,475.649994,476.899994,408,0.0,1.0
2016-09-28,485,487.5,470,477.674988,11676,0.0,1.0
2016-09-29,482.5,487.475006,455.049988,462.549988,7270,0.0,1.0
2016-09-30,465.975006,493,465.975006,490.975006,1864,0.0,1.0
2016-10-03,495,522.5,490,518,5974,0.0,1.0
2016-10-04,520,536.450012,512.950012,527.275024,16734,0.0,1.0
2016-10-05,529.049988,537.5,518.400024,526.575012,3128,0.0,1.0
2016-10-06,532.5,547,522.549988,525.674988,10198,0.0,1.0
2016-10-07,532.5,532.849976,519,525.974976,846,0.0,1.0
2016-10-10,532,542.724976,530.299988,537.025024,1754,0.0,1.0
2016-10-13,535,538.474976,521.625,531.125,972,0.0,1.0
2016-10-14,536.200012,555.974976,522.099976,548.424988,5800,0.0,1.0
2016-10-17,552.5,574.5,546.400024,571.549988,9308,0.0,1.0
2016-10-18,575,583,570,580.049988,6166,0.0,1.0
2016-10-19,576.599976,593.974976,573.5,578.75,1676,0.0,1.0
2016-10-20,578.875,579.900024,570,572.825012,1376,0.0,1.0
2016-10-21,570.5,580,570,575.924988,2170,0.0,1.0
2016-10-24,572.5,582.5,570,575,1756,0.0,1.0
2016-10-25,575,592.5,575,586.674988,1514,0.0,1.0
2016-10-26,587.924988,591.599976,580.25,583.974976,1012,0.0,1.0
2016-10-27,580,591.125,575,575.775024,1402,0.0,1.0
2016-10-28,580.950012,585.349976,575,577.25,678,0.0,1.0
2016-11-01,588.424988,609,582.799988,600.599976,3174,0.0,1.0
2016-11-02,592.5,610,588.825012,592.125,6562,0.0,1.0
2016-11-03,595,597.025024,565,569.224976,1608,0.0,1.0
2016-11-04,572.5,572.5,528.099976,551.549988,5746,0.0,1.0
2016-11-07,563.25,566.25,540,546.075012,2474,0.0,1.0
2016-11-08,555,557.5,518.049988,525.450012,6364,0.0,1.0
2016-11-09,487.950012,525,474.024994,492.375,7912,0.0,1.0
2016-11-10,499,522.5,499,511.674988,1972,0.0,1.0
2016-11-11,508.100006,508.100006,489.5,490.875,7522,0.0,1.0
2016-11-15,487.5,487.75,418.75,422.625,5130,0.0,1.0
2016-11-16,427.5,435,403.049988,408.174988,7276,0.0,1.0
2016-11-17,401.700012,411.200012,393.299988,400.875,1104,0.0,1.0
2016-11-18,406,417.5,400,412.600006,3710,0.0,1.0
2016-11-21,415,415,385,397.049988,3152,0.0,1.0
2016-11-22,393.774994,403.5,388,399.825012,2850,0.0,1.0
2016-11-23,405,417.5,400,410.125,1182,0.0,1.0
2016-11-24,413.725006,415,400,407.899994,2952,0.0,1.0
2016-11-25,406,420.424988,406,416.725006,1428,0.0,1.0
2016-11-28,417.5,472.399994,417.5,459.799988,12776,0.0,1.0
2016-11-29,455,471.899994,447.5,454.424988,2700,0.0,1.0
2016-11-30,458.274994,474.950012,457.5,472.125,1010,0.0,1.0
2016-12-01,467.5,468.524994,458.549988,461.125,452,0.0,1.0
2016-12-02,457.5,461.700012,450,458.125,470,0.0,1.0
2016-12-05,460,471.75,452,467.625,3454,0.0,1.0
2016-12-06,462,473.325012,460.850006,470.575012,2504,0.0,1.0
2016-12-07,470.5,481.5,460.125,463.975006,1588,0.0,1.0
2016-12-08,470,484.5,468.899994,482.299988,820,0.0,1.0
2016-12-09,480,492.5,475,481.049988,660,0.0,1.0
2016-12-12,477.5,487,469.200012,470.399994,624,0.0,1.0
2016-12-13,469.200012,480,462.575012,472.075012,2094,0.0,1.0
2016-12-14,465.924988,475.075012,464.899994,469.649994,250,0.0,1.0
2016-12-15,462.5,470,460.25,467.299988,132,0.0,1.0
2016-12-16,465.125,470,460,461.200012,1346,0.0,1.0
2016-12-19,461,474.975006,460,468.75,664,0.0,1.0
2016-12-20,470,474.774994,460.100006,461.450012,1276,0.0,1.0
2016-12-21,465,472.450012,464.575012,465.975006,188,0.0,1.0
2016-12-22,469,474,458.5,459.424988,1422,0.0,1.0
2016-12-23,458.475006,463.575012,454.649994,456.799988,560,0.0,1.0
2016-12-26,455,455,430.75,450.450012,2226,0.0,1.0
2016-12-27,446.5,470,435.524994,463.25,526,0.0,1.0
2016-12-28,457,466.5,457,463.174988,536,0.0,1.0
2016-12-29,467,473.100006,460,466.850006,2080,0.0,1.0
2016-12-30,474.174988,475,462.5,466.450012,682,0.0,1.0
2017-01-02,469.575012,490,469.575012,486.774994,2102,0.0,1.0
2017-01-03,482.5,486,470.75,480.450012,1022,0.0,1.0
2017-01-04,480,487.5,471.899994,476.524994,1018,0.0,1.0
2017-01-05,476.149994,482.5,472.549988,473.549988,522,0.0,1.0
2017-01-06,479.5,497.5,475,491,1676,0.0,1.0
2017-01-09,485,496.950012,476.024994,476.875,150,0.0,1.0
2017-01-10,476,494.975006,475,491.149994,244,0.0,1.0
2017-01-11,487.5,489.549988,485.274994,487.5,118,0.0,1.0
2017-01-12,487.5,506.174988,485,487.975006,4932,0.0,1.0
2017-01-13,491,499.5,489,496,166,0.0,1.0
2017-01-16,495,499.975006,490.024994,494.274994,314,0.0,1.0
2017-01-17,495,506,491.325012,501.225006,816,0.0,1.0
2017-01-18,506.325012,508.5,495.5,501.625,352,0.0,1.0
2017-01-19,502.5,509.975006,500,501.350006,668,0.0,1.0
2017-01-20,497.5,500.899994,493.5,496.600006,308,0.0,1.0
2017-01-23,493.5,501,486.774994,493.350006,850,0.0,1.0
2017-01-24,495,502.5,495,499.649994,166,0.0,1.0
2017-01-25,500,524.5,500,521.974976,2078,0.0,1.0
2017-01-27,525,529.5,509.475006,511.600006,1352,0.0,1.0
2017-01-30,505,537.474976,502.5,525.450012,1416,0.0,1.0
2017-01-31,520,535,508.875,510.325012,1266,0.0,1.0
2017-02-01,509,547.974976,501.575012,539.200012,1492,0.0,1.0
2017-02-02,539.5,539.5,526.625,528.724976,576,0.0,1.0
2017-02-03,528,557.974976,528,552.450012,4838,0.0,1.0
2017-02-06,542,562.5,542,557.400024,1164,0.0,1.0
2017-02-07,557.5,557.5,543.099976,544.825012,470,0.0,1.0
2017-02-08,545,549.200012,539.875,547.025024,1832,0.0,1.0
2017-02-09,543.099976,552.474976,543.099976,551.650024,730,0.0,1.0
2017-02-10,552.5,560.974976,545,545.775024,4480,0.0,1.0
2017-02-13,545,555.799988,532.525024,545.875,1960,0.0,1.0
2017-02-14,547.5,547.5,533,535,684,0.0,1.0
2017-02-15,536.400024,536.400024,510,515.549988,2124,0.0,1.0
2017-02-16,517.474976,524.974976,510,518.150024,1426,0.0,1.0
2017-02-17,520,523.974976,515.924988,519.625,1176,0.0,1.0
2017-02-20,515,531.224976,511.024994,528.025024,3688,0.0,1.0
2017-02-21,530,544.5,530,534.025024,1082,0.0,1.0
2017-02-22,532.5,536.674988,520,526.974976,1168,0.0,1.0
2017-02-23,537.5,537.974976,530,534.025024,1722,0.0,1.0
2017-02-27,531,537.5,521.549988,524,596,0.0,1.0
2017-02-28,530,530,511.5,525.575012,580,0.0,1.0
2017-03-01,528,533.375,520,528,264,0.0,1.0
2017-03-02,531.325012,531.325012,510,514.424988,896,0.0,1.0
2017-03-03,524.5,524.5,512.5,515.599976,700,0.0,1.0
2017-03-06,522.5,527.174988,512.5,515.924988,212,0.0,1.0
2017-03-07,517.5,527.5,508,513.950012,596,0.0,1.0
2017-03-08,513,517.5,510,514.525024,158,0.0,1.0
2017-03-09,512.724976,512.724976,494.5,496.200012,4824,0.0,1.0
2017-03-10,500.850006,500.850006,493.100006,495.024994,2220,0.0,1.0
2017-03-14,522.5,522.5,502.5,506.100006,1116,0.0,1.0
2017-03-15,510,520,504.5,508.75,780,0.0,1.0
2017-03-16,512.5,512.799988,504,509.600006,540,0.0,1.0
2017-03-17,505,509.700012,502.5,503.625,1646,0.0,1.0
2017-03-20,506.075012,508,503.549988,504.024994,534,0.0,1.0
2017-03-21,504.325012,510,500.024994,509.225006,700,0.0,1.0
2017-03-22,510,511,496.350006,506.5,876,0.0,1.0
2017-03-23,512.5,537.700012,512.5,529.825012,2042,0.0,1.0
2017-03-24,540.674988,542.5,518,520.075012,432,0.0,1.0
2017-03-27,525,525,510.299988,512.650024,1038,0.0,1.0
2017-03-28,526.5,554.5,524.950012,539.299988,7412,0.0,1.0
2017-03-29,550.525024,572,550.5,562.900024,8492,0.0,1.0
2017-03-30,571.424988,582.5,565.125,566.650024,2052,0.0,1.0
2017-03-31,580,585,560,566.450012,1894,0.0,1.0
2017-04-03,578.974976,581.5,561.150024,569.049988,12202,0.0,1.0
2017-04-05,577.825012,595,572.25,576.375,2780,0.0,1.0
2017-04-06,577.5,595,575,590.674988,5388,0.0,1.0
2017-04-07,590,597,583,585.875,3712,0.0,1.0
2017-04-10,604.299988,604.299988,585,588.025024,1752,0.0,1.0
2017-04-11,596,600,587,588.099976,636,0.0,1.0
2017-04-12,588.275024,596.849976,580,588.349976,1402,0.0,1.0
2017-04-13,584.974976,592.5,579.5,583,534,0.0,1.0
2017-04-17,583.025024,604,575,577.099976,668,0.0,1.0
2017-04-18,580.950012,600,565,566,1386,0.0,1.0
2017-04-19,566,574.5,546.349976,564.275024,5606,0.0,1.0
2017-04-20,550,576,550,564.325012,1656,0.0,1.0
2017-04-21,571,585,557.599976,568.799988,2514,0.0,1.0
2017-04-24,579.799988,606.5,574.25,601.549988,6716,0.0,1.0
2017-04-25,605,620,591.650024,610.325012,2838,0.0,1.0
2017-04-26,610,625,599.049988,619.950012,4344,0.0,1.0
2017-04-27,626.974976,630.25,619.299988,626.375,4290,0.0,1.0
2017-04-28,626,639.950012,623.549988,636,2446,0.0,1.0
2017-05-02,635.025024,635.049988,605,619.650024,2892,0.0,1.0
2017-05-03,625.974976,626.674988,604.674988,613.424988,1414,0.0,1.0
2017-05-04,623,630.25,617.549988,628.075012,2122,0.0,1.0
2017-05-05,627.5,627.5,596.700012,611.200012,6764,0.0,1.0
2017-05-08,621.924988,629.5,607.75,621.825012,6774,0.0,1.0
2017-05-09,622.299988,622.299988,613.474976,618.400024,950,0.0,1.0
2017-05-10,623.424988,627.275024,616,619.775024,1108,0.0,1.0
2017-05-11,616.25,625,615,616.099976,976,0.0,1.0
2017-05-12,614,617.5,604.799988,613.674988,1714,0.0,1.0
2017-05-15,616,627.424988,602.849976,620.674988,5064,0.0,1.0
2017-05-16,627.400024,637.474976,619.450012,630.075012,3700,0.0,1.0
2017-05-17,625,630,611.5,619.674988,5584,0.0,1.0
2017-05-18,614.5,619.474976,612.5,612.825012,1326,0.0,1.0
2017-05-19,624.5,624.5,590,591.950012,3468,0.0,1.0
2017-05-22,607.400024,614.950012,587.75,590.775024,2784,0.0,1.0
2017-05-23,586.650024,586.650024,561.75,567.700012,4970,0.0,1.0
2017-05-24,570,590,560,565.75,1300,0.0,1.0
2017-05-25,568.799988,583.5,563,579.25,6190,0.0,1.0
2017-05-26,585,589,575.025024,581.799988,2044,0.0,1.0
2017-05-29,579.125,582.5,558,560.799988,1388,0.0,1.0
2017-05-30,564.150024,572,550.099976,556.200012,2278,0.0,1.0
2017-05-31,554.724976,565,548.974976,549.974976,902,0.0,1.0
2017-06-01,575,577.5,554.575012,569.5,2108,0.0,1.0
2017-06-02,569.5,583,569.049988,579.5,792,0.0,1.0
2017-06-05,586.724976,604.974976,586.724976,602.875,1144,0.0,1.0
2017-06-06,604,604,588,594.799988,662,0.0,1.0
2017-06-07,595.5,595.5,571.299988,582.125,2898,0.0,1.0
2017-06-08,575,582.5,573.974976,573.974976,190,0.0,1.0
2017-06-09,579,579,563.775024,576.950012,634,0.0,1.0
2017-06-12,579.25,584.974976,567.525024,572.125,1038,0.0,1.0
2017-06-13,582.5,583.700012,565,568.224976,5924,0.0,1.0
2017-06-14,569.924988,570,557.25,560.5,712,0.0,1.0
2017-06-15,577.5,577.5,556.549988,564.700012,9660,0.0,1.0
2017-06-16,550.025024,582.5,550.025024,579.849976,4362,0.0,1.0
2017-06-19,576.299988,592.5,567.5,572.424988,1682,0.0,1.0
2017-06-20,570.5,578.599976,568,568.450012,158,0.0,1.0
2017-06-21,571.849976,575,569.025024,571.974976,976,0.0,1.0
2017-06-22,570.200012,570.200012,552.5,555.224976,942,0.0,1.0
2017-06-23,557.549988,557.549988,543.5,553.5,950,0.0,1.0
2017-06-27,553.5,553.5,533,535.974976,1048,0.0,1.0
2017-06-28,536.974976,547,531.25,539.974976,1866,0.0,1.0
2017-06-29,542.5,560,539.5,557.674988,4328,0.0,1.0
2017-06-30,563.5,584.875,557.5,576.549988,1764,0.0,1.0
2017-07-03,582.5,585,579.5,583.424988,174,0.0,1.0
2017-07-04,579.924988,582.5,570.5,581.5,180,0.0,1.0
2017-07-05,580.974976,581,575,577,256,0.0,1.0
2017-07-06,573.5,576.200012,567.174988,571.200012,270,0.0,1.0
2017-07-07,573.525024,577.5,564.325012,573.525024,680,0.0,1.0
2017-07-10,567.674988,587.5,556,586,2264,0.0,1.0
2017-07-11,587.5,593,585,587.825012,938,0.0,1.0
2017-07-12,575,576,571.599976,574.700012,82,0.0,1.0
2017-07-13,572.5,581.5,572.5,577.5,458,0.0,1.0
2017-07-14,595,595,578.200012,586.099976,1194,0.0,1.0
2017-07-17,582.5,582.5,567.75,578.799988,1210,0.0,1.0
2017-07-18,577.974976,597.875,573.549988,589.075012,1064,0.0,1.0
2017-07-19,590,590,582.200012,587.849976,400,0.0,1.0
2017-07-20,582.5,587.674988,580.549988,587.5,1954,0.0,1.0
2017-07-21,585,587.5,577.5,584.924988,1340,0.0,1.0
2017-07-24,576,585,574.5,575.474976,1222,0.0,1.0
2017-07-25,576,582.275024,573.174988,581,836,0.0,1.0
2017-07-26,586.900024,586.900024,574,582.25,4474,0.0,1.0
2017-07-27,578,586.5,576.5,585,4068,0.0,1.0
2017-07-28,582.825012,585,573.174988,584.950012,698,0.0,1.0
2017-07-31,576.650024,582,576.5,579.974976,1244,0.0,1.0
2017-08-01,571.5,587.5,570,572,2956,0.0,1.0
2017-08-02,580,580,567.5,571.200012,2376,0.0,1.0
2017-08-03,578.5,578.5,562.5,562.5,740,5.85025,1.0
2017-08-04,563.5,567,550,552.299988,2474,0.0,1.0
2017-08-07,559.349976,563.775024,547.75,555.025024,502,0.0,1.0
2017-08-08,571.174988,571.174988,561.174988,561.299988,212,0.0,1.0
2017-08-09,557.400024,574.5,547.5,555.275024,2078,0.0,1.0
2017-08-10,559.275024,560,525,535.450012,374,0.0,1.0
2017-08-11,531.599976,547.5,525,544.825012,1104,0.0,1.0
2017-08-14,549.625,563.974976,537.75,560.150024,4336,0.0,1.0
2017-08-16,570,575.5,555.525024,566.5,1890,0.0,1.0
2017-08-17,576.974976,580,566.525024,574.125,498,0.0,1.0
2017-08-18,575,575,552.974976,571,1182,0.0,1.0
2017-08-21,573.5,583.674988,567.525024,571.174988,390,0.0,1.0
2017-08-22,543,573.5,543,557.575012,918,0.0,1.0
2017-08-23,564.849976,565,558.049988,560.974976,8602,0.0,1.0
2017-08-24,562.525024,566.375,549.825012,560.025024,4134,0.0,1.0
2017-08-28,568.900024,569.400024,554.974976,559.049988,1300,0.0,1.0
2017-08-29,549.25,568,549.25,559.599976,1002,0.0,1.0
2017-08-30,563,569.5,542.474976,558,1476,0.0,1.0
2017-08-31,552.525024,558,549.25,555.474976,842,0.0,1.0
2017-09-01,559.150024,568.25,552.5,565.275024,144,0.0,1.0
2017-09-04,573,582.849976,552.450012,561.5,2202,0.0,1.0
2017-09-05,563.075012,567.049988,560.5,565.049988,1118,0.0,1.0
2017-09-06,558.75,570.674988,553.700012,570.450012,2480,0.0,1.0
2017-09-07,574.924988,582.474976,573.25,579.950012,7794,0.0,1.0
2017-09-08,580.950012,583.200012,579,580.775024,38078,0.0,1.0
2017-09-11,584,595.799988,580,589.5,18924,0.0,1.0
2017-09-12,609.650024,628.900024,598.049988,605.150024,8885,0.0,1.0
2017-09-13,605.25,611,600,605.900024,1380,0.0,1.0
2017-09-14,608.450012,608.450012,591.099976,592.150024,1559,0.0,1.0
2017-09-15,590,594,584,589.849976,1482,0.0,1.0
2017-09-18,592.549988,597,586,591.549988,1837,0.0,1.0
2017-09-19,591,602.950012,588.299988,590.099976,1511,0.0,1.0
2017-09-20,591,600,591,599.900024,412,0.0,1.0
2017-09-21,594.5,595.450012,588,592.900024,1189,0.0,1.0
2017-09-22,593.5,596.599976,592,593.400024,469,0.0,1.0
2017-09-25,576.650024,582.599976,563.349976,573.400024,212,0.0,1.0
2017-09-26,565.200012,589.599976,561.400024,575,6109,0.0,1.0
2017-09-27,582.200012,588.349976,570.049988,573.75,996,0.0,1.0
2017-09-28,564.700012,568.099976,560,560.349976,421,0.0,1.0
2017-09-29,555,576.950012,550.150024,560.049988,287,0.0,1.0
2017-10-03,573.549988,575,558.049988,566.150024,1037,0.0,1.0
2017-10-04,573,575.450012,560.5,566.049988,265,0.0,1.0
2017-10-05,575,579.549988,558.650024,573.349976,641,0.0,1.0
2017-10-06,584.849976,584.849976,561.25,570.849976,1589,0.0,1.0
2017-10-09,564.049988,569,560,560.099976,693,0.0,1.0
2017-10-10,565,568,552,555.200012,87,0.0,1.0
2017-10-11,561,570,561,569.950012,756,0.0,1.0
2017-10-12,572.900024,572.900024,565,565.5,354,0.0,1.0
2017-10-13,570,570,561.049988,567,80,0.0,1.0
2017-10-16,570,570,565,565,67,0.0,1.0
2017-10-17,566,572.450012,565,570,590,0.0,1.0
2017-10-18,566.150024,570,565,569.900024,189,0.0,1.0
2017-10-19,570,570,545,562.400024,346,0.0,1.0
2017-10-23,557.599976,563.200012,551.25,560,235,0.0,1.0
2017-10-24,560.099976,572.450012,557.5,568.599976,787,0.0,1.0
2017-10-25,565.099976,565.099976,559.5,560.599976,386,0.0,1.0
2017-10-26,562,571,559,563.200012,445,0.0,1.0
2017-10-27,572,572,565,571.150024,1064,0.0,1.0
2017-10-30,572.099976,592.599976,572.099976,582.049988,1204,0.0,1.0
2017-10-31,584,593,574.299988,576.75,3548,0.0,1.0
2017-11-01,575,581.450012,569.099976,578.900024,389,0.0,1.0
2017-11-02,575,591,575,585.599976,1245,0.0,1.0
2017-11-03,580,585,575,581.150024,965,0.0,1.0
2017-11-06,583.650024,592,575,583,1256,0.0,1.0
2017-11-07,577.099976,591,567,571.450012,465,0.0,1.0
2017-11-08,580,581.950012,560,560.5,1244,0.0,1.0
2017-11-09,555,575.799988,555,562,431,0.0,1.0
2017-11-10,562,588,545,576.849976,2594,0.0,1.0
2017-11-13,578,579,559.25,571.150024,371,0.0,1.0
2017-11-14,574.049988,574.049988,560,566.5,292,0.0,1.0
2017-11-15,561,561,544,548.950012,439,0.0,1.0
2017-11-16,554.349976,563,540.349976,555.299988,684,0.0,1.0
2017-11-17,555.599976,575,550.599976,558.150024,390,0.0,1.0
2017-11-20,554.75,560,550,558.549988,342,0.0,1.0
2017-11-21,555,555,550,555,385,0.0,1.0
2017-11-22,550,552.25,546.099976,546.25,301,0.0,1.0
2017-11-23,552,560,552,560,80,0.0,1.0
2017-11-24,564.5,572.5,560,567.299988,591,0.0,1.0
2017-11-27,562.75,589,559.5,572.5,258,0.0,1.0
2017-11-28,582.900024,599.900024,565.049988,570.400024,1153,0.0,1.0
2017-11-29,567.200012,573,565,573,86,0.0,1.0
2017-11-30,573,573.700012,565.049988,565.450012,170,0.0,1.0
2017-12-01,565,570,565,566,113,0.0,1.0
2017-12-04,563,564,551,561,66,0.0,1.0
2017-12-05,561,561,561,561,0,0.0,1.0
2017-12-06,565,565,543,557,234,0.0,1.0
2017-12-07,559.299988,561,548,548,61,0.0,1.0
2017-12-08,560,565,554.299988,560.849976,430,0.0,1.0
2017-12-11,560,570,550,560.450012,938,0.0,1.0
2017-12-12,563.099976,565,550,555,423,0.0,1.0
2017-12-13,557.150024,566,543,543.400024,441,0.0,1.0
2017-12-14,550,553,542,552.700012,228,0.0,1.0
2017-12-15,548.450012,565,533.049988,548,742,0.0,1.0
2017-12-18,550.5,553,549.099976,552.049988,274,0.0,1.0
2017-12-19,551,569,551,565.049988,31753,0.0,1.0
2017-12-20,561,575,551.049988,563.049988,1990,0.0,1.0
2017-12-21,565,573.900024,560,571.099976,818,0.0,1.0
2017-12-22,572.75,579.799988,565.299988,568.950012,340,0.0,1.0
2017-12-26,559.549988,573.400024,559.549988,565,214,0.0,1.0
2017-12-27,560,565,556.099976,564.950012,1125,0.0,1.0
2017-12-28,555,563.599976,552,558.950012,185,0.0,1.0
2017-12-29,550.950012,559.950012,550.650024,555.099976,2031,0.0,1.0
2018-01-01,557,557,551,556.5,605,0.0,1.0
2018-01-02,552,565,550,560,206,0.0,1.0
2018-01-03,562,571,562,564.599976,495,0.0,1.0
2018-01-04,565,608,562,602.650024,2696,0.0,1.0
2018-01-05,637,659.950012,627,644.450012,14391,0.0,1.0
2018-01-08,660,660,630,645.650024,5029,0.0,1.0
2018-01-09,645.200012,648.5,626.950012,633.099976,1710,0.0,1.0
2018-01-10,636.5,637,610.799988,625.25,1203,0.0,1.0
2018-01-11,636.700012,636.700012,621.5,621.950012,1171,0.0,1.0
2018-01-12,624.5,627,606,613.75,780,0.0,1.0
2018-01-15,621.400024,631.900024,618.299988,630.200012,25761,0.0,1.0
2018-01-16,635,657,614,619.700012,4864,0.0,1.0
2018-01-17,631.599976,631.599976,610,623.200012,230,0.0,1.0
2018-01-18,625.5,625.5,601.25,603.599976,793,0.0,1.0
2018-01-19,609.75,612.5,605,611,994,0.0,1.0
2018-01-22,611.200012,611.200012,606,607.599976,223,0.0,1.0
2018-01-23,611.950012,612,603,612,346,0.0,1.0
2018-01-24,603,608.549988,590,591.299988,250,0.0,1.0
2018-01-25,598.25,601.799988,581,592.349976,1057,0.0,1.0
2018-01-29,593,593,575,580.400024,367,0.0,1.0
2018-01-30,575,594.950012,568,579.450012,576,0.0,1.0
2018-01-31,584,584,565,574.200012,122,0.0,1.0
2018-02-01,573.599976,588.950012,573,575.700012,491,0.0,1.0
2018-02-02,555,583,548,554.549988,290,0.0,1.0
2018-02-05,555,574.5,535.650024,559.700012,422,0.0,1.0
2018-02-06,500,568.099976,500,544,436,0.0,1.0
2018-02-07,545,559,536,546.900024,924,0.0,1.0
2018-02-08,545.049988,604.950012,543.349976,581.5,2269,0.0,1.0
2018-02-09,575.049988,599,565.5,574.849976,529,0.0,1.0
2018-02-12,581,593.099976,561.049988,580.950012,798,0.0,1.0
2018-02-14,585,593,582.5,587.200012,446,0.0,1.0
2018-02-15,585,602.849976,583.099976,599,1652,0.0,1.0
2018-02-16,608,614,585,588.400024,1317,0.0,1.0
2018-02-19,579,579,560.049988,569.700012,498,0.0,1.0
2018-02-20,571.75,581,565,565.900024,131,0.0,1.0
2018-02-21,584.900024,584.900024,554,564.349976,782,0.0,1.0
2018-02-22,562,567.549988,562,567.549988,40,0.0,1.0
2018-02-23,570,595.900024,570,585.5,1008,0.0,1.0
2018-02-26,583,587.599976,570,576.799988,30,0.0,1.0
2018-02-27,572.25,579.799988,556,556.599976,818,0.0,1.0
2018-02-28,561.700012,569,561.700012,569,482,0.0,1.0
2018-03-01,565.049988,580,565.049988,568.150024,354,0.0,1.0
2018-03-05,568.049988,568.049988,568,568,124,0.0,1.0
2018-03-06,560.950012,562.5,560.049988,561.049988,234,0.0,1.0
2018-03-07,562,562,535,547.349976,417,0.0,1.0
2018-03-08,548,548,530,540.349976,20399,0.0,1.0
2018-03-09,540.349976,550,540.349976,541,178,0.0,1.0
2018-03-12,537.099976,540.299988,531.25,539,1168,0.0,1.0
2018-03-13,534,549,534,547.950012,715,0.0,1.0
2018-03-14,542,551,542,549.5,590,0.0,1.0
2018-03-15,547.549988,554.900024,547.5,552.25,331,0.0,1.0
2018-03-16,545.150024,550,544,548.950012,315,0.0,1.0
2018-03-19,550,550,512,524.849976,287,0.0,1.0
2018-03-20,521,553.950012,515,524.650024,595,0.0,1.0
2018-03-21,534,534,532,532,75,0.0,1.0
2018-03-22,518,522,516,517.25,21,0.0,1.0
2018-03-23,510.850006,526,506.25,522,696,0.0,1.0
2018-03-26,518,519.950012,510.200012,518,706,0.0,1.0
2018-03-27,523.400024,523.400024,505,520,331,0.0,1.0
2018-03-28,510,510,506,506.700012,539,0.0,1.0
2018-04-02,510.299988,518.650024,503,516,121,0.0,1.0
2018-04-03,518,523.5,503,506.649994,12372,0.0,1.0
2018-04-04,506.649994,506.649994,506.649994,506.649994,0,0.0,1.0
2018-04-05,508.700012,522,508.700012,522,374,0.0,1.0
2018-04-06,525,531,502,513.549988,299,0.0,1.0
2018-04-09,519,519,519,519,11,0.0,1.0
2018-04-10,521,521,514,514.700012,37,0.0,1.0
2018-04-11,519,519,510,514.950012,92,0.0,1.0
2018-04-12,515.099976,519,509,515,259,0.0,1.0
2018-04-13,513,518.849976,504.049988,515.25,33,0.0,1.0
2018-04-16,516.599976,519,502.100006,516.950012,81,0.0,1.0
2018-04-17,505.049988,505.049988,504.100006,504.100006,30,0.0,1.0
2018-04-18,503,509,501,506.799988,260,0.0,1.0
2018-04-19,505,505.25,502,505,268,0.0,1.0
2018-04-20,510.950012,515,506,510,978,0.0,1.0
2018-04-23,505.799988,505.799988,505,505.549988,30,0.0,1.0
2018-04-24,503,527,503,527,225,0.0,1.0
2018-04-25,531,531,509,520,725,0.0,1.0
2018-04-26,520,520,520,520,0,0.0,1.0
2018-04-27,517,527.200012,515,521.049988,151,0.0,1.0
2018-04-30,520.099976,529,520,528.25,65,0.0,1.0
2018-05-02,525.049988,525.049988,525,525,475,0.0,1.0
2018-05-03,521.549988,521.549988,480,489.799988,953,0.0,1.0
2018-05-04,509,509,476.799988,487.549988,2941,0.0,1.0
2018-05-07,502.899994,502.899994,477.149994,480.350006,631,0.0,1.0
2018-05-08,485,494.600006,481,492.25,359,0.0,1.0
2018-05-09,485,503,485,498.299988,245,0.0,1.0
2018-05-10,508,508,495.5,500.049988,68,0.0,1.0
2018-05-11,491,506,491,500,160,0.0,1.0
2018-05-14,514.950012,517,483.700012,495.950012,713,0.0,1.0
2018-05-15,499,499,482.200012,482.200012,77,0.0,1.0
2018-05-16,492.799988,492.799988,492.799988,492.799988,5,0.0,1.0
2018-05-17,492.799988,492.799988,492.799988,492.799988,0,0.0,1.0
2018-05-18,486,489.450012,484,489.450012,52,0.0,1.0
2018-05-21,489,489,477.5,483.549988,179,0.0,1.0
2018-05-22,477,481,476,478.850006,477,0.0,1.0
2018-05-23,486.899994,486.899994,471.5,471.5,4,0.0,1.0
2018-05-24,461.049988,472,461.049988,465.899994,106,0.0,1.0
2018-05-25,465.899994,465.899994,465.899994,465.899994,0,0.0,1.0
2018-05-28,472,475,460,461.299988,996,0.0,1.0
2018-05-29,462,473.899994,459.350006,470.049988,999,0.0,1.0
2018-05-30,466,475,450,468.549988,166,0.0,1.0
2018-05-31,481.850006,482.25,460.049988,472.549988,253,0.0,1.0
2018-06-01,461,470,454.049988,462,359,0.0,1.0
2018-06-04,452,454,433.100006,449.700012,138,0.0,1.0
2018-06-05,422.399994,439.950012,410.600006,417.100006,201,0.0,1.0
2018-06-06,417,430.950012,413,417,97,0.0,1.0
2018-06-07,416.399994,420,416.399994,420,62,0.0,1.0
2018-06-08,420.299988,431.5,420.299988,431.5,85,0.0,1.0
2018-06-11,437.549988,438,431,432.600006,85,0.0,1.0
2018-06-12,425.5,437.450012,414.100006,421.850006,195,0.0,1.0
2018-06-13,430,436,412,431.100006,297,0.0,1.0
2018-06-14,421.5,431.950012,421.5,429.850006,39031,0.0,1.0
2018-06-15,425,430,420,425.75,191,0.0,1.0
2018-06-18,432,432,424,425,356,0.0,1.0
2018-06-19,421,422.950012,414,416.399994,162,0.0,1.0
2018-06-20,416,416,408.200012,415.600006,243,0.0,1.0
2018-06-21,427.950012,428,410.049988,411.100006,612,0.0,1.0
2018-06-22,412,419,403,408.399994,178,0.0,1.0
2018-06-25,405.049988,412.899994,402.700012,406.700012,647,0.0,1.0
2018-06-26,406.700012,406.700012,406.700012,406.700012,0,0.0,1.0
2018-06-27,410.049988,410.049988,397,404.549988,191,0.0,1.0
2018-06-28,407,407,393.049988,402.100006,79,0.0,1.0
2018-06-29,408,408,401.5,403.149994,152,0.0,1.0
2018-07-02,405,422,405,422,320,0.0,1.0
2018-07-03,422.899994,423,409,409.299988,690,0.0,1.0
2018-07-04,417,417,410.25,410.299988,369,0.0,1.0
2018-07-05,404.5,404.5,404.100006,404.100006,98,0.0,1.0
2018-07-06,423,425.649994,420,420,450,0.0,1.0
2018-07-09,422,422,415,415,207,0.0,1.0
2018-07-10,420,420,414,415.5,430,0.0,1.0
2018-07-11,421,421,420.049988,420.049988,10,0.0,1.0
2018-07-12,420.049988,420.049988,420.049988,420.049988,0,0.0,1.0
2018-07-13,420.049988,420.049988,420.049988,420.049988,0,0.0,1.0
2018-07-16,424.5,424.5,415.049988,415.049988,574,0.0,1.0
2018-07-17,425,425,415.049988,415.049988,363,0.0,1.0
2018-07-18,415.049988,415.049988,415.049988,415.049988,0,0.0,1.0
2018-07-19,405.5,405.5,405.5,405.5,7,0.0,1.0
2018-07-20,404.5,404.5,404.5,404.5,2,0.0,1.0
2018-07-23,410,410,405,410,119,0.0,1.0
2018-07-24,418,444,417,439.950012,2192,0.0,1.0
2018-07-25,439.950012,450,433,439.450012,670,0.0,1.0
2018-07-26,445,445,437.700012,441.5,112,0.0,1.0
2018-07-27,451,460.950012,451,459.5,97,0.0,1.0
2018-07-30,458,458,447,447.5,87,0.0,1.0
2018-07-31,450,450,450,450,53,0.0,1.0
2018-08-01,452,460,450.5,457.5,385,0.0,1.0
2018-08-02,450.200012,465,450.200012,462,370,3.04920,1.0
2018-08-03,463.950012,473.799988,462,473,141,0.0,1.0
2018-08-06,470,476.950012,454.25,465,789,0.0,1.0
2018-08-07,457.049988,474,456,465.850006,345,0.0,1.0
2018-08-08,451,457.950012,435,440,557,0.0,1.0
2018-08-09,450,454.899994,434,438.049988,685,0.0,1.0
2018-08-10,473.799988,514,436.100006,439.950012,968,0.0,1.0
2018-08-13,433,433,421.100006,425.25,96,0.0,1.0
2018-08-14,422,432,420,421.049988,197,0.0,1.0
2018-08-16,425,425.350006,425,425.350006,140,0.0,1.0
2018-08-17,428,428,414.799988,419,1373,0.0,1.0
2018-08-20,411,412.399994,402.450012,405,911,0.0,1.0
2018-08-21,410,416.649994,407,407,511,0.0,1.0
2018-08-23,417,417,407.149994,415,161,0.0,1.0
2018-08-24,410,410,410,410,100,0.0,1.0
2018-08-27,433,433,402.5,410,220,0.0,1.0
2018-08-28,406.649994,413,402.100006,402.799988,133,0.0,1.0
2018-08-29,408,408,401.850006,404.399994,616,0.0,1.0
2018-08-30,401.600006,414.75,401.600006,414.75,231,0.0,1.0
2018-08-31,418.899994,421.850006,410,419,478,0.0,1.0
2018-09-03,410,433.25,410,423.799988,401,0.0,1.0
2018-09-04,415.5,420,412.200012,414.649994,111,0.0,1.0
2018-09-05,423.5,423.5,412.049988,414,100,0.0,1.0
2018-09-06,415,416,415,415.5,64,0.0,1.0
2018-09-07,421,423.700012,417.5,420.5,3936,0.0,1.0
2018-09-10,432.899994,432.899994,419.049988,419.049988,3058,0.0,1.0
2018-09-11,424.600006,424.600006,415.200012,415.200012,45,0.0,1.0
2018-09-12,420.5,420.899994,405.049988,417.200012,626,0.0,1.0
2018-09-14,424.399994,424.399994,424.399994,424.399994,101,0.0,1.0
2018-09-17,427,429,411.299988,419.200012,527,0.0,1.0
2018-09-18,422,422,413,416.5,75,0.0,1.0
2018-09-19,423,423,406.5,418.299988,409,0.0,1.0
2018-09-21,400.149994,400.149994,400.149994,400.149994,2,0.0,1.0
2018-09-24,393.100006,400.649994,378.25,383.700012,230,0.0,1.0
2018-09-25,380.700012,391.649994,379.100006,386.450012,288,0.0,1.0
2018-09-26,382.549988,382.549988,380,381,62,0.0,1.0
2018-09-27,394,401.450012,384.25,384.450012,657,0.0,1.0
2018-09-28,386,394.549988,375,389,380,0.0,1.0
2018-10-01,380,383.899994,369.100006,370.100006,361,0.0,1.0
2018-10-03,368,383,368,368.200012,12,0.0,1.0
2018-10-04,384.899994,384.899994,359.200012,370.700012,597,0.0,1.0
2018-10-05,380,380,362,364.549988,64,0.0,1.0
2018-10-08,360.5,360.5,360,360,8,0.0,1.0
2018-10-09,360,378,354,364.899994,88,0.0,1.0
2018-10-10,365,390,364.899994,381.350006,57,0.0,1.0
2018-10-11,381.350006,381.350006,381.350006,381.350006,0,0.0,1.0
2018-10-12,359.799988,394.5,359.799988,377.899994,1524,0.0,1.0
2018-10-15,371.399994,375,368.399994,369.149994,136,0.0,1.0
2018-10-16,378,382,375.200012,376.5,163,0.0,1.0
2018-10-17,376.5,376.5,376.5,376.5,0,0.0,1.0
2018-10-19,356,365,355,362.100006,148,0.0,1.0
2018-10-22,345,370,326.200012,358.600006,1145,0.0,1.0
2018-10-23,340,352,340,352,14,0.0,1.0
2018-10-24,344,352,344,351,471,0.0,1.0
2018-10-25,365,370,342.5,346.899994,220,0.0,1.0
2018-10-26,346.899994,346.899994,346.899994,346.899994,0,0.0,1.0
2018-10-29,359.950012,367,359.950012,367,577,0.0,1.0
2018-10-30,370,370,360.049988,360.049988,7,0.0,1.0
2018-10-31,356.100006,356.100006,356.100006,356.100006,6,0.0,1.0
2018-11-01,368,368,368,368,119,0.0,1.0
2018-11-02,370,382,352.5,354.350006,1572,0.0,1.0
2018-11-05,354.350006,354.350006,354.350006,354.350006,0,0.0,1.0
2018-11-06,354.350006,354.350006,354.350006,354.350006,0,0.0,1.0
2018-11-07,354.350006,354.350006,354.350006,354.350006,0,0.0,1.0
2018-11-09,377.5,377.5,366,366,97,0.0,1.0
2018-11-12,366.200012,366.200012,350.049988,353.350006,354,0.0,1.0
2018-11-13,353,385,351,364.700012,2807,0.0,1.0
2018-11-14,375,375,367.100006,372.5,239,0.0,1.0
2018-11-15,362,385,355.549988,374.850006,256,0.0,1.0
2018-11-16,384,385,366,368.5,4264,0.0,1.0
2018-11-19,380,380,375,375,19,0.0,1.0
2018-11-20,375,375,375,375,0,0.0,1.0
2018-11-21,375,375,375,375,0,0.0,1.0
2018-11-22,368,379.899994,367.549988,370.549988,259,0.0,1.0
2018-11-26,390,390,366.049988,381.299988,1024,0.0,1.0
2018-11-27,375,375,375,375,33,0.0,1.0
2018-11-28,375,375,375,375,0,0.0,1.0
2018-11-29,385,385,380,380,225,0.0,1.0
2018-11-30,385.25,392,380.25,380.600006,827,0.0,1.0
2018-12-03,390,390,381.049988,381.049988,101,0.0,1.0
2018-12-04,386.299988,386.350006,386.299988,386.299988,220,0.0,1.0
2018-12-05,393.899994,394.5,390,390,268,0.0,1.0
2018-12-06,379,379,375,375.950012,16,0.0,1.0
2018-12-07,388.950012,388.950012,375,375.75,65,0.0,1.0
2018-12-10,376,376,376,376,5,0.0,1.0
2018-12-11,368.5,376,368.5,372.049988,86,0.0,1.0
2018-12-12,380,385,380,385,51,0.0,1.0
2018-12-13,385,386.950012,385,386.950012,31,0.0,1.0
2018-12-14,386.950012,386.950012,386.950012,386.950012,0,0.0,1.0
2018-12-17,386.950012,386.950012,386.950012,386.950012,0,0.0,1.0
2018-12-18,403.899994,405,400,400.100006,146,0.0,1.0
2018-12-19,411,427,395,400.049988,2043,0.0,1.0
2018-12-20,401,414.950012,398.200012,398.200012,33,0.0,1.0
2018-12-21,404,404,397.25,397.25,202,0.0,1.0
2018-12-24,397.25,397.25,397.25,397.25,0,0.0,1.0
2018-12-26,402.049988,402.049988,402.049988,402.049988,100,0.0,1.0
2018-12-27,407,407,402,402,250,0.0,1.0
2018-12-28,405,405,402.5,402.5,190,0.0,1.0
2018-12-31,405,419.950012,405,419.5,161,0.0,1.0
2019-01-01,409,409,400,400.25,76,0.0,1.0
2019-01-02,396.100006,399,390.200012,398.950012,51,0.0,1.0
2019-01-03,390,393,385.049988,389.100006,35,0.0,1.0
2019-01-04,398,398,398,398,1,0.0,1.0
2019-01-07,401,405.5,400,402.149994,480,0.0,1.0
2019-01-08,402.149994,402.149994,402.149994,402.149994,0,0.0,1.0
2019-01-09,397,397,397,397,100,0.0,1.0
2019-01-10,385.5,385.5,385.5,385.5,2,0.0,1.0
2019-01-11,384,408.950012,384,390.049988,255,0.0,1.0
2019-01-14,386,386,385.049988,385.5,11,0.0,1.0
2019-01-15,385.5,385.5,385.5,385.5,0,0.0,1.0
2019-01-16,400,400,395,395,3,0.0,1.0
2019-01-17,390.049988,407,390.049988,400.450012,183,0.0,1.0
2019-01-18,396.049988,398,396.049988,396.25,12,0.0,1.0
2019-01-21,400,400,389.850006,395.549988,336,0.0,1.0
2019-01-22,395,399.5,379,391,121,0.0,1.0
2019-01-23,391,391,391,391,0,0.0,1.0
2019-01-24,391,391,391,391,0,0.0,1.0
2019-01-25,391,391,391,391,500,0.0,1.0
2019-01-28,391,391,391,391,0,0.0,1.0
2019-01-29,397,397,377,377,105,0.0,1.0
2019-01-30,377,377,377,377,0,0.0,1.0
2019-01-31,376.5,385,376.5,385,125,0.0,1.0
2019-02-01,379,379,379,379,400,0.0,1.0
2019-02-04,379,379,379,379,0,0.0,1.0
2019-02-05,380,380,370,375,200,0.0,1.0
2019-02-06,375,375,375,375,0,0.0,1.0
2019-02-07,375,375,375,375,0,0.0,1.0
2019-02-08,360,360,360,360,15,0.0,1.0
2019-02-11,347,360,347,355,39,0.0,1.0
2019-02-12,355,408,341,366.299988,10963,0.0,1.0
2019-02-14,362,364,358.549988,358.549988,31,0.0,1.0
2019-02-15,365,365,355.200012,355.200012,35,0.0,1.0
2019-02-18,375,375,345,345.350006,140,0.0,1.0
2019-02-19,330,353.850006,330,347.899994,224,0.0,1.0
2019-02-20,351,351,334,337.75,642,0.0,1.0
2019-02-21,349,352,344.149994,350.450012,217,0.0,1.0
2019-02-22,356,356,348.549988,353.049988,101,0.0,1.0
2019-02-25,355,375,355,365,519,0.0,1.0
2019-02-26,365,366,356.5,361.899994,1317,0.0,1.0
2019-02-27,370,410,369.950012,383.149994,1992,0.0,1.0
2019-02-28,381,381,367.200012,377.299988,1688,0.0,1.0
2019-03-01,377.850006,399.899994,377.850006,391.399994,1012,0.0,1.0
2019-03-05,399.700012,421,399.700012,420.649994,967,0.0,1.0
2019-03-06,428,428,414.049988,427.950012,362,0.0,1.0
2019-03-07,436,436,410,419,864,0.0,1.0
2019-03-08,419,419,419,419,0,0.0,1.0
2019-03-11,422,449.799988,422,438.700012,1912,0.0,1.0
2019-03-12,451,458.950012,436,446.100006,858,0.0,1.0
2019-03-13,445,455,436.399994,440,241,0.0,1.0
2019-03-14,445,451.950012,444.049988,444.049988,42,0.0,1.0
2019-03-15,451.899994,451.899994,433.200012,433.200012,235,0.0,1.0
2019-03-18,435,435.5,418.049988,418.049988,375,0.0,1.0
2019-03-19,423,433.5,418.100006,419.5,475,0.0,1.0
2019-03-20,419.5,421,418,418.75,195,0.0,1.0
2019-03-22,436,436,410,418,601,0.0,1.0
2019-03-25,411.5,419,411.5,419,179,0.0,1.0
2019-03-26,420,420,407.149994,408.100006,213,0.0,1.0
2019-03-27,414,415.5,400.100006,411.049988,698,0.0,1.0
2019-03-28,412,419.899994,412,414.950012,160,0.0,1.0
2019-04-01,440,440,421.399994,427.600006,815,0.0,1.0
2019-04-02,423,433,423,429.049988,29,0.0,1.0
2019-04-03,435,435,427.5,427.5,850,0.0,1.0
2019-04-04,421,421,416.5,416.549988,100,0.0,1.0
2019-04-05,419,424,419,420,373,0.0,1.0
2019-04-08,437,437,416.299988,416.299988,264,0.0,1.0
2019-04-09,411,411,407.049988,409,384,0.0,1.0
2019-04-10,409.100006,414,404,404.049988,269,0.0,1.0
2019-04-11,404.049988,404.049988,404.049988,404.049988,0,0.0,1.0
2019-04-12,404.049988,404.049988,404.049988,404.049988,0,0.0,1.0
2019-04-15,412,415,412,412.600006,22,0.0,1.0
2019-04-16,412.600006,412.600006,401.100006,410,394,0.0,1.0
2019-04-18,403.600006,403.600006,403,403,60,0.0,1.0
2019-04-22,400,400,388,398.25,417,0.0,1.0
2019-04-23,389,407.899994,389,391,238,0.0,1.0
2019-04-24,391,391,391,391,0,0.0,1.0
2019-04-25,423,442.5,423,429.049988,3021,0.0,1.0
2019-04-26,431.950012,431.950012,402.049988,412.149994,406,0.0,1.0
2019-04-30,408,408,399,402.049988,110,0.0,1.0
2019-05-02,402.049988,402.049988,402.049988,402.049988,0,0.0,1.0
2019-05-03,400,409,400,402,86,0.0,1.0
2019-05-06,402,402,398,398,85,0.0,1.0
2019-05-07,408,408,391.049988,392,48,0.0,1.0
2019-05-08,391,417.950012,391,403.049988,1551,0.0,1.0
2019-05-09,396.149994,396.149994,395,395,37,0.0,1.0
2019-05-10,398,398.100006,389,393.25,113,0.0,1.0
2019-05-13,383.5,389,372.049988,378.899994,216,0.0,1.0
2019-05-14,387.899994,387.899994,379,381.149994,31,0.0,1.0
2019-05-15,375,387.950012,368,371.950012,476,0.0,1.0
2019-05-16,385,390,381,386.950012,129,0.0,1.0
2019-05-17,387,387,374.100006,377.450012,246,0.0,1.0
2019-05-20,385.049988,413,385.049988,410,343,0.0,1.0
2019-05-21,400.049988,416.950012,397.049988,403.799988,601,0.0,1.0
2019-05-22,400.049988,400.049988,400.049988,400.049988,1050,0.0,1.0
2019-05-23,415,420,408.5,417,2042,0.0,1.0
2019-05-24,417,439.950012,417,435.049988,930,0.0,1.0
2019-05-27,435,486.600006,435,471.299988,2881,0.0,1.0
2019-05-28,478,484.899994,432.100006,437.149994,4899,0.0,1.0
2019-05-29,435,440,426.75,427.5,379,0.0,1.0
2019-05-30,425,433,398.75,416.299988,3005,0.0,1.0
2019-05-31,430,430,399,419.049988,1129,0.0,1.0
2019-06-03,425,431.149994,411.049988,424.600006,499,0.0,1.0
2019-06-04,422,422,403.700012,408.149994,442,0.0,1.0
2019-06-06,406.5,406.700012,395.100006,399.950012,518,0.0,1.0
2019-06-07,395,410.799988,395,404.700012,674,0.0,1.0
2019-06-10,401.049988,407,400,400.049988,103,0.0,1.0
2019-06-11,404,404,396.100006,396.25,198,0.0,1.0
2019-06-12,397,399,397,397.850006,52,0.0,1.0
2019-06-13,399,399,399,399,34,0.0,1.0
2019-06-14,399.5,399.5,392,392,104,0.0,1.0
2019-06-17,384,397.899994,384,394,34,0.0,1.0
2019-06-18,400,400,391.5,391.5,2,0.0,1.0
2019-06-19,392.049988,392.049988,386.5,386.5,193,0.0,1.0
2019-06-20,385,392,383,391.5,640,0.0,1.0
2019-06-21,404,404,385,391.549988,466,0.0,1.0
2019-06-24,390.049988,390.049988,383,386.649994,1036,0.0,1.0
2019-06-25,391.899994,391.899994,391,391,9,0.0,1.0
2019-06-26,392,411.700012,391.049988,404.100006,910,0.0,1.0
2019-06-27,402,402,398.049988,398.049988,22,0.0,1.0
2019-06-28,398.549988,399.700012,392,392,20,0.0,1.0
2019-07-01,407,407,396,396,94,0.0,1.0
2019-07-02,396,396,396,396,0,0.0,1.0
2019-07-03,390.200012,391.950012,387.100006,387.100006,575,0.0,1.0
2019-07-04,390,397,390,396,518,0.0,1.0
2019-07-05,401.799988,401.799988,387,388.75,262,0.0,1.0
2019-07-08,383,386.799988,371.100006,384.799988,292,0.0,1.0
2019-07-09,377,385,377,385,52,0.0,1.0
2019-07-10,386.5,386.5,385,385.100006,19,0.0,1.0
2019-07-11,384.950012,384.950012,384.950012,384.950012,2,0.0,1.0
2019-07-12,379,380.149994,378.549988,380.149994,41,0.0,1.0
2019-07-15,385,385,372,372.25,155,0.0,1.0
2019-07-16,367,367.75,361.25,361.299988,130,0.0,1.0
2019-07-17,361.299988,361.299988,361.299988,361.299988,0,0.0,1.0
2019-07-18,361.299988,361.299988,361.299988,361.299988,0,0.0,1.0
2019-07-19,370,370,370,370,50,0.0,1.0
2019-07-22,370,370,357.100006,359.200012,34,0.0,1.0
2019-07-23,357,357,355,355,36,0.0,1.0
2019-07-24,331.299988,419,331.299988,348.549988,245,0.0,1.0
2019-07-25,357,368.700012,352.049988,367.950012,288,0.0,1.0
2019-07-26,360.200012,370,360.200012,366.149994,239,0.0,1.0
